/*--------------------------------*- C++ -*----------------------------------*\
| =========                 |                                                 |
| \\      /  F ield         | OpenFOAM: The Open Source CFD Toolbox           |
|  \\    /   O peration     | Version:  5.x                                   |
|   \\  /    A nd           | Web:      www.OpenFOAM.org                      |
|    \\/     M anipulation  |                                                 |
\*---------------------------------------------------------------------------*/
FoamFile
{
    version     2.0;
    format      ascii;
    class       faceList;
    location    "constant/polyMesh";
    object      faces;
}
// * * * * * * * * * * * * * * * * * * * * * * * * * * * * * * * * * * * * * //


4552
(
3(0 873 333)
4(0 333 878 332)
3(332 878 200)
4(878 333 873 200)
3(914 855 208)
4(855 345 918 208)
4(918 346 914 208)
3(348 921 347)
3(916 857 209)
4(857 347 921 209)
4(921 348 916 209)
4(919 351 859 211)
3(859 929 211)
4(929 352 919 211)
4(1 354 862 353)
4(1 353 922 355)
4(1 355 931 354)
4(922 353 862 1338)
4(862 354 931 1338)
4(931 355 922 1338)
4(2 357 865 356)
4(2 356 925 358)
4(2 358 1523 357)
4(925 356 865 1339)
4(865 357 1523 1339)
4(1523 358 925 1339)
4(3 360 866 359)
4(3 359 927 361)
4(927 359 866 212)
4(866 360 934 212)
4(934 361 927 212)
4(3 361 934 360)
3(363 932 364)
4(932 363 868 213)
3(868 939 213)
4(939 364 932 213)
4(4 366 871 365)
4(4 367 941 366)
4(4 365 1524 367)
4(1524 365 871 1340)
4(871 366 941 1340)
4(941 367 1524 1340)
4(5 369 874 368)
4(5 368 1526 1414)
4(5 1414 1528 369)
4(1526 368 874 1341)
4(874 369 1528 1341)
4(1528 1414 1526 1341)
4(6 371 875 370)
4(6 370 936 372)
4(936 370 875 214)
4(875 371 944 214)
4(944 372 936 214)
4(6 372 944 371)
3(374 942 375)
4(942 374 877 215)
3(877 949 215)
4(949 375 942 215)
4(7 377 880 376)
4(7 378 951 377)
4(7 376 1529 378)
4(1529 376 880 1342)
4(880 377 951 1342)
4(951 378 1529 1342)
4(8 380 883 379)
4(8 379 1531 1415)
4(8 1415 1533 380)
4(1531 379 883 1343)
4(883 380 1533 1343)
4(1533 1415 1531 1343)
4(9 382 884 381)
4(9 381 946 383)
4(946 381 884 216)
4(884 382 954 216)
4(954 383 946 216)
4(9 383 954 382)
3(385 952 386)
4(952 385 886 217)
3(886 959 217)
4(959 386 952 217)
4(10 388 889 387)
4(10 389 961 388)
4(10 387 1534 389)
4(1534 387 889 1344)
4(889 388 961 1344)
4(961 389 1534 1344)
4(11 391 892 390)
4(11 390 1536 1416)
4(11 1416 1538 391)
4(1536 390 892 1345)
4(892 391 1538 1345)
4(1538 1416 1536 1345)
4(12 393 893 392)
4(12 392 956 394)
4(956 392 893 218)
4(893 393 964 218)
4(964 394 956 218)
4(12 394 964 393)
3(396 962 397)
4(962 396 895 219)
3(895 969 219)
4(969 397 962 219)
4(13 399 898 398)
4(13 400 971 399)
4(13 398 1539 400)
4(1539 398 898 1346)
4(898 399 971 1346)
4(971 400 1539 1346)
4(14 402 901 401)
4(14 401 1541 1417)
4(14 1417 1543 402)
4(1541 401 901 1347)
4(901 402 1543 1347)
4(1543 1417 1541 1347)
4(15 404 902 403)
4(15 403 966 405)
4(966 403 902 220)
4(902 404 975 220)
4(975 405 966 220)
4(15 405 975 404)
3(407 972 408)
4(972 407 903 221)
4(981 408 972 221)
4(16 410 906 409)
4(16 411 982 410)
4(974 409 906 222)
4(906 410 982 222)
4(982 411 974 222)
4(16 409 974 411)
4(17 413 908 412)
4(17 414 985 413)
4(976 412 908 223)
4(908 413 985 223)
4(985 414 976 223)
4(17 412 976 414)
4(18 415 978 417)
4(18 417 988 416)
4(978 415 909 224)
4(909 416 988 224)
4(988 417 978 224)
4(19 419 986 421)
4(19 421 994 420)
4(986 419 910 226)
4(910 420 994 226)
4(994 421 986 226)
4(20 423 911 422)
4(20 422 989 424)
4(20 424 997 423)
4(989 422 911 227)
4(911 423 997 227)
4(997 424 989 227)
3(21 992 426)
4(21 426 1000 425)
3(425 1000 228)
4(1000 426 992 228)
4(22 427 998 428)
4(998 427 912 229)
4(1005 428 998 229)
4(23 429 1001 431)
4(23 431 1007 430)
4(1001 429 913 230)
4(913 430 1007 230)
4(1007 431 1001 230)
4(1018 439 920 235)
4(920 440 1026 235)
3(1026 1018 235)
4(25 442 923 441)
4(25 441 1020 443)
4(25 443 1028 442)
4(1020 441 923 1348)
4(923 442 1028 1348)
4(1028 443 1020 1348)
4(26 445 926 444)
4(26 444 1023 446)
4(26 446 1546 445)
4(1023 444 926 1349)
4(926 445 1546 1349)
4(1546 446 1023 1349)
4(27 448 928 447)
4(27 447 1025 449)
4(1025 447 928 236)
4(928 448 1031 236)
4(1031 449 1025 236)
4(27 449 1031 448)
4(28 452 933 451)
4(28 451 1029 453)
4(28 453 1036 452)
4(1029 451 933 1350)
4(933 452 1036 1350)
4(1036 453 1029 1350)
4(29 455 1525 454)
4(29 454 1547 456)
4(29 456 1551 455)
4(1547 454 1525 1351)
4(1525 455 1551 1351)
4(1551 456 1547 1351)
4(30 1418 1527 457)
4(30 457 1549 1419)
4(30 1419 1554 1418)
4(1549 457 1527 1352)
4(1527 1418 1554 1352)
4(1554 1419 1549 1352)
4(31 459 937 458)
4(31 458 1033 460)
4(31 460 1557 459)
4(1033 458 937 1353)
4(937 459 1557 1353)
4(1557 460 1033 1353)
3(32 461 938)
4(938 461 1039 238)
4(1039 462 1035 238)
4(32 462 1039 461)
4(33 465 943 464)
4(33 466 1042 465)
4(33 464 1552 466)
4(1552 464 943 1354)
4(943 465 1042 1354)
4(1042 466 1552 1354)
4(34 467 1530 1420)
4(34 1420 1555 1421)
4(34 1421 1562 467)
4(1555 1420 1530 1355)
4(1530 467 1562 1355)
4(1562 1421 1555 1355)
4(35 1423 1532 1422)
4(35 1422 1558 1424)
4(35 1424 1565 1423)
4(1558 1422 1532 1356)
4(1532 1423 1565 1356)
4(1565 1424 1558 1356)
4(36 469 947 468)
4(36 468 1560 1425)
4(36 1425 1568 469)
4(1560 468 947 1357)
4(947 469 1568 1357)
4(1568 1425 1560 1357)
4(37 471 948 470)
4(37 470 1040 472)
4(948 471 1045 240)
4(1045 472 1040 240)
4(37 472 1045 471)
4(38 475 953 474)
4(38 476 1048 475)
4(38 474 1563 476)
4(1563 474 953 1358)
4(953 475 1048 1358)
4(1048 476 1563 1358)
4(39 477 1535 1426)
4(39 1426 1566 1427)
4(39 1427 1573 477)
4(1566 1426 1535 1359)
4(1535 477 1573 1359)
4(1573 1427 1566 1359)
4(40 1429 1537 1428)
4(40 1428 1569 1430)
4(40 1430 1576 1429)
4(1569 1428 1537 1360)
4(1537 1429 1576 1360)
4(1576 1430 1569 1360)
4(41 479 957 478)
4(41 478 1571 1431)
4(41 1431 1579 479)
4(1571 478 957 1361)
4(957 479 1579 1361)
4(1579 1431 1571 1361)
4(42 481 958 480)
4(42 480 1046 482)
4(958 481 1051 242)
4(1051 482 1046 242)
4(42 482 1051 481)
4(43 485 963 484)
4(43 486 1054 485)
4(43 484 1574 486)
4(1574 484 963 1362)
4(963 485 1054 1362)
4(1054 486 1574 1362)
4(44 487 1540 1432)
4(44 1432 1577 1433)
4(44 1433 1584 487)
4(1577 1432 1540 1363)
4(1540 487 1584 1363)
4(1584 1433 1577 1363)
4(45 1435 1542 1434)
4(45 1434 1580 1436)
4(45 1436 1587 1435)
4(1580 1434 1542 1364)
4(1542 1435 1587 1364)
4(1587 1436 1580 1364)
4(46 489 967 488)
4(46 488 1582 1437)
4(46 1437 1590 489)
4(1582 488 967 1365)
4(967 489 1590 1365)
4(1590 1437 1582 1365)
4(47 491 968 490)
4(47 490 1052 492)
4(968 491 1057 244)
4(1057 492 1052 244)
4(47 492 1057 491)
4(48 495 973 494)
4(48 496 1060 495)
4(48 494 1585 496)
4(1585 494 973 1366)
4(973 495 1060 1366)
4(1060 496 1585 1366)
4(49 497 1544 1438)
4(49 1438 1588 1439)
4(49 1439 1595 497)
4(1588 1438 1544 1367)
4(1544 497 1595 1367)
4(1595 1439 1588 1367)
4(50 1441 1545 1440)
4(50 1440 1591 1442)
4(50 1442 1597 1441)
4(1591 1440 1545 1368)
4(1545 1441 1597 1368)
4(1597 1442 1591 1368)
4(51 499 979 498)
4(51 498 1593 1443)
4(51 1443 1600 499)
4(1593 498 979 1369)
4(979 499 1600 1369)
4(1600 1443 1593 1369)
4(52 501 980 500)
4(52 500 1058 502)
4(980 501 1064 246)
4(1064 502 1058 246)
4(52 502 1064 501)
4(53 505 984 504)
4(53 506 1068 505)
4(1063 504 984 248)
4(984 505 1068 248)
4(1068 506 1063 248)
4(53 504 1063 506)
4(54 508 987 507)
4(54 509 1071 508)
4(54 507 1598 509)
4(1598 507 987 1370)
4(987 508 1071 1370)
4(1071 509 1598 1370)
4(55 511 990 510)
4(55 510 1601 1444)
4(55 1444 1604 511)
4(1601 510 990 1371)
4(990 511 1604 1371)
4(1604 1444 1601 1371)
4(56 513 993 512)
4(1065 512 993 249)
4(993 513 1074 249)
4(1074 514 1065 249)
4(56 512 1065 514)
4(56 514 1074 513)
4(57 515 1066 517)
4(57 517 1075 516)
3(516 1075 250)
4(1075 517 1066 250)
4(58 519 996 518)
4(58 518 1072 520)
4(1072 518 996 251)
4(996 519 1080 251)
4(1080 520 1072 251)
4(59 522 999 521)
4(59 523 1081 522)
4(59 521 1605 523)
4(1605 521 999 1372)
4(999 522 1081 1372)
4(1081 523 1605 1372)
4(60 525 1002 524)
4(60 524 1607 1445)
4(60 1445 1609 525)
4(1607 524 1002 1373)
4(1002 525 1609 1373)
4(1609 1445 1607 1373)
4(61 527 1004 526)
4(61 526 1076 528)
4(1076 526 1004 252)
4(1004 527 1084 252)
4(1084 528 1076 252)
4(61 528 1084 527)
4(63 531 1082 532)
4(1082 531 1006 253)
4(1088 532 1082 253)
4(64 534 1009 533)
4(64 535 1089 534)
4(64 533 1610 535)
4(1610 533 1009 1374)
4(1009 534 1089 1374)
4(1089 535 1610 1374)
4(65 537 1012 536)
4(65 536 1612 1446)
4(65 1446 1614 537)
4(1612 536 1012 1375)
4(1012 537 1614 1375)
4(1614 1446 1612 1375)
4(66 539 1013 538)
4(66 538 1086 540)
4(1086 538 1013 254)
4(1013 539 1093 254)
4(1093 540 1086 254)
4(66 540 1093 539)
4(68 544 1015 543)
4(68 545 1098 544)
4(1092 543 1015 256)
4(1015 544 1098 256)
4(1098 545 1092 256)
4(68 543 1092 545)
4(69 547 1016 546)
4(69 548 1100 547)
4(1094 546 1016 257)
4(1016 547 1100 257)
4(1100 548 1094 257)
4(69 546 1094 548)
4(70 549 1096 551)
4(70 551 1103 550)
4(1103 551 1096 258)
4(71 554 1104 555)
3(71 555 1107)
4(1107 555 1104 260)
3(561 1030 560)
4(1111 560 1030 263)
4(1030 561 1119 263)
3(1119 1111 263)
4(72 562 1113 564)
4(72 564 1121 563)
4(72 563 1548 562)
4(1113 562 1548 1376)
4(1548 563 1121 1376)
4(1121 564 1113 1376)
4(73 565 1116 566)
4(73 1447 1550 565)
4(73 566 1617 1447)
4(1116 565 1550 1377)
4(1550 1447 1617 1377)
4(1617 566 1116 1377)
4(74 568 1034 567)
4(74 567 1118 569)
4(1118 567 1034 264)
4(1034 568 1125 264)
4(1125 569 1118 264)
4(74 569 1125 568)
4(75 572 1122 574)
4(75 574 1131 573)
4(75 573 1553 572)
4(1122 572 1553 1378)
4(1553 573 1131 1378)
4(1131 574 1122 1378)
4(76 1449 1556 1448)
4(76 1448 1618 575)
4(76 575 1620 1449)
4(1618 1448 1556 1379)
4(1556 1449 1620 1379)
4(1620 575 1618 1379)
4(77 1451 1559 1450)
4(77 1450 1619 1452)
4(77 1452 1622 1451)
4(1619 1450 1559 1380)
4(1559 1451 1622 1380)
4(1622 1452 1619 1380)
4(78 576 1128 577)
4(78 1453 1561 576)
4(78 577 1625 1453)
4(1128 576 1561 1381)
4(1561 1453 1625 1381)
4(1625 577 1128 1381)
4(79 579 1041 578)
4(79 578 1130 580)
4(1041 579 1135 266)
4(1135 580 1130 266)
4(79 580 1135 579)
4(80 583 1139 582)
4(80 582 1564 1454)
4(80 1454 1621 583)
4(1621 1454 1564 1382)
4(1564 582 1139 1382)
4(1139 583 1621 1382)
4(81 1456 1567 1455)
4(81 1455 1623 1457)
4(81 1457 1629 1456)
4(1623 1455 1567 1383)
4(1567 1456 1629 1383)
4(1629 1457 1623 1383)
4(82 1459 1570 1458)
4(82 1458 1626 1460)
4(82 1460 1631 1459)
4(1626 1458 1570 1384)
4(1570 1459 1631 1384)
4(1631 1460 1626 1384)
4(83 1462 1572 1461)
4(83 1461 1628 1463)
4(83 1463 1634 1462)
4(1628 1461 1572 1385)
4(1572 1462 1634 1385)
4(1634 1463 1628 1385)
4(84 585 1047 584)
4(84 584 1137 586)
4(1047 585 1143 268)
4(1143 586 1137 268)
4(84 586 1143 585)
4(85 588 1050 587)
3(85 587 1140)
4(1140 587 1050 269)
3(1050 588 269)
4(86 590 1147 589)
4(86 589 1575 1464)
4(86 1464 1630 590)
4(1630 1464 1575 1386)
4(1575 589 1147 1386)
4(1147 590 1630 1386)
4(87 1466 1578 1465)
4(87 1465 1632 1467)
4(87 1467 1638 1466)
4(1632 1465 1578 1387)
4(1578 1466 1638 1387)
4(1638 1467 1632 1387)
4(88 1469 1581 1468)
4(88 1468 1635 1470)
4(88 1470 1640 1469)
4(1635 1468 1581 1388)
4(1581 1469 1640 1388)
4(1640 1470 1635 1388)
4(89 1472 1583 1471)
4(89 1471 1637 1473)
4(89 1473 1643 1472)
4(1637 1471 1583 1389)
4(1583 1472 1643 1389)
4(1643 1473 1637 1389)
4(90 592 1053 591)
4(90 591 1145 593)
4(1145 591 1053 270)
4(1053 592 1151 270)
4(1151 593 1145 270)
4(90 593 1151 592)
4(92 597 1155 596)
4(92 596 1586 1474)
4(92 1474 1639 597)
4(1639 1474 1586 1390)
4(1586 596 1155 1390)
4(1155 597 1639 1390)
4(93 1476 1589 1475)
4(93 1475 1641 1477)
4(93 1477 1647 1476)
4(1641 1475 1589 1391)
4(1589 1476 1647 1391)
4(1647 1477 1641 1391)
4(94 1479 1592 1478)
4(94 1478 1644 1480)
4(94 1480 1649 1479)
4(1644 1478 1592 1392)
4(1592 1479 1649 1392)
4(1649 1480 1644 1392)
4(95 1482 1594 1481)
4(95 1481 1646 1483)
4(95 1483 1652 1482)
4(1646 1481 1594 1393)
4(1594 1482 1652 1393)
4(1652 1483 1646 1393)
4(96 599 1059 598)
4(96 598 1153 600)
4(1059 599 1159 272)
4(1159 600 1153 272)
4(96 600 1159 599)
4(97 603 1163 602)
4(97 602 1596 1484)
4(97 1484 1648 603)
4(1648 1484 1596 1394)
4(1596 602 1163 1394)
4(1163 603 1648 1394)
4(98 1486 1599 1485)
4(98 1485 1650 1487)
4(98 1487 1656 1486)
4(1650 1485 1599 1395)
4(1599 1486 1656 1395)
4(1656 1487 1650 1395)
4(99 1489 1602 1488)
4(99 1488 1653 1490)
4(99 1490 1657 1489)
4(1653 1488 1602 1396)
4(1602 1489 1657 1396)
4(1657 1490 1653 1396)
4(100 1492 1603 1491)
4(100 1491 1655 1493)
4(100 1493 1660 1492)
4(1655 1491 1603 1397)
4(1603 1492 1660 1397)
4(1660 1493 1655 1397)
4(101 605 1067 604)
4(101 604 1161 606)
4(1067 605 1168 274)
4(1168 606 1161 274)
4(101 606 1168 605)
4(102 609 1073 608)
4(102 610 1173 609)
4(1166 608 1073 276)
4(1073 609 1173 276)
4(1173 610 1166 276)
4(102 608 1166 610)
4(103 612 1175 611)
4(103 611 1606 1494)
4(103 1494 1658 612)
4(1658 1494 1606 1398)
4(1606 611 1175 1398)
4(1175 612 1658 1398)
4(104 1496 1608 1495)
4(104 1495 1661 1497)
4(104 1497 1663 1496)
4(1661 1495 1608 1399)
4(1608 1496 1663 1399)
4(1663 1497 1661 1399)
4(105 614 1077 613)
4(1169 613 1077 277)
4(1077 614 1179 277)
4(1179 615 1169 277)
4(105 613 1169 615)
4(105 615 1179 614)
4(106 617 1079 616)
4(106 616 1171 618)
4(106 618 1181 617)
4(1079 617 1181 278)
4(1181 618 1171 278)
4(107 621 1083 620)
4(107 620 1176 622)
4(107 622 1185 621)
4(1176 620 1083 279)
4(1083 621 1185 279)
4(1185 622 1176 279)
4(108 624 1186 623)
4(108 623 1611 1498)
4(108 1498 1664 624)
4(1664 1498 1611 1400)
4(1611 623 1186 1400)
4(1186 624 1664 1400)
4(109 1500 1613 1499)
4(109 1499 1665 1501)
4(109 1501 1666 1500)
4(1665 1499 1613 1401)
4(1613 1500 1666 1401)
4(1666 1501 1665 1401)
4(110 626 1087 625)
4(110 625 1182 627)
4(1182 625 1087 280)
4(1087 626 1190 280)
4(1190 627 1182 280)
4(110 627 1190 626)
3(111 629 628)
4(111 628 1184 630)
4(111 630 1192 629)
4(112 632 1091 631)
4(112 631 1187 633)
4(1187 631 1091 281)
4(1091 632 1195 281)
4(1195 633 1187 281)
4(113 635 1196 634)
4(113 634 1615 1502)
4(113 1502 1667 635)
4(1667 1502 1615 1402)
4(1615 634 1196 1402)
4(1196 635 1667 1402)
4(114 1504 1616 1503)
4(114 1503 1668 1505)
4(114 1505 1669 1504)
4(1668 1503 1616 1403)
4(1616 1504 1669 1403)
4(1669 1505 1668 1403)
4(115 637 1097 636)
4(115 636 1193 638)
4(1193 636 1097 282)
4(1097 637 1201 282)
4(1201 638 1193 282)
4(115 638 1201 637)
4(117 643 1102 642)
4(117 644 1207 643)
4(1199 642 1102 284)
4(1102 643 1207 284)
4(1207 644 1199 284)
4(117 642 1199 644)
4(118 646 1105 645)
4(118 647 1208 646)
4(1202 645 1105 285)
4(1105 646 1208 285)
4(1208 647 1202 285)
4(118 645 1202 647)
4(119 649 1106 648)
4(119 648 1205 650)
4(119 650 1211 649)
4(1106 649 1211 286)
4(1211 650 1205 286)
3(120 1108 651)
4(120 651 1209 652)
4(1209 651 1108 287)
4(121 654 1109 653)
4(121 653 1212 655)
4(121 655 1214 654)
4(1212 653 1109 288)
4(1214 655 1212 288)
4(123 662 1215 664)
4(123 664 1217 663)
4(1215 662 1124 290)
4(1124 663 1217 290)
4(1217 664 1215 290)
4(123 663 1124 662)
4(124 665 1216 667)
4(124 667 1219 666)
4(1216 665 1126 291)
4(1126 666 1219 291)
4(1219 667 1216 291)
4(124 666 1126 665)
4(125 669 1129 668)
4(125 670 1222 669)
4(1129 669 1222 292)
4(126 672 1218 674)
4(126 674 1226 673)
4(1218 672 1134 293)
4(1134 673 1226 293)
4(1226 674 1218 293)
4(126 673 1134 672)
4(127 675 1220 677)
4(127 677 1227 676)
4(127 676 1624 675)
4(1220 675 1624 1404)
4(1624 676 1227 1404)
4(1227 677 1220 1404)
4(128 678 1223 679)
4(128 1506 1627 678)
4(128 679 1670 1506)
4(1223 678 1627 1405)
4(1627 1506 1670 1405)
4(1670 679 1223 1405)
4(129 680 1225 682)
4(1225 680 1136 294)
4(1136 681 1231 294)
4(1231 682 1225 294)
4(129 681 1136 680)
4(129 682 1231 681)
3(130 683 1138)
4(130 684 1233 683)
3(1138 683 1233)
4(131 686 1228 688)
4(131 688 1236 687)
4(1228 686 1142 295)
4(1142 687 1236 295)
4(1236 688 1228 295)
4(131 687 1142 686)
4(132 690 1237 689)
4(132 689 1633 1507)
4(132 1507 1671 690)
4(1671 1507 1633 1406)
4(1633 689 1237 1406)
4(1237 690 1671 1406)
4(133 1509 1636 1508)
4(133 1508 1672 1510)
4(133 1510 1673 1509)
4(1672 1508 1636 1407)
4(1636 1509 1673 1407)
4(1673 1510 1672 1407)
4(134 691 1234 693)
4(1234 691 1144 296)
4(1144 692 1241 296)
4(1241 693 1234 296)
4(134 692 1144 691)
4(134 693 1241 692)
4(135 695 1146 694)
3(135 694 696)
4(135 696 1243 695)
3(1146 695 1243)
4(136 698 1238 700)
4(136 700 1246 699)
4(1238 698 1150 297)
4(1150 699 1246 297)
4(1246 700 1238 297)
4(136 699 1150 698)
4(137 702 1247 701)
4(137 701 1642 1511)
4(137 1511 1674 702)
4(1674 1511 1642 1408)
4(1642 701 1247 1408)
4(1247 702 1674 1408)
4(138 1513 1645 1512)
4(138 1512 1675 1514)
4(138 1514 1676 1513)
4(1675 1512 1645 1409)
4(1645 1513 1676 1409)
4(1676 1514 1675 1409)
4(139 703 1244 705)
4(1244 703 1152 298)
4(1152 704 1251 298)
4(1251 705 1244 298)
4(139 704 1152 703)
4(139 705 1251 704)
4(140 707 1154 706)
3(140 706 708)
4(140 708 1253 707)
3(1154 707 1253)
4(141 710 1248 712)
4(141 712 1256 711)
4(1248 710 1158 299)
4(1158 711 1256 299)
4(1256 712 1248 299)
4(141 711 1158 710)
4(142 714 1257 713)
4(142 713 1651 1515)
4(142 1515 1677 714)
4(1677 1515 1651 1410)
4(1651 713 1257 1410)
4(1257 714 1677 1410)
4(143 1517 1654 1516)
4(143 1516 1678 1518)
4(143 1518 1679 1517)
4(1678 1516 1654 1411)
4(1654 1517 1679 1411)
4(1679 1518 1678 1411)
4(144 715 1254 717)
4(1254 715 1160 300)
4(1160 716 1261 300)
4(1261 717 1254 300)
4(144 716 1160 715)
4(144 717 1261 716)
4(145 719 1162 718)
3(145 718 720)
4(145 720 1263 719)
3(1162 719 1263)
4(146 722 1258 724)
4(146 724 1266 723)
4(1258 722 1167 301)
4(1167 723 1266 301)
4(1266 724 1258 301)
4(146 723 1167 722)
4(147 726 1267 725)
4(147 725 1659 1519)
4(147 1519 1680 726)
4(1680 1519 1659 1412)
4(1659 725 1267 1412)
4(1267 726 1680 1412)
4(148 1521 1662 1520)
4(148 1520 1681 1522)
4(148 1522 1682 1521)
4(1681 1520 1662 1413)
4(1662 1521 1682 1413)
4(1682 1522 1681 1413)
4(149 727 1264 729)
4(1264 727 1170 302)
4(1170 728 1272 302)
4(1272 729 1264 302)
4(149 728 1170 727)
4(149 729 1272 728)
4(150 731 1172 730)
3(150 730 732)
4(150 732 1275 731)
3(1172 731 1275)
4(151 735 1177 734)
4(151 734 1268 736)
4(1268 734 1177 303)
4(1177 735 1278 303)
4(1278 736 1268 303)
4(152 739 1279 738)
4(1270 737 1178 304)
4(1178 738 1279 304)
4(1279 739 1270 304)
4(152 738 1178 737)
4(152 737 1270 739)
4(153 742 1282 741)
4(1273 740 1180 305)
4(1180 741 1282 305)
4(1282 742 1273 305)
4(153 741 1180 740)
4(153 740 1273 742)
4(154 744 1183 743)
4(154 743 1276 745)
4(154 745 1285 744)
4(1276 743 1183 306)
4(1183 744 1285 306)
4(1285 745 1276 306)
4(156 750 1188 749)
3(156 749 1280)
4(1280 749 1188 307)
3(1188 750 307)
4(157 751 1283 753)
4(157 753 1291 752)
4(1283 751 1189 308)
4(1189 752 1291 308)
4(1291 753 1283 308)
4(157 752 1189 751)
4(158 754 1286 756)
4(158 756 1293 755)
4(1286 754 1191 309)
4(1191 755 1293 309)
4(1293 756 1286 309)
4(158 755 1191 754)
4(159 758 1194 757)
4(159 757 1289 759)
4(159 759 1296 758)
4(1289 757 1194 310)
4(1194 758 1296 310)
4(1296 759 1289 310)
4(162 762 1294 764)
4(162 764 1300 763)
4(1294 762 1200 311)
4(1200 763 1300 311)
4(1300 764 1294 311)
4(162 763 1200 762)
4(163 765 1297 767)
4(163 767 1301 766)
4(1297 765 1203 312)
4(1203 766 1301 312)
4(1301 767 1297 312)
4(163 766 1203 765)
4(164 769 1206 768)
4(164 768 1299 770)
4(164 770 1304 769)
3(1206 769 1304)
4(166 773 1210 772)
4(166 772 1302 774)
4(1302 772 1210 313)
4(167 776 1213 775)
4(167 775 1305 777)
4(167 777 1307 776)
4(1305 775 1213 314)
4(1213 776 1307 314)
3(170 1310 788)
4(1308 787 1230 315)
4(1230 788 1310 315)
4(170 788 1230 787)
4(171 789 1309 791)
4(171 791 1311 790)
4(1309 789 1232 316)
4(1232 790 1311 316)
4(171 790 1232 789)
4(172 793 1235 792)
3(172 1313 793)
3(1235 793 1313)
4(173 795 1312 797)
4(173 797 1315 796)
4(1312 795 1240 317)
4(1240 796 1315 317)
4(173 796 1240 795)
4(174 798 1314 800)
4(174 800 1316 799)
4(1314 798 1242 318)
4(1242 799 1316 318)
4(174 799 1242 798)
4(175 802 1245 801)
3(175 801 803)
4(175 803 1318 802)
3(1245 802 1318)
4(176 805 1317 807)
4(176 807 1320 806)
4(1317 805 1250 319)
4(1250 806 1320 319)
4(176 806 1250 805)
4(177 808 1319 810)
4(177 810 1321 809)
4(1319 808 1252 320)
4(1252 809 1321 320)
4(1321 810 1319 320)
4(177 809 1252 808)
4(178 812 1255 811)
3(178 811 813)
4(178 813 1323 812)
3(1255 812 1323)
4(179 815 1322 817)
4(179 817 1325 816)
4(1322 815 1260 321)
4(1260 816 1325 321)
4(179 816 1260 815)
4(180 818 1324 820)
4(180 820 1326 819)
4(1324 818 1262 322)
4(1262 819 1326 322)
4(180 819 1262 818)
4(181 822 1265 821)
3(181 821 823)
4(181 823 1328 822)
3(1265 822 1328)
4(182 825 1327 827)
4(182 827 1330 826)
4(1327 825 1271 323)
4(1271 826 1330 323)
4(182 826 1271 825)
4(183 828 1329 830)
4(183 830 1331 829)
4(1329 828 1274 324)
4(1274 829 1331 324)
4(183 829 1274 828)
4(184 832 1277 831)
3(184 831 833)
4(184 833 1333 832)
3(1277 832 1333)
4(185 836 1284 835)
4(185 835 1332 837)
4(1332 835 1284 325)
3(1284 836 325)
4(186 839 1287 838)
4(186 838 1334 840)
4(186 840 1335 839)
4(1334 838 1287 326)
4(1287 839 1335 326)
4(189 847 1298 846)
4(189 846 1337 848)
3(189 848 847)
3(2 347 327)
4(2 327 854 353)
4(2 353 855 347)
4(2 356 856 327)
4(2 347 857 356)
3(859 354 858)
3(1 858 354)
4(1 354 859 351)
4(4 354 858 328)
3(4 328 363)
4(4 363 859 354)
4(862 353 854 195)
4(862 195 858 354)
4(862 357 860 195)
4(2 327 860 357)
4(2 357 862 353)
4(862 195 861 365)
4(4 365 861 328)
4(4 354 862 365)
4(5 357 860 329)
4(5 329 861 365)
4(5 365 862 357)
4(865 356 856 196)
4(865 196 860 357)
4(865 360 863 196)
3(3 863 360)
4(3 360 865 356)
4(865 196 864 368)
4(5 368 864 329)
4(5 357 865 368)
4(6 360 863 330)
4(6 330 864 368)
4(6 368 865 360)
3(866 863 360)
3(6 370 330)
4(6 360 866 370)
3(868 366 867)
4(4 328 867 366)
4(4 366 868 363)
4(7 366 867 331)
3(7 331 374)
4(7 374 868 366)
4(870 197 869 333)
3(0 333 869)
3(0 870 333)
4(871 365 861 197)
4(871 197 867 366)
4(871 369 869 197)
4(5 329 869 369)
4(5 369 871 365)
4(871 197 870 376)
4(7 376 870 331)
4(7 366 871 376)
4(8 369 869 333)
4(8 333 870 376)
4(8 376 871 369)
4(873 333 869 198)
4(874 368 864 198)
4(874 198 869 369)
4(874 371 872 198)
4(6 330 872 371)
4(6 371 874 368)
4(874 198 873 379)
4(8 379 873 333)
4(8 369 874 379)
4(9 371 872 334)
4(9 334 873 379)
4(9 379 874 371)
3(875 872 371)
3(9 381 334)
4(9 371 875 381)
3(877 377 876)
4(7 331 876 377)
4(7 377 877 374)
4(10 377 876 335)
3(10 335 385)
4(10 385 877 377)
3(878 332 199)
4(878 199 870 333)
4(879 199 878 336)
3(336 878 332)
4(880 376 870 199)
4(880 199 876 377)
4(880 380 878 199)
4(8 333 878 380)
4(8 380 880 376)
4(880 199 879 387)
4(10 387 879 335)
4(10 377 880 387)
4(11 380 878 336)
4(11 336 879 387)
4(11 387 880 380)
4(882 336 878 200)
4(883 379 873 200)
4(883 200 878 380)
4(883 382 881 200)
4(9 334 881 382)
4(9 382 883 379)
4(883 200 882 390)
4(11 390 882 336)
4(11 380 883 390)
4(12 382 881 337)
4(12 337 882 390)
4(12 390 883 382)
3(884 881 382)
3(12 392 337)
4(12 382 884 392)
3(886 388 885)
4(10 335 885 388)
4(10 388 886 385)
4(13 388 885 338)
3(13 338 396)
4(13 396 886 388)
4(889 387 879 201)
4(889 201 885 388)
4(889 391 887 201)
4(11 336 887 391)
4(11 391 889 387)
4(889 201 888 398)
4(13 398 888 338)
4(13 388 889 398)
4(14 391 887 339)
4(14 339 888 398)
4(14 398 889 391)
4(892 390 882 202)
4(892 202 887 391)
4(892 393 890 202)
4(12 337 890 393)
4(12 393 892 390)
4(892 202 891 401)
4(14 401 891 339)
4(14 391 892 401)
4(15 393 890 340)
4(15 340 891 401)
4(15 401 892 393)
3(893 890 393)
3(15 403 340)
4(15 393 893 403)
3(895 399 894)
4(13 338 894 399)
4(13 399 895 396)
4(16 399 894 341)
4(16 407 895 399)
4(898 398 888 203)
4(898 203 894 399)
4(898 402 896 203)
4(14 339 896 402)
4(14 402 898 398)
4(898 203 897 409)
4(16 409 897 341)
4(16 399 898 409)
4(17 402 896 342)
4(17 342 897 409)
4(17 409 898 402)
4(901 401 891 204)
4(901 204 896 402)
4(901 404 899 204)
4(15 340 899 404)
4(15 404 901 401)
4(901 204 900 412)
4(17 412 900 342)
4(17 402 901 412)
4(18 404 899 343)
4(18 343 900 412)
4(18 412 901 404)
3(902 899 404)
4(18 404 902 415)
4(906 409 897 205)
3(906 205 410)
4(906 413 904 205)
4(17 342 904 413)
4(17 413 906 409)
4(906 205 905 419)
4(19 410 906 419)
4(20 413 904 344)
4(20 344 905 419)
4(20 419 906 413)
4(908 412 900 206)
4(908 206 904 413)
3(908 416 206)
4(18 416 908 412)
4(908 206 907 422)
4(20 422 907 344)
4(20 413 908 422)
4(21 422 908 416)
3(20 344 423)
4(20 423 910 419)
3(915 914 441)
4(25 441 914 346)
4(25 436 915 441)
3(26 437 348)
4(26 348 914 441)
4(26 441 915 437)
3(917 916 444)
4(26 444 916 348)
4(26 437 917 444)
4(27 350 916 444)
4(27 444 917 438)
4(919 207 918 355)
4(1 355 918 345)
4(1 351 919 355)
4(920 442 918 207)
4(25 346 918 442)
4(25 442 920 439)
4(920 207 919 451)
4(28 451 919 352)
4(28 440 920 451)
4(29 442 918 355)
4(29 355 919 451)
4(29 451 920 442)
4(921 347 855 208)
4(921 208 914 348)
4(922 208 855 353)
4(922 355 918 208)
4(922 208 921 358)
4(2 358 921 347)
4(2 353 922 358)
4(923 441 914 208)
4(923 208 918 442)
4(923 445 921 208)
4(26 348 921 445)
4(26 445 923 441)
4(923 208 922 454)
4(29 454 922 355)
4(29 442 923 454)
4(30 445 921 358)
4(30 358 922 454)
4(30 454 923 445)
4(924 349 857 209)
4(924 209 916 350)
4(925 209 857 356)
4(925 358 921 209)
4(925 209 924 361)
4(3 361 924 349)
4(3 356 925 361)
4(926 444 916 209)
4(926 209 921 445)
4(926 448 924 209)
4(27 350 924 448)
4(27 448 926 444)
4(926 209 925 457)
4(30 457 925 358)
4(30 445 926 457)
4(31 448 924 361)
4(31 361 925 457)
4(31 457 926 448)
4(927 361 924 210)
4(928 210 924 448)
4(928 210 927 458)
4(31 458 927 361)
4(31 448 928 458)
4(32 362 927 458)
4(32 458 928 450)
3(930 452 929)
4(28 352 929 452)
3(28 452 930)
4(33 452 929 364)
3(33 364 463)
4(33 463 930 452)
4(931 354 859 211)
4(931 211 919 355)
4(932 211 859 363)
4(932 364 929 211)
4(932 211 931 367)
4(4 363 932 367)
4(4 367 931 354)
4(933 451 919 211)
4(933 211 929 452)
4(933 455 931 211)
4(29 355 931 455)
4(29 455 933 451)
4(933 211 932 464)
4(33 464 932 364)
4(33 452 933 464)
4(34 367 932 464)
4(34 455 931 367)
4(34 464 933 455)
3(935 866 212)
4(935 212 927 362)
4(936 212 866 370)
4(936 372 934 212)
4(6 360 934 372)
4(936 212 935 373)
3(370 936 373)
4(937 458 927 212)
4(937 212 934 459)
4(31 459 934 361)
4(937 461 935 212)
4(32 362 935 461)
4(32 461 937 458)
4(937 212 936 468)
4(36 468 936 372)
4(36 372 934 459)
4(36 459 937 468)
4(37 461 935 373)
4(37 373 936 468)
4(37 468 937 461)
3(938 935 461)
3(37 470 373)
4(37 461 938 470)
3(940 465 939)
4(33 364 939 465)
4(33 465 940 463)
4(38 465 939 375)
3(38 375 473)
4(38 473 940 465)
4(941 366 868 213)
4(941 213 932 367)
4(942 213 868 374)
4(942 375 939 213)
4(942 213 941 378)
4(7 374 942 378)
4(7 378 941 366)
4(943 464 932 213)
4(943 213 939 465)
4(943 467 941 213)
4(34 367 941 467)
4(34 467 943 464)
4(943 213 942 474)
4(38 474 942 375)
4(38 465 943 474)
4(39 378 942 474)
4(39 467 941 378)
4(39 474 943 467)
3(945 875 214)
4(945 214 936 373)
4(946 214 875 381)
4(946 383 944 214)
4(9 371 944 383)
4(946 214 945 384)
3(381 946 384)
4(947 468 936 214)
4(947 214 944 469)
4(36 469 944 372)
4(947 471 945 214)
4(37 373 945 471)
4(37 471 947 468)
4(947 214 946 478)
4(41 478 946 383)
4(41 383 944 469)
4(41 469 947 478)
4(42 471 945 384)
4(42 384 946 478)
4(42 478 947 471)
3(948 945 471)
3(42 480 384)
4(42 471 948 480)
3(950 475 949)
4(38 375 949 475)
4(38 475 950 473)
4(43 475 949 386)
3(43 386 483)
4(43 483 950 475)
4(951 377 877 215)
4(951 215 942 378)
4(952 215 877 385)
4(952 386 949 215)
4(952 215 951 389)
4(10 385 952 389)
4(10 389 951 377)
4(953 474 942 215)
4(953 215 949 475)
4(953 477 951 215)
4(39 378 951 477)
4(39 477 953 474)
4(953 215 952 484)
4(43 484 952 386)
4(43 475 953 484)
4(44 389 952 484)
4(44 477 951 389)
4(44 484 953 477)
3(955 884 216)
4(955 216 946 384)
4(956 216 884 392)
4(956 394 954 216)
4(12 382 954 394)
4(956 216 955 395)
3(392 956 395)
4(957 478 946 216)
4(957 216 954 479)
4(41 479 954 383)
4(957 481 955 216)
4(42 384 955 481)
4(42 481 957 478)
4(957 216 956 488)
4(46 488 956 394)
4(46 394 954 479)
4(46 479 957 488)
4(47 481 955 395)
4(47 395 956 488)
4(47 488 957 481)
3(958 955 481)
3(47 490 395)
4(47 481 958 490)
3(960 485 959)
4(43 386 959 485)
4(43 485 960 483)
4(48 485 959 397)
3(48 397 493)
4(48 493 960 485)
4(961 388 886 217)
4(961 217 952 389)
4(962 217 886 396)
4(962 397 959 217)
4(962 217 961 400)
4(13 396 962 400)
4(13 400 961 388)
4(963 484 952 217)
4(963 217 959 485)
4(963 487 961 217)
4(44 389 961 487)
4(44 487 963 484)
4(963 217 962 494)
4(48 494 962 397)
4(48 485 963 494)
4(49 400 962 494)
4(49 487 961 400)
4(49 494 963 487)
3(965 893 218)
4(965 218 956 395)
4(966 218 893 403)
4(966 405 964 218)
4(15 393 964 405)
4(966 218 965 406)
3(403 966 406)
4(967 488 956 218)
4(967 218 964 489)
4(46 489 964 394)
4(967 491 965 218)
4(47 395 965 491)
4(47 491 967 488)
4(967 218 966 498)
4(51 498 966 405)
4(51 405 964 489)
4(51 489 967 498)
4(52 491 965 406)
4(52 406 966 498)
4(52 498 967 491)
3(968 965 491)
3(52 500 406)
4(52 491 968 500)
3(970 495 969)
4(48 397 969 495)
4(48 495 970 493)
4(53 495 969 408)
4(53 503 970 495)
4(971 399 895 219)
4(971 219 962 400)
4(972 219 895 407)
4(972 408 969 219)
4(972 219 971 411)
4(16 407 972 411)
4(16 411 971 399)
4(973 494 962 219)
4(973 219 969 495)
4(973 497 971 219)
4(49 400 971 497)
4(49 497 973 494)
4(973 219 972 504)
4(53 504 972 408)
4(53 495 973 504)
4(54 411 972 504)
4(54 497 971 411)
4(54 504 973 497)
3(977 902 220)
4(977 220 966 406)
4(978 220 902 415)
4(978 417 975 220)
4(18 404 975 417)
4(978 220 977 418)
3(415 978 418)
4(979 498 966 220)
4(979 220 975 499)
4(51 499 975 405)
4(979 501 977 220)
4(52 406 977 501)
4(52 501 979 498)
4(979 220 978 512)
4(56 512 978 417)
4(56 417 975 499)
4(56 499 979 512)
4(57 501 977 418)
4(57 418 978 512)
4(57 512 979 501)
3(980 977 501)
4(57 501 980 515)
4(982 410 903 221)
4(982 221 972 411)
4(983 221 982 421)
4(19 421 982 410)
3(19 983 421)
4(984 504 972 221)
4(984 221 981 505)
4(984 508 982 221)
4(54 411 982 508)
4(54 508 984 504)
4(984 221 983 518)
3(58 518 983)
4(58 505 984 518)
4(59 508 982 421)
4(59 421 983 518)
4(59 518 984 508)
4(985 413 906 222)
4(985 222 974 414)
4(17 414 974 409)
4(986 222 906 419)
4(986 421 982 222)
4(986 222 985 424)
4(20 424 985 413)
4(20 419 986 424)
4(987 507 974 222)
4(987 222 982 508)
4(54 411 974 507)
4(987 511 985 222)
4(55 414 985 511)
4(55 507 974 414)
4(55 511 987 507)
4(987 222 986 521)
4(59 521 986 421)
4(59 508 987 521)
4(60 511 985 424)
4(60 424 986 521)
4(60 521 987 511)
4(988 416 908 223)
4(988 223 976 417)
4(18 417 976 412)
4(989 223 908 422)
4(989 424 985 223)
4(989 223 988 426)
4(21 426 988 416)
4(21 422 989 426)
4(990 510 976 223)
4(990 223 985 511)
4(55 414 976 510)
4(990 513 988 223)
4(56 417 988 513)
4(56 510 976 417)
4(56 513 990 510)
4(990 223 989 524)
4(60 524 989 424)
4(60 511 990 524)
4(61 513 988 426)
4(61 426 989 524)
4(61 524 990 513)
4(991 224 978 418)
4(992 426 988 224)
4(993 512 978 224)
4(993 224 988 513)
4(993 516 991 224)
4(57 516 993 512)
4(993 224 992 526)
4(61 526 992 426)
4(61 513 993 526)
3(62 992 526)
4(62 526 993 516)
3(994 420 225)
4(994 225 983 421)
4(995 225 994 428)
4(22 428 994 420)
4(996 518 983 225)
3(996 225 519)
4(996 522 994 225)
4(59 421 994 522)
4(59 522 996 518)
4(996 225 995 531)
4(63 519 996 531)
4(64 522 994 428)
4(64 428 995 531)
4(64 531 996 522)
4(997 423 910 226)
4(997 226 986 424)
4(998 226 910 427)
4(998 428 994 226)
4(998 226 997 431)
4(23 431 997 423)
4(23 427 998 431)
4(999 521 986 226)
4(999 226 994 522)
4(999 525 997 226)
4(60 424 997 525)
4(60 525 999 521)
4(999 226 998 533)
4(64 533 998 428)
4(64 522 999 533)
4(65 525 997 431)
4(65 431 998 533)
4(65 533 999 525)
4(1000 425 911 227)
4(1000 227 989 426)
4(1001 227 911 429)
4(1001 431 997 227)
4(1001 227 1000 432)
4(24 432 1000 425)
4(24 429 1001 432)
4(1002 524 989 227)
4(1002 227 997 525)
4(1002 527 1000 227)
4(61 426 1000 527)
4(61 527 1002 524)
4(1002 227 1001 536)
4(65 536 1001 431)
4(65 525 1002 536)
4(66 527 1000 432)
4(66 432 1001 536)
4(66 536 1002 527)
4(1003 432 1000 228)
4(1004 526 992 228)
4(1004 228 1000 527)
3(1004 529 228)
4(62 529 1004 526)
4(1004 228 1003 538)
4(66 538 1003 432)
4(66 527 1004 538)
4(67 538 1004 529)
3(1006 534 1005)
4(64 428 1005 534)
4(64 534 1006 531)
4(68 534 1005 433)
4(68 542 1006 534)
4(1007 430 912 229)
4(1007 229 998 431)
4(1008 229 1007 434)
3(434 1007 430)
4(1009 533 998 229)
4(1009 229 1005 534)
4(1009 537 1007 229)
4(65 431 1007 537)
4(65 537 1009 533)
4(1009 229 1008 543)
4(68 543 1008 433)
4(68 534 1009 543)
4(69 537 1007 434)
4(69 434 1008 543)
4(69 543 1009 537)
4(1010 230 1001 432)
4(1011 434 1007 230)
4(1012 536 1001 230)
4(1012 230 1007 537)
4(1012 539 1010 230)
4(66 432 1010 539)
4(66 539 1012 536)
4(1012 230 1011 546)
4(69 546 1011 434)
4(69 537 1012 546)
4(70 539 1010 435)
4(70 435 1011 546)
4(70 546 1012 539)
3(1013 1010 539)
4(70 539 1013 549)
4(1015 543 1008 231)
4(1015 547 1014 231)
4(69 434 1014 547)
4(69 547 1015 543)
3(71 547 1014)
4(71 552 1015 547)
4(1016 546 1011 232)
4(1016 232 1014 547)
4(70 550 1016 546)
4(71 547 1016 554)
3(1018 1017 443)
4(25 443 1017 436)
4(25 439 1018 443)
4(72 557 1017 443)
4(72 443 1018 560)
3(72 560 557)
4(1020 233 915 441)
4(1020 443 1017 233)
4(1020 233 1019 446)
4(26 446 1019 437)
4(26 441 1020 446)
4(1021 233 1020 562)
4(72 557 1021 562)
4(72 562 1020 443)
4(73 558 1019 446)
4(73 562 1021 558)
4(73 446 1020 562)
4(1023 234 917 444)
4(1023 446 1019 234)
4(1023 234 1022 449)
4(27 449 1022 438)
4(27 444 1023 449)
4(1024 234 1023 565)
4(73 558 1024 565)
4(73 565 1023 446)
4(74 559 1022 449)
4(74 565 1024 559)
4(74 449 1023 565)
3(1025 449 1022)
4(74 567 1025 449)
3(74 559 567)
4(75 561 1026 453)
4(75 453 1027 571)
3(75 571 561)
4(1028 442 920 235)
4(1028 235 1018 443)
4(1029 235 920 451)
4(1029 453 1026 235)
4(1029 235 1028 456)
4(29 456 1028 442)
4(29 451 1029 456)
4(1030 560 1018 235)
4(1030 235 1026 561)
4(1030 563 1028 235)
4(72 563 1030 560)
4(72 443 1028 563)
4(1030 235 1029 572)
4(75 561 1030 572)
4(75 572 1029 453)
4(76 572 1030 563)
4(76 563 1028 456)
4(76 456 1029 572)
4(1032 450 928 236)
3(1032 236 1025)
4(1033 236 928 458)
4(1033 460 1031 236)
4(31 448 1031 460)
4(1033 236 1032 462)
4(32 458 1033 462)
4(1034 567 1025 236)
4(1034 236 1031 568)
4(74 568 1031 449)
4(1034 570 1032 236)
3(570 1034 567)
4(1034 236 1033 576)
4(78 568 1034 576)
4(78 460 1031 568)
4(78 576 1033 460)
4(79 570 1032 462)
4(79 576 1034 570)
4(79 462 1033 576)
4(79 578 1035 462)
3(79 570 578)
4(1036 452 930 237)
4(1036 237 1027 453)
4(1037 237 1036 466)
4(33 463 1037 466)
4(33 466 1036 452)
4(1038 573 1036 237)
4(75 573 1038 571)
4(75 453 1036 573)
4(80 466 1037 581)
4(80 581 1038 573)
4(80 573 1036 466)
4(1040 472 1039 238)
4(37 461 1039 472)
4(1041 238 1039 579)
4(79 579 1039 462)
4(84 584 1040 472)
4(84 579 1041 584)
4(84 472 1039 579)
4(1042 465 940 239)
4(1042 239 1037 466)
4(1043 239 1042 476)
4(38 473 1043 476)
4(38 476 1042 465)
4(1044 582 1042 239)
4(80 582 1044 581)
4(80 466 1042 582)
4(1044 239 1043 587)
3(85 587 1043)
3(85 1044 587)
4(86 476 1043 587)
4(86 587 1044 582)
4(86 582 1042 476)
4(1046 482 1045 240)
4(42 471 1045 482)
4(1047 240 1045 585)
4(84 585 1045 472)
4(1047 240 1046 591)
4(90 591 1046 482)
4(90 585 1047 591)
4(90 482 1045 585)
3(91 1046 591)
3(91 591 1047)
4(1048 475 950 241)
4(1048 241 1043 476)
4(1049 241 1048 486)
4(43 483 1049 486)
4(43 486 1048 475)
4(1050 587 1043 241)
3(1050 241 588)
4(1050 589 1048 241)
4(86 589 1050 587)
4(86 476 1048 589)
4(1050 241 1049 595)
3(588 1050 595)
4(92 486 1049 595)
4(92 595 1050 589)
4(92 589 1048 486)
4(1052 492 1051 242)
4(47 481 1051 492)
4(1053 591 1046 242)
4(1053 242 1051 592)
4(90 592 1051 482)
3(1053 594 242)
4(91 594 1053 591)
4(1053 242 1052 598)
4(96 598 1052 492)
4(96 592 1053 598)
4(96 492 1051 592)
3(598 1053 594)
4(1054 485 960 243)
4(1054 243 1049 486)
4(1055 243 1054 496)
4(48 493 1055 496)
4(48 496 1054 485)
4(1056 596 1054 243)
4(92 596 1056 595)
4(92 486 1054 596)
4(97 496 1055 601)
4(97 601 1056 596)
4(97 596 1054 496)
4(1058 502 1057 244)
4(52 491 1057 502)
4(1059 244 1057 599)
4(96 599 1057 492)
4(101 604 1058 502)
4(101 599 1059 604)
4(101 502 1057 599)
4(1060 495 970 245)
4(1060 245 1055 496)
4(1061 245 1060 506)
4(53 503 1061 506)
4(53 506 1060 495)
4(1062 602 1060 245)
4(97 602 1062 601)
4(97 496 1060 602)
4(102 506 1061 607)
4(102 607 1062 602)
4(102 602 1060 506)
4(1066 517 1064 246)
4(57 501 1064 517)
4(1067 246 1064 605)
4(101 605 1064 502)
4(106 616 1066 517)
4(106 605 1067 616)
4(106 517 1064 605)
3(1068 505 247)
4(1068 247 1061 506)
4(1069 247 1068 520)
4(58 520 1068 505)
4(1070 609 1068 247)
4(102 506 1068 609)
4(102 609 1070 607)
4(107 609 1068 520)
4(107 520 1069 619)
4(107 619 1070 609)
4(1071 508 984 248)
4(1071 248 1063 509)
4(54 509 1063 504)
4(1072 248 984 518)
4(1072 520 1068 248)
4(1072 248 1071 523)
4(59 518 1072 523)
4(59 523 1071 508)
4(1073 608 1063 248)
4(1073 248 1068 609)
4(102 506 1063 608)
4(1073 611 1071 248)
4(103 611 1073 608)
4(103 608 1063 509)
4(103 509 1071 611)
4(1073 248 1072 620)
4(107 620 1072 520)
4(107 609 1073 620)
4(108 523 1072 620)
4(108 620 1073 611)
4(108 611 1071 523)
4(1075 516 993 249)
4(1075 249 1065 517)
4(57 517 1065 512)
4(1076 249 993 526)
4(1076 528 1074 249)
4(61 513 1074 528)
4(1076 249 1075 530)
4(62 530 1075 516)
4(62 526 1076 530)
4(1077 613 1065 249)
4(1077 249 1074 614)
4(105 514 1065 613)
4(105 614 1074 514)
4(1077 617 1075 249)
4(106 517 1075 617)
4(106 617 1077 613)
4(106 613 1065 517)
4(1077 249 1076 625)
4(110 625 1076 528)
4(110 614 1077 625)
4(110 528 1074 614)
4(111 617 1075 530)
4(111 530 1076 625)
4(111 625 1077 617)
4(1078 530 1075 250)
4(1079 250 1075 617)
4(111 628 1078 530)
4(111 617 1079 628)
4(107 520 1080 621)
3(107 621 619)
4(1081 522 996 251)
4(1081 251 1072 523)
4(1082 251 996 531)
4(1082 532 1080 251)
4(1082 251 1081 535)
4(64 531 1082 535)
4(64 535 1081 522)
4(1083 620 1072 251)
4(1083 251 1080 621)
4(1083 623 1081 251)
4(108 623 1083 620)
4(108 523 1081 623)
4(1083 251 1082 631)
4(112 631 1082 532)
4(112 621 1083 631)
4(113 535 1082 631)
4(113 631 1083 623)
4(113 623 1081 535)
4(1085 529 1004 252)
4(1085 252 1076 530)
4(1086 252 1004 538)
4(1086 540 1084 252)
4(66 527 1084 540)
4(1086 252 1085 541)
4(67 538 1086 541)
4(1087 625 1076 252)
4(1087 252 1084 626)
4(110 626 1084 528)
4(1087 629 1085 252)
4(111 530 1085 629)
4(111 629 1087 625)
4(1087 252 1086 636)
4(115 636 1086 540)
4(115 626 1087 636)
4(115 540 1084 626)
4(116 541 1086 636)
4(116 636 1087 629)
4(1089 534 1006 253)
4(1089 253 1082 535)
4(1090 253 1089 545)
4(68 542 1090 545)
4(68 545 1089 534)
4(1091 631 1082 253)
4(1091 253 1088 632)
4(1091 634 1089 253)
4(113 634 1091 631)
4(113 535 1089 634)
4(1091 253 1090 641)
3(632 1091 641)
4(117 545 1090 641)
4(117 641 1091 634)
4(117 634 1089 545)
4(1095 254 1086 541)
4(1096 551 1093 254)
4(70 539 1093 551)
4(1097 636 1086 254)
4(1097 254 1093 637)
4(115 637 1093 540)
4(1097 639 1095 254)
4(116 639 1097 636)
4(1097 254 1096 648)
4(119 648 1096 551)
4(119 637 1097 648)
4(119 551 1093 637)
3(648 1097 639)
4(1098 255 1090 545)
4(1099 643 1098 255)
4(117 545 1098 643)
4(117 643 1099 641)
4(120 643 1098 553)
3(120 1099 643)
4(1100 547 1015 256)
4(1100 256 1092 548)
4(69 548 1092 543)
4(1101 256 1015 552)
4(1101 553 1098 256)
4(1101 256 1100 555)
4(71 555 1100 547)
4(71 552 1101 555)
4(1102 642 1092 256)
4(1102 256 1098 643)
4(117 545 1092 642)
4(1102 646 1100 256)
4(118 548 1100 646)
4(118 646 1102 642)
4(118 642 1092 548)
4(1102 256 1101 651)
4(120 651 1101 553)
4(120 643 1102 651)
4(121 646 1100 555)
4(121 555 1101 651)
4(121 651 1102 646)
4(1103 550 1016 257)
4(1103 257 1094 551)
4(70 551 1094 546)
4(1104 257 1016 554)
4(1104 555 1100 257)
4(1104 257 1103 556)
4(1105 645 1094 257)
4(1105 257 1100 646)
4(118 548 1094 645)
4(1105 649 1103 257)
4(119 551 1103 649)
4(119 649 1105 645)
4(119 645 1094 551)
4(1105 257 1104 653)
4(121 653 1104 555)
4(121 646 1105 653)
4(122 649 1103 556)
4(122 556 1104 653)
4(122 653 1105 649)
4(1106 258 1103 649)
3(122 649 1106)
4(1107 259 1101 555)
4(1108 651 1101 259)
4(121 555 1107 654)
4(121 654 1108 651)
4(1109 653 1104 260)
3(122 1109 653)
3(1111 1110 564)
4(72 564 1110 557)
4(72 560 1111 564)
4(123 657 1110 564)
4(123 564 1111 660)
4(1113 261 1021 562)
4(1113 564 1110 261)
4(1113 261 1112 566)
4(73 566 1112 558)
4(73 562 1113 566)
4(1114 261 1113 662)
4(123 657 1114 662)
4(123 662 1113 564)
4(124 658 1112 566)
4(124 662 1114 658)
4(124 566 1113 662)
4(1116 262 1024 565)
4(1116 566 1112 262)
4(1116 262 1115 569)
4(74 569 1115 559)
4(74 565 1116 569)
4(1117 262 1116 665)
4(124 658 1117 665)
4(124 665 1116 566)
4(125 659 1115 569)
4(125 665 1117 659)
4(125 569 1116 665)
3(1118 569 1115)
4(125 668 1118 569)
4(75 574 1119 561)
4(75 571 1120 574)
4(1121 563 1030 263)
4(1121 263 1111 564)
4(1122 263 1030 572)
4(1122 574 1119 263)
4(1122 263 1121 575)
4(76 575 1121 563)
4(76 572 1122 575)
4(1123 660 1111 263)
4(1123 263 1119 661)
4(1123 663 1121 263)
4(123 663 1123 660)
4(123 564 1121 663)
4(1123 263 1122 672)
4(126 661 1123 672)
4(126 672 1122 574)
4(127 672 1123 663)
4(127 663 1121 575)
4(127 575 1122 672)
4(1127 570 1034 264)
3(1127 264 1118)
4(1128 264 1034 576)
4(1128 577 1125 264)
4(78 568 1125 577)
4(1128 264 1127 580)
4(79 580 1127 570)
4(79 576 1128 580)
4(1129 668 1118 264)
4(1129 264 1125 669)
4(125 669 1125 569)
4(1129 671 1127 264)
4(1129 264 1128 680)
4(129 669 1129 680)
4(129 577 1125 669)
4(129 680 1128 577)
4(130 680 1129 671)
4(130 580 1128 680)
4(1131 573 1038 265)
4(1131 265 1120 574)
4(1132 265 1131 583)
4(80 581 1132 583)
4(80 583 1131 573)
4(1133 673 1131 265)
3(126 673 1133)
4(126 574 1131 673)
4(131 583 1132 685)
4(131 685 1133 673)
4(131 673 1131 583)
4(1137 586 1135 266)
4(84 579 1135 586)
4(1138 266 1135 683)
4(130 683 1135 580)
4(135 694 1137 586)
4(135 683 1138 694)
4(135 586 1135 683)
4(1139 582 1044 267)
4(1139 267 1132 583)
4(1140 267 1044 587)
4(1140 267 1139 590)
4(86 587 1140 590)
4(86 590 1139 582)
4(1141 687 1139 267)
4(131 687 1141 685)
4(131 583 1139 687)
4(136 590 1140 697)
4(136 697 1141 687)
4(136 687 1139 590)
4(1145 268 1047 591)
4(1145 593 1143 268)
4(90 585 1143 593)
3(91 591 1145)
4(1146 268 1143 695)
4(135 695 1143 586)
4(140 706 1145 593)
4(140 695 1146 706)
4(140 593 1143 695)
4(1147 589 1050 269)
4(1147 269 1140 590)
4(1148 269 1050 595)
4(1148 269 1147 597)
4(92 595 1148 597)
4(92 597 1147 589)
4(1149 699 1147 269)
4(136 699 1149 697)
4(136 590 1147 699)
4(141 597 1148 709)
4(141 709 1149 699)
4(141 699 1147 597)
3(594 1053 270)
4(1153 270 1053 598)
4(1153 600 1151 270)
4(96 592 1151 600)
4(1154 270 1151 707)
4(140 707 1151 593)
4(145 718 1153 600)
4(145 707 1154 718)
4(145 600 1151 707)
4(1155 596 1056 271)
4(1155 271 1148 597)
4(1156 271 1155 603)
4(97 601 1156 603)
4(97 603 1155 596)
4(1157 711 1155 271)
4(141 711 1157 709)
4(141 597 1155 711)
4(146 603 1156 721)
4(146 721 1157 711)
4(146 711 1155 603)
4(1161 606 1159 272)
4(101 599 1159 606)
4(1162 272 1159 719)
4(145 719 1159 600)
4(150 730 1161 606)
4(150 719 1162 730)
4(150 606 1159 719)
4(1163 602 1062 273)
4(1163 273 1156 603)
4(1164 273 1163 610)
4(102 607 1164 610)
4(102 610 1163 602)
4(1165 723 1163 273)
4(146 723 1165 721)
4(146 603 1163 723)
4(151 610 1164 733)
4(151 733 1165 723)
4(151 723 1163 610)
4(1171 618 1168 274)
4(106 605 1168 618)
4(1172 274 1168 731)
4(150 731 1168 606)
4(155 746 1171 618)
4(155 731 1172 746)
4(155 618 1168 731)
4(1173 609 1070 275)
4(1173 275 1164 610)
4(1174 275 1173 622)
4(107 622 1173 609)
4(107 619 1174 622)
3(735 1173 275)
4(151 610 1173 735)
4(156 735 1173 622)
4(1175 611 1073 276)
4(1175 276 1166 612)
4(103 612 1166 608)
4(1176 276 1073 620)
4(1176 622 1173 276)
4(1176 276 1175 624)
4(108 620 1176 624)
4(108 624 1175 611)
4(1177 734 1166 276)
4(1177 276 1173 735)
4(151 610 1166 734)
4(1177 738 1175 276)
4(152 738 1177 734)
4(152 734 1166 612)
4(152 612 1175 738)
4(1177 276 1176 749)
4(156 749 1176 622)
4(156 735 1177 749)
4(157 624 1176 749)
4(157 749 1177 738)
4(157 738 1175 624)
4(1181 617 1077 277)
4(1181 277 1169 618)
4(106 618 1169 613)
4(1182 277 1077 625)
4(1182 627 1179 277)
4(110 614 1179 627)
4(1182 277 1181 630)
4(111 630 1181 617)
4(111 625 1182 630)
4(1183 743 1169 277)
4(1183 277 1179 744)
4(154 615 1169 743)
4(154 744 1179 615)
4(1183 747 1181 277)
4(155 618 1181 747)
4(155 747 1183 743)
4(155 743 1169 618)
4(1183 277 1182 757)
4(159 757 1182 627)
4(159 744 1183 757)
4(159 627 1179 744)
4(160 747 1181 630)
4(160 630 1182 757)
4(160 757 1183 747)
4(1184 630 1181 278)
3(278 1181 747)
4(1186 623 1083 279)
4(1186 279 1176 624)
4(1187 279 1083 631)
4(1187 633 1185 279)
4(1187 279 1186 635)
4(113 631 1187 635)
4(113 635 1186 623)
4(1188 749 1176 279)
4(1188 279 1185 750)
4(1188 752 1186 279)
4(157 752 1188 749)
4(157 624 1186 752)
4(1188 279 1187 761)
4(161 761 1187 633)
4(161 750 1188 761)
4(162 635 1187 761)
4(162 761 1188 752)
4(162 752 1186 635)
4(1192 629 1087 280)
4(1192 280 1182 630)
4(1193 280 1087 636)
4(1193 638 1190 280)
4(115 626 1190 638)
4(1193 280 1192 640)
4(116 636 1193 640)
4(1194 757 1182 280)
4(1194 280 1190 758)
4(159 758 1190 627)
4(1194 760 1192 280)
4(160 760 1194 757)
4(1194 280 1193 768)
4(164 768 1193 638)
4(164 758 1194 768)
4(164 638 1190 758)
4(165 640 1193 768)
4(165 768 1194 760)
4(1196 634 1091 281)
4(1196 281 1187 635)
4(1197 281 1091 641)
4(1197 281 1196 644)
4(117 641 1197 644)
4(117 644 1196 634)
4(1198 761 1187 281)
4(1198 763 1196 281)
4(162 763 1198 761)
4(162 635 1196 763)
4(166 644 1197 771)
4(166 771 1198 763)
4(166 763 1196 644)
4(1204 639 1097 282)
4(1204 282 1193 640)
4(1205 282 1097 648)
4(1205 650 1201 282)
4(119 637 1201 650)
4(1206 768 1193 282)
4(1206 282 1201 769)
4(164 769 1201 638)
4(168 778 1205 650)
4(168 769 1206 778)
4(168 650 1201 769)
4(1207 643 1099 283)
4(1207 283 1197 644)
4(120 652 1207 643)
4(166 644 1207 773)
4(1208 646 1102 284)
4(1208 284 1199 647)
4(118 647 1199 642)
4(1209 284 1102 651)
4(1209 652 1207 284)
4(1209 284 1208 655)
4(121 655 1208 646)
4(121 651 1209 655)
4(1210 772 1199 284)
4(1210 284 1207 773)
4(166 644 1199 772)
4(1210 776 1208 284)
4(167 647 1208 776)
4(167 776 1210 772)
4(167 772 1199 647)
4(1210 284 1209 781)
4(169 776 1208 655)
4(169 655 1209 781)
4(169 781 1210 776)
4(1211 649 1105 285)
4(1211 285 1202 650)
4(119 650 1202 645)
4(1212 285 1105 653)
4(1212 655 1208 285)
4(1212 285 1211 656)
4(122 656 1211 649)
4(122 653 1212 656)
4(1213 775 1202 285)
4(1213 285 1208 776)
4(167 647 1202 775)
4(1213 779 1211 285)
4(168 650 1211 779)
4(168 779 1213 775)
4(168 775 1202 650)
4(1213 285 1212 782)
4(169 782 1212 655)
4(169 776 1213 782)
4(1214 287 1209 655)
3(169 655 1214)
3(1215 1114 662)
3(124 667 658)
4(124 662 1215 667)
3(1216 1117 665)
4(125 665 1216 670)
4(1217 663 1123 289)
4(1218 289 1123 672)
4(1218 289 1217 677)
4(127 677 1217 663)
4(127 672 1218 677)
4(170 783 1217 677)
4(170 677 1218 786)
4(1219 666 1124 290)
4(1219 290 1215 667)
4(124 662 1124 666)
4(1220 290 1124 675)
4(1220 677 1217 290)
4(127 675 1124 663)
4(1220 290 1219 679)
4(128 679 1219 666)
4(128 666 1124 675)
4(128 675 1220 679)
3(1221 1215 290)
4(1221 290 1217 783)
4(1221 784 1219 290)
3(667 1219 784)
4(1221 290 1220 787)
4(170 787 1220 677)
4(171 784 1219 679)
4(171 787 1221 784)
4(171 679 1220 787)
4(1222 669 1126 291)
4(1222 291 1216 670)
4(125 665 1126 669)
4(1223 291 1126 678)
4(1223 679 1219 291)
4(128 678 1126 666)
4(1223 291 1222 682)
4(129 682 1222 669)
4(129 669 1126 678)
4(129 678 1223 682)
3(1224 1216 291)
4(1224 291 1219 784)
4(1224 785 1222 291)
4(1224 291 1223 789)
4(171 784 1224 789)
4(171 789 1223 679)
4(172 785 1222 682)
4(172 682 1223 789)
4(1225 292 1129 680)
4(1225 682 1222 292)
4(130 680 1225 684)
4(172 792 1225 682)
3(1226 673 1133)
4(131 688 1226 673)
3(131 685 688)
4(1227 676 1134 293)
4(1227 293 1218 677)
4(127 672 1134 676)
4(1228 293 1134 686)
4(1228 688 1226 293)
4(131 686 1134 673)
4(1228 293 1227 690)
4(132 686 1228 690)
4(132 676 1134 686)
4(132 690 1227 676)
4(1229 786 1218 293)
3(1229 293 1226)
4(1229 788 1227 293)
4(170 788 1229 786)
4(170 677 1227 788)
4(1229 293 1228 794)
3(794 1228 688)
4(173 690 1228 794)
4(173 794 1229 788)
4(173 788 1227 690)
4(1233 683 1136 294)
4(1233 294 1225 684)
4(130 680 1136 683)
4(1234 294 1136 691)
4(1234 693 1231 294)
4(134 691 1136 681)
4(134 681 1231 693)
4(1234 294 1233 696)
4(135 696 1233 683)
4(135 691 1234 696)
4(135 683 1136 691)
4(1235 792 1225 294)
4(1235 294 1231 793)
4(172 793 1231 682)
3(1235 1233 294)
4(1235 294 1234 801)
4(175 801 1234 693)
4(175 793 1235 801)
4(175 693 1231 793)
3(696 1234 801)
3(1236 687 1141)
4(136 700 1236 687)
3(136 697 700)
4(1237 689 1142 295)
4(1237 295 1228 690)
4(132 686 1142 689)
4(1238 295 1142 698)
4(1238 700 1236 295)
4(136 698 1142 687)
4(1238 295 1237 702)
4(137 698 1238 702)
4(137 689 1142 698)
4(137 702 1237 689)
4(1239 794 1228 295)
3(1239 295 1236)
4(1239 796 1237 295)
4(173 796 1239 794)
4(173 690 1237 796)
4(1239 295 1238 804)
3(804 1238 700)
4(176 702 1238 804)
4(176 804 1239 796)
4(176 796 1237 702)
4(1243 695 1144 296)
4(1243 296 1234 696)
4(135 691 1144 695)
4(1244 296 1144 703)
4(1244 705 1241 296)
4(139 703 1144 692)
4(139 692 1241 705)
4(1244 296 1243 708)
4(140 708 1243 695)
4(140 703 1244 708)
4(140 695 1144 703)
4(1245 801 1234 296)
4(1245 296 1241 802)
4(175 802 1241 693)
3(1245 1243 296)
4(1245 296 1244 811)
4(178 811 1244 705)
4(178 802 1245 811)
4(178 705 1241 802)
3(708 1244 811)
3(1246 699 1149)
4(141 712 1246 699)
3(141 709 712)
4(1247 701 1150 297)
4(1247 297 1238 702)
4(137 698 1150 701)
4(1248 297 1150 710)
4(1248 712 1246 297)
4(141 710 1150 699)
4(1248 297 1247 714)
4(142 710 1248 714)
4(142 701 1150 710)
4(142 714 1247 701)
4(1249 804 1238 297)
3(1249 297 1246)
4(1249 806 1247 297)
4(176 806 1249 804)
4(176 702 1247 806)
4(1249 297 1248 814)
3(814 1248 712)
4(179 714 1248 814)
4(179 814 1249 806)
4(179 806 1247 714)
4(1253 707 1152 298)
4(1253 298 1244 708)
4(140 703 1152 707)
4(1254 298 1152 715)
4(1254 717 1251 298)
4(144 715 1152 704)
4(144 704 1251 717)
4(1254 298 1253 720)
4(145 720 1253 707)
4(145 715 1254 720)
4(145 707 1152 715)
4(1255 811 1244 298)
4(1255 298 1251 812)
4(178 812 1251 705)
3(1255 1253 298)
4(1255 298 1254 821)
4(181 821 1254 717)
4(181 812 1255 821)
4(181 717 1251 812)
3(720 1254 821)
3(1256 711 1157)
4(146 724 1256 711)
3(146 721 724)
4(1257 713 1158 299)
4(1257 299 1248 714)
4(142 710 1158 713)
4(1258 299 1158 722)
4(1258 724 1256 299)
4(146 722 1158 711)
4(1258 299 1257 726)
4(147 722 1258 726)
4(147 713 1158 722)
4(147 726 1257 713)
4(1259 814 1248 299)
3(1259 299 1256)
4(1259 816 1257 299)
4(179 816 1259 814)
4(179 714 1257 816)
4(1259 299 1258 824)
3(824 1258 724)
4(182 726 1258 824)
4(182 824 1259 816)
4(182 816 1257 726)
4(1263 719 1160 300)
4(1263 300 1254 720)
4(145 715 1160 719)
4(1264 300 1160 727)
4(1264 729 1261 300)
4(149 727 1160 716)
4(149 716 1261 729)
4(1264 300 1263 732)
4(150 732 1263 719)
4(150 727 1264 732)
4(150 719 1160 727)
4(1265 821 1254 300)
4(1265 300 1261 822)
4(181 822 1261 717)
3(1265 1263 300)
4(1265 300 1264 831)
4(184 831 1264 729)
4(184 822 1265 831)
4(184 729 1261 822)
3(732 1264 831)
3(1266 723 1165)
4(151 736 1266 723)
4(1267 725 1167 301)
4(1267 301 1258 726)
4(147 722 1167 725)
4(1268 301 1167 734)
4(1268 736 1266 301)
4(151 734 1167 723)
4(1268 301 1267 739)
4(152 734 1268 739)
4(152 725 1167 734)
4(152 739 1267 725)
4(1269 824 1258 301)
3(1269 301 1266)
4(1269 826 1267 301)
4(182 826 1269 824)
4(182 726 1267 826)
4(1269 301 1268 834)
3(834 1268 736)
4(185 739 1268 834)
4(185 834 1269 826)
4(185 826 1267 739)
4(1275 731 1170 302)
4(1275 302 1264 732)
4(150 727 1170 731)
4(1276 302 1170 743)
4(1276 745 1272 302)
4(154 743 1170 728)
4(154 728 1272 745)
4(1276 302 1275 748)
4(155 748 1275 731)
4(155 743 1276 748)
4(155 731 1170 743)
4(1277 831 1264 302)
4(1277 302 1272 832)
4(184 832 1272 729)
3(1277 1275 302)
4(1277 302 1276 841)
4(187 841 1276 745)
4(187 832 1277 841)
4(187 745 1272 832)
3(748 1276 841)
4(1279 738 1177 303)
4(1279 303 1268 739)
4(1280 303 1177 749)
4(1280 303 1279 753)
4(157 753 1279 738)
4(157 749 1280 753)
4(1281 834 1268 303)
4(1281 836 1279 303)
4(185 739 1279 836)
4(188 836 1279 753)
3(188 753 1280)
4(1282 741 1178 304)
4(1282 304 1270 742)
4(153 737 1178 741)
4(153 742 1270 737)
4(1283 304 1178 751)
4(1283 753 1279 304)
4(157 751 1178 738)
4(1283 304 1282 756)
4(158 756 1282 741)
4(158 751 1283 756)
4(158 741 1178 751)
4(1284 835 1270 304)
4(1284 304 1279 836)
4(185 739 1270 835)
4(1284 839 1282 304)
4(186 742 1282 839)
4(186 839 1284 835)
4(186 835 1270 742)
4(1284 304 1283 844)
4(188 844 1283 753)
4(188 836 1284 844)
4(189 839 1282 756)
4(189 756 1283 844)
4(189 844 1284 839)
4(1285 744 1180 305)
4(1285 305 1273 745)
4(154 740 1180 744)
4(154 745 1273 740)
4(1286 305 1180 754)
4(1286 756 1282 305)
4(158 754 1180 741)
4(1286 305 1285 759)
4(159 759 1285 744)
4(159 754 1286 759)
4(159 744 1180 754)
4(1287 838 1273 305)
4(1287 305 1282 839)
4(186 742 1273 838)
4(1287 842 1285 305)
4(187 745 1285 842)
4(187 842 1287 838)
4(187 838 1273 745)
4(1287 305 1286 846)
4(189 846 1286 756)
4(189 839 1287 846)
4(190 842 1285 759)
4(190 759 1286 846)
4(190 846 1287 842)
4(1288 747 1183 306)
4(1288 306 1276 748)
4(1289 306 1183 757)
4(1289 759 1285 306)
3(160 757 1289)
4(1290 841 1276 306)
4(1290 306 1285 842)
3(190 1289 759)
4(1291 752 1188 307)
4(1291 307 1280 753)
4(1292 307 1188 761)
4(1292 307 1291 764)
4(162 764 1291 752)
4(162 761 1292 764)
3(845 1291 307)
4(188 753 1291 845)
4(191 845 1291 764)
4(1293 755 1189 308)
4(1293 308 1283 756)
4(158 751 1189 755)
4(1294 308 1189 762)
4(1294 764 1291 308)
4(162 762 1189 752)
4(1294 308 1293 767)
4(163 767 1293 755)
4(163 762 1294 767)
4(163 755 1189 762)
4(1295 844 1283 308)
4(1295 308 1291 845)
4(1295 847 1293 308)
4(189 756 1293 847)
4(189 847 1295 844)
4(1295 308 1294 850)
4(191 850 1294 764)
4(192 847 1293 767)
4(192 767 1294 850)
4(1296 758 1191 309)
4(1296 309 1286 759)
4(159 754 1191 758)
4(1297 309 1191 765)
4(1297 767 1293 309)
4(163 765 1191 755)
4(1297 309 1296 770)
4(164 770 1296 758)
4(164 765 1297 770)
4(164 758 1191 765)
4(1298 846 1286 309)
4(1298 309 1293 847)
4(1298 849 1296 309)
4(190 759 1296 849)
4(1298 309 1297 851)
4(192 851 1297 767)
4(193 849 1296 770)
4(193 770 1297 851)
3(760 1194 310)
4(1299 310 1194 768)
4(1299 770 1296 310)
3(310 1296 849)
3(1300 763 1198)
4(166 774 1300 763)
4(1301 766 1200 311)
4(1301 311 1294 767)
4(163 762 1200 766)
4(1302 311 1200 772)
4(166 772 1200 763)
4(1302 311 1301 777)
4(167 777 1301 766)
4(167 772 1302 777)
4(167 766 1200 772)
4(1303 850 1294 311)
4(1303 852 1301 311)
4(192 767 1301 852)
3(852 1301 777)
4(1304 769 1203 312)
4(1304 312 1297 770)
4(164 765 1203 769)
4(1305 312 1203 775)
4(1305 777 1301 312)
4(167 775 1203 766)
4(168 780 1304 769)
4(168 775 1305 780)
4(168 769 1203 775)
4(1306 851 1297 312)
4(1306 312 1301 852)
4(1307 776 1210 313)
3(169 1307 776)
3(171 791 784)
4(171 787 1308 791)
3(1310 788 1229)
4(173 797 1310 788)
3(173 794 797)
4(1311 790 1230 315)
4(171 787 1230 790)
4(1312 315 1230 795)
4(173 795 1230 788)
4(174 800 1311 790)
4(174 795 1312 800)
4(174 790 1230 795)
4(1313 793 1232 316)
4(172 789 1232 793)
4(1314 316 1232 798)
4(174 798 1232 790)
4(175 803 1313 793)
4(175 798 1314 803)
4(175 793 1232 798)
3(1315 796 1239)
4(176 807 1315 796)
3(176 804 807)
4(1316 799 1240 317)
4(174 795 1240 799)
4(1317 317 1240 805)
4(176 805 1240 796)
4(1317 317 1316 810)
4(177 810 1316 799)
4(177 805 1317 810)
4(177 799 1240 805)
3(194 1316 810)
3(194 810 1317)
4(1318 802 1242 318)
4(175 798 1242 802)
4(1319 318 1242 808)
4(1319 810 1316 318)
4(177 808 1242 799)
4(178 813 1318 802)
4(178 808 1319 813)
4(178 802 1242 808)
3(194 1319 810)
3(1320 806 1249)
4(179 817 1320 806)
3(179 814 817)
4(1321 809 1250 319)
4(1321 319 1317 810)
4(177 805 1250 809)
4(1322 319 1250 815)
4(179 815 1250 806)
4(1322 319 1321 820)
4(180 820 1321 809)
4(180 815 1322 820)
4(180 809 1250 815)
3(853 1321 319)
4(194 810 1321 853)
3(853 1321 820)
4(1323 812 1252 320)
4(178 808 1252 812)
4(1324 320 1252 818)
4(1324 820 1321 320)
4(180 818 1252 809)
4(181 823 1323 812)
4(181 818 1324 823)
4(181 812 1252 818)
3(320 1321 853)
3(1325 816 1259)
4(182 827 1325 816)
3(182 824 827)
4(1326 819 1260 321)
4(180 815 1260 819)
4(1327 321 1260 825)
4(182 825 1260 816)
4(183 830 1326 819)
4(183 825 1327 830)
4(183 819 1260 825)
4(1328 822 1262 322)
4(181 818 1262 822)
4(1329 322 1262 828)
4(183 828 1262 819)
4(184 833 1328 822)
4(184 828 1329 833)
4(184 822 1262 828)
3(1330 826 1269)
4(185 837 1330 826)
4(1331 829 1271 323)
4(183 825 1271 829)
4(1332 323 1271 835)
4(185 835 1271 826)
4(186 840 1331 829)
4(186 835 1332 840)
4(186 829 1271 835)
4(1333 832 1274 324)
4(184 828 1274 832)
4(1334 324 1274 838)
4(186 838 1274 829)
4(187 843 1333 832)
4(187 838 1334 843)
4(187 832 1274 838)
4(1335 839 1284 325)
4(1336 325 1284 844)
4(189 848 1335 839)
4(189 844 1336 848)
3(842 1287 326)
4(1337 326 1287 846)
4(1523 357 862 1338)
4(922 358 1523 1338)
4(862 365 1524 1338)
4(1524 367 931 1338)
4(1524 1338 1523 1414)
4(5 1414 1523 357)
4(5 365 1524 1414)
4(1525 454 922 1338)
4(931 455 1525 1338)
4(1525 1418 1523 1338)
4(30 358 1523 1418)
4(30 1418 1525 454)
4(1525 1338 1524 1420)
4(34 1420 1524 367)
4(34 455 1525 1420)
4(35 1418 1523 1414)
4(35 1414 1524 1420)
4(35 1420 1525 1418)
4(865 1339 934 360)
4(934 1339 925 361)
4(865 368 1526 1339)
4(1526 1414 1523 1339)
4(934 372 1526 1339)
4(6 368 1526 372)
4(1527 457 925 1339)
4(1527 1339 1523 1418)
4(1527 459 934 1339)
4(31 459 1527 457)
4(1527 1339 1526 1422)
4(35 1422 1526 1414)
4(35 1418 1527 1422)
4(36 372 1526 1422)
4(36 1422 1527 459)
4(1528 369 871 1340)
4(1528 1340 1524 1414)
4(871 376 1529 1340)
4(1529 378 941 1340)
4(1529 1340 1528 1415)
4(8 1415 1528 369)
4(8 376 1529 1415)
4(1530 1420 1524 1340)
4(941 467 1530 1340)
4(1530 1423 1528 1340)
4(35 1414 1528 1423)
4(35 1423 1530 1420)
4(1530 1340 1529 1426)
4(39 1426 1529 378)
4(39 467 1530 1426)
4(40 1423 1528 1415)
4(40 1415 1529 1426)
4(40 1426 1530 1423)
4(874 1341 944 371)
4(944 1341 1526 372)
4(874 379 1531 1341)
4(1531 1415 1528 1341)
4(944 383 1531 1341)
4(9 379 1531 383)
4(1532 1422 1526 1341)
4(1532 1341 1528 1423)
4(1532 469 944 1341)
4(36 469 1532 1422)
4(1532 1341 1531 1428)
4(40 1428 1531 1415)
4(40 1423 1532 1428)
4(41 383 1531 1428)
4(41 1428 1532 469)
4(1533 380 880 1342)
4(1533 1342 1529 1415)
4(880 387 1534 1342)
4(1534 389 951 1342)
4(1534 1342 1533 1416)
4(11 1416 1533 380)
4(11 387 1534 1416)
4(1535 1426 1529 1342)
4(951 477 1535 1342)
4(1535 1429 1533 1342)
4(40 1415 1533 1429)
4(40 1429 1535 1426)
4(1535 1342 1534 1432)
4(44 1432 1534 389)
4(44 477 1535 1432)
4(45 1429 1533 1416)
4(45 1416 1534 1432)
4(45 1432 1535 1429)
4(883 1343 954 382)
4(954 1343 1531 383)
4(883 390 1536 1343)
4(1536 1416 1533 1343)
4(954 394 1536 1343)
4(12 390 1536 394)
4(1537 1428 1531 1343)
4(1537 1343 1533 1429)
4(1537 479 954 1343)
4(41 479 1537 1428)
4(1537 1343 1536 1434)
4(45 1434 1536 1416)
4(45 1429 1537 1434)
4(46 394 1536 1434)
4(46 1434 1537 479)
4(1538 391 889 1344)
4(1538 1344 1534 1416)
4(889 398 1539 1344)
4(1539 400 961 1344)
4(1539 1344 1538 1417)
4(14 1417 1538 391)
4(14 398 1539 1417)
4(1540 1432 1534 1344)
4(961 487 1540 1344)
4(1540 1435 1538 1344)
4(45 1416 1538 1435)
4(45 1435 1540 1432)
4(1540 1344 1539 1438)
4(49 1438 1539 400)
4(49 487 1540 1438)
4(50 1435 1538 1417)
4(50 1417 1539 1438)
4(50 1438 1540 1435)
4(892 1345 964 393)
4(964 1345 1536 394)
4(892 401 1541 1345)
4(1541 1417 1538 1345)
4(964 405 1541 1345)
4(15 401 1541 405)
4(1542 1434 1536 1345)
4(1542 1345 1538 1435)
4(1542 489 964 1345)
4(46 489 1542 1434)
4(1542 1345 1541 1440)
4(50 1440 1541 1417)
4(50 1435 1542 1440)
4(51 405 1541 1440)
4(51 1440 1542 489)
4(1543 402 898 1346)
4(1543 1346 1539 1417)
4(974 1346 898 409)
4(971 1346 974 411)
4(1543 414 974 1346)
4(17 414 1543 402)
4(1544 1438 1539 1346)
4(971 497 1544 1346)
4(1544 1441 1543 1346)
4(50 1417 1543 1441)
4(50 1441 1544 1438)
4(974 507 1544 1346)
4(54 497 1544 507)
4(55 1441 1543 414)
4(55 507 1544 1441)
4(901 1347 975 404)
4(975 1347 1541 405)
4(976 1347 901 412)
4(976 414 1543 1347)
4(975 417 976 1347)
4(1545 1440 1541 1347)
4(1545 1347 1543 1441)
4(1545 499 975 1347)
4(51 499 1545 1440)
4(976 510 1545 1347)
4(55 1441 1545 510)
4(56 510 1545 499)
4(1546 445 923 1348)
4(1020 446 1546 1348)
4(923 454 1547 1348)
4(1547 456 1028 1348)
4(1547 1348 1546 1419)
4(30 1419 1546 445)
4(30 454 1547 1419)
4(1548 562 1020 1348)
4(1028 563 1548 1348)
4(1548 1447 1546 1348)
4(73 446 1546 1447)
4(73 1447 1548 562)
4(1548 1348 1547 1448)
4(76 1448 1547 456)
4(76 563 1548 1448)
4(77 1447 1546 1419)
4(77 1419 1547 1448)
4(77 1448 1548 1447)
4(926 1349 1031 448)
4(1031 1349 1023 449)
4(926 457 1549 1349)
4(1549 1419 1546 1349)
4(1031 460 1549 1349)
4(31 457 1549 460)
4(1550 565 1023 1349)
4(1550 1349 1546 1447)
4(1550 568 1031 1349)
4(74 568 1550 565)
4(1550 1349 1549 1450)
4(77 1450 1549 1419)
4(77 1447 1550 1450)
4(78 460 1549 1450)
4(78 1450 1550 568)
4(1551 455 933 1350)
4(1029 456 1551 1350)
4(933 464 1552 1350)
4(1552 466 1036 1350)
4(1552 1350 1551 1421)
4(34 1421 1551 455)
4(34 464 1552 1421)
4(1553 572 1029 1350)
4(1036 573 1553 1350)
4(1553 1449 1551 1350)
4(76 456 1551 1449)
4(76 1449 1553 572)
4(1553 1350 1552 1454)
4(80 1454 1552 466)
4(80 573 1553 1454)
4(81 1449 1551 1421)
4(81 1421 1552 1454)
4(81 1454 1553 1449)
4(1554 1418 1525 1351)
4(1554 1351 1547 1419)
4(1555 1351 1525 1420)
4(1555 1421 1551 1351)
4(1555 1351 1554 1424)
4(35 1424 1554 1418)
4(35 1420 1555 1424)
4(1556 1448 1547 1351)
4(1556 1351 1551 1449)
4(1556 1451 1554 1351)
4(77 1419 1554 1451)
4(77 1451 1556 1448)
4(1556 1351 1555 1455)
4(81 1455 1555 1421)
4(81 1449 1556 1455)
4(82 1451 1554 1424)
4(82 1424 1555 1455)
4(82 1455 1556 1451)
4(1557 459 1527 1352)
4(1557 1352 1549 460)
4(1558 1352 1527 1422)
4(1558 1424 1554 1352)
4(1558 1352 1557 1425)
4(36 1425 1557 459)
4(36 1422 1558 1425)
4(1559 1450 1549 1352)
4(1559 1352 1554 1451)
4(1559 1453 1557 1352)
4(78 460 1557 1453)
4(78 1453 1559 1450)
4(1559 1352 1558 1458)
4(82 1458 1558 1424)
4(82 1451 1559 1458)
4(83 1453 1557 1425)
4(83 1425 1558 1458)
4(83 1458 1559 1453)
4(937 1353 1039 461)
4(1039 1353 1033 462)
4(937 468 1560 1353)
4(1560 1425 1557 1353)
4(1039 472 1560 1353)
4(37 468 1560 472)
4(1561 576 1033 1353)
4(1561 1353 1557 1453)
4(1561 579 1039 1353)
4(79 579 1561 576)
4(1561 1353 1560 1461)
4(83 1461 1560 1425)
4(83 1453 1561 1461)
4(84 472 1560 1461)
4(84 1461 1561 579)
4(1562 467 943 1354)
4(1562 1354 1552 1421)
4(943 474 1563 1354)
4(1563 476 1042 1354)
4(1563 1354 1562 1427)
4(39 1427 1562 467)
4(39 474 1563 1427)
4(1564 1454 1552 1354)
4(1042 582 1564 1354)
4(1564 1456 1562 1354)
4(81 1421 1562 1456)
4(81 1456 1564 1454)
4(1564 1354 1563 1464)
4(86 1464 1563 476)
4(86 582 1564 1464)
4(87 1456 1562 1427)
4(87 1427 1563 1464)
4(87 1464 1564 1456)
4(1565 1423 1530 1355)
4(1565 1355 1555 1424)
4(1566 1355 1530 1426)
4(1566 1427 1562 1355)
4(1566 1355 1565 1430)
4(40 1430 1565 1423)
4(40 1426 1566 1430)
4(1567 1455 1555 1355)
4(1567 1355 1562 1456)
4(1567 1459 1565 1355)
4(82 1424 1565 1459)
4(82 1459 1567 1455)
4(1567 1355 1566 1465)
4(87 1465 1566 1427)
4(87 1456 1567 1465)
4(88 1459 1565 1430)
4(88 1430 1566 1465)
4(88 1465 1567 1459)
4(1568 469 1532 1356)
4(1568 1356 1558 1425)
4(1569 1356 1532 1428)
4(1569 1430 1565 1356)
4(1569 1356 1568 1431)
4(41 1431 1568 469)
4(41 1428 1569 1431)
4(1570 1458 1558 1356)
4(1570 1356 1565 1459)
4(1570 1462 1568 1356)
4(83 1425 1568 1462)
4(83 1462 1570 1458)
4(1570 1356 1569 1468)
4(88 1468 1569 1430)
4(88 1459 1570 1468)
4(89 1462 1568 1431)
4(89 1431 1569 1468)
4(89 1468 1570 1462)
4(947 1357 1045 471)
4(1045 1357 1560 472)
4(947 478 1571 1357)
4(1571 1431 1568 1357)
4(1045 482 1571 1357)
4(42 478 1571 482)
4(1572 1461 1560 1357)
4(1572 1357 1568 1462)
4(1572 585 1045 1357)
4(84 585 1572 1461)
4(1572 1357 1571 1471)
4(89 1471 1571 1431)
4(89 1462 1572 1471)
4(90 482 1571 1471)
4(90 1471 1572 585)
4(1573 477 953 1358)
4(1573 1358 1563 1427)
4(953 484 1574 1358)
4(1574 486 1048 1358)
4(1574 1358 1573 1433)
4(44 1433 1573 477)
4(44 484 1574 1433)
4(1575 1464 1563 1358)
4(1048 589 1575 1358)
4(1575 1466 1573 1358)
4(87 1427 1573 1466)
4(87 1466 1575 1464)
4(1575 1358 1574 1474)
4(92 1474 1574 486)
4(92 589 1575 1474)
4(93 1466 1573 1433)
4(93 1433 1574 1474)
4(93 1474 1575 1466)
4(1576 1429 1535 1359)
4(1576 1359 1566 1430)
4(1577 1359 1535 1432)
4(1577 1433 1573 1359)
4(1577 1359 1576 1436)
4(45 1436 1576 1429)
4(45 1432 1577 1436)
4(1578 1465 1566 1359)
4(1578 1359 1573 1466)
4(1578 1469 1576 1359)
4(88 1430 1576 1469)
4(88 1469 1578 1465)
4(1578 1359 1577 1475)
4(93 1475 1577 1433)
4(93 1466 1578 1475)
4(94 1469 1576 1436)
4(94 1436 1577 1475)
4(94 1475 1578 1469)
4(1579 479 1537 1360)
4(1579 1360 1569 1431)
4(1580 1360 1537 1434)
4(1580 1436 1576 1360)
4(1580 1360 1579 1437)
4(46 1437 1579 479)
4(46 1434 1580 1437)
4(1581 1468 1569 1360)
4(1581 1360 1576 1469)
4(1581 1472 1579 1360)
4(89 1431 1579 1472)
4(89 1472 1581 1468)
4(1581 1360 1580 1478)
4(94 1478 1580 1436)
4(94 1469 1581 1478)
4(95 1472 1579 1437)
4(95 1437 1580 1478)
4(95 1478 1581 1472)
4(957 1361 1051 481)
4(1051 1361 1571 482)
4(957 488 1582 1361)
4(1582 1437 1579 1361)
4(1051 492 1582 1361)
4(47 488 1582 492)
4(1583 1471 1571 1361)
4(1583 1361 1579 1472)
4(1583 592 1051 1361)
4(90 592 1583 1471)
4(1583 1361 1582 1481)
4(95 1481 1582 1437)
4(95 1472 1583 1481)
4(96 492 1582 1481)
4(96 1481 1583 592)
4(1584 487 963 1362)
4(1584 1362 1574 1433)
4(963 494 1585 1362)
4(1585 496 1054 1362)
4(1585 1362 1584 1439)
4(49 1439 1584 487)
4(49 494 1585 1439)
4(1586 1474 1574 1362)
4(1054 596 1586 1362)
4(1586 1476 1584 1362)
4(93 1433 1584 1476)
4(93 1476 1586 1474)
4(1586 1362 1585 1484)
4(97 1484 1585 496)
4(97 596 1586 1484)
4(98 1476 1584 1439)
4(98 1439 1585 1484)
4(98 1484 1586 1476)
4(1587 1435 1540 1363)
4(1587 1363 1577 1436)
4(1588 1363 1540 1438)
4(1588 1439 1584 1363)
4(1588 1363 1587 1442)
4(50 1442 1587 1435)
4(50 1438 1588 1442)
4(1589 1475 1577 1363)
4(1589 1363 1584 1476)
4(1589 1479 1587 1363)
4(94 1436 1587 1479)
4(94 1479 1589 1475)
4(1589 1363 1588 1485)
4(98 1485 1588 1439)
4(98 1476 1589 1485)
4(99 1479 1587 1442)
4(99 1442 1588 1485)
4(99 1485 1589 1479)
4(1590 489 1542 1364)
4(1590 1364 1580 1437)
4(1591 1364 1542 1440)
4(1591 1442 1587 1364)
4(1591 1364 1590 1443)
4(51 1443 1590 489)
4(51 1440 1591 1443)
4(1592 1478 1580 1364)
4(1592 1364 1587 1479)
4(1592 1482 1590 1364)
4(95 1437 1590 1482)
4(95 1482 1592 1478)
4(1592 1364 1591 1488)
4(99 1488 1591 1442)
4(99 1479 1592 1488)
4(100 1482 1590 1443)
4(100 1443 1591 1488)
4(100 1488 1592 1482)
4(967 1365 1057 491)
4(1057 1365 1582 492)
4(967 498 1593 1365)
4(1593 1443 1590 1365)
4(1057 502 1593 1365)
4(52 498 1593 502)
4(1594 1481 1582 1365)
4(1594 1365 1590 1482)
4(1594 599 1057 1365)
4(96 599 1594 1481)
4(1594 1365 1593 1491)
4(100 1491 1593 1443)
4(100 1482 1594 1491)
4(101 502 1593 1491)
4(101 1491 1594 599)
4(1595 497 973 1366)
4(1595 1366 1585 1439)
4(1063 1366 973 504)
4(1060 1366 1063 506)
4(1595 509 1063 1366)
4(54 509 1595 497)
4(1596 1484 1585 1366)
4(1060 602 1596 1366)
4(1596 1486 1595 1366)
4(98 1439 1595 1486)
4(98 1486 1596 1484)
4(1063 608 1596 1366)
4(102 602 1596 608)
4(103 1486 1595 509)
4(103 608 1596 1486)
4(1597 1441 1544 1367)
4(1597 1367 1588 1442)
4(1598 1367 1544 507)
4(1598 509 1595 1367)
4(1598 1367 1597 1444)
4(55 1444 1597 1441)
4(55 507 1598 1444)
4(1599 1485 1588 1367)
4(1599 1367 1595 1486)
4(1599 1489 1597 1367)
4(99 1442 1597 1489)
4(99 1489 1599 1485)
4(1599 1367 1598 1494)
4(103 1494 1598 509)
4(103 1486 1599 1494)
4(104 1489 1597 1444)
4(104 1444 1598 1494)
4(104 1494 1599 1489)
4(1600 499 1545 1368)
4(1600 1368 1591 1443)
4(1601 1368 1545 510)
4(1601 1444 1597 1368)
4(1601 1368 1600 514)
4(56 514 1600 499)
4(56 510 1601 514)
4(1602 1488 1591 1368)
4(1602 1368 1597 1489)
4(1602 1492 1600 1368)
4(100 1443 1600 1492)
4(100 1492 1602 1488)
4(1602 1368 1601 1495)
4(104 1495 1601 1444)
4(104 1489 1602 1495)
4(105 1492 1600 514)
4(105 514 1601 1495)
4(105 1495 1602 1492)
4(979 1369 1064 501)
4(1064 1369 1593 502)
4(1065 1369 979 512)
4(1065 514 1600 1369)
4(1064 517 1065 1369)
4(1603 1491 1593 1369)
4(1603 1369 1600 1492)
4(1603 605 1064 1369)
4(101 605 1603 1491)
4(1065 613 1603 1369)
4(105 1492 1603 613)
4(106 613 1603 605)
4(1604 511 987 1370)
4(1604 1370 1598 1444)
4(987 521 1605 1370)
4(1605 523 1071 1370)
4(1605 1370 1604 1445)
4(60 1445 1604 511)
4(60 521 1605 1445)
4(1606 1494 1598 1370)
4(1071 611 1606 1370)
4(1606 1496 1604 1370)
4(104 1444 1604 1496)
4(104 1496 1606 1494)
4(1606 1370 1605 1498)
4(108 1498 1605 523)
4(108 611 1606 1498)
4(109 1496 1604 1445)
4(109 1445 1605 1498)
4(109 1498 1606 1496)
4(990 1371 1074 513)
4(1074 1371 1601 514)
4(990 524 1607 1371)
4(1607 1445 1604 1371)
4(1074 528 1607 1371)
4(61 524 1607 528)
4(1608 1495 1601 1371)
4(1608 1371 1604 1496)
4(1608 614 1074 1371)
4(105 614 1608 1495)
4(1608 1371 1607 1499)
4(109 1499 1607 1445)
4(109 1496 1608 1499)
4(110 528 1607 1499)
4(110 1499 1608 614)
4(1609 525 999 1372)
4(1609 1372 1605 1445)
4(999 533 1610 1372)
4(1610 535 1081 1372)
4(1610 1372 1609 1446)
4(65 1446 1609 525)
4(65 533 1610 1446)
4(1611 1498 1605 1372)
4(1081 623 1611 1372)
4(1611 1500 1609 1372)
4(109 1445 1609 1500)
4(109 1500 1611 1498)
4(1611 1372 1610 1502)
4(113 1502 1610 535)
4(113 623 1611 1502)
4(114 1500 1609 1446)
4(114 1446 1610 1502)
4(114 1502 1611 1500)
4(1002 1373 1084 527)
4(1084 1373 1607 528)
4(1002 536 1612 1373)
4(1612 1446 1609 1373)
4(1084 540 1612 1373)
4(66 536 1612 540)
4(1613 1499 1607 1373)
4(1613 1373 1609 1500)
4(1613 626 1084 1373)
4(110 626 1613 1499)
4(1613 1373 1612 1503)
4(114 1503 1612 1446)
4(114 1500 1613 1503)
4(115 540 1612 1503)
4(115 1503 1613 626)
4(1614 537 1009 1374)
4(1614 1374 1610 1446)
4(1092 1374 1009 543)
4(1089 1374 1092 545)
4(1614 548 1092 1374)
4(69 548 1614 537)
4(1615 1502 1610 1374)
4(1089 634 1615 1374)
4(1615 1504 1614 1374)
4(114 1446 1614 1504)
4(114 1504 1615 1502)
4(1092 642 1615 1374)
4(117 634 1615 642)
4(118 1504 1614 548)
4(118 642 1615 1504)
4(1012 1375 1093 539)
4(1093 1375 1612 540)
4(1094 1375 1012 546)
4(1094 548 1614 1375)
4(1093 551 1094 1375)
4(1616 1503 1612 1375)
4(1616 1375 1614 1504)
4(1616 637 1093 1375)
4(115 637 1616 1503)
4(1094 645 1616 1375)
4(118 1504 1616 645)
4(119 645 1616 637)
4(1617 1447 1548 1376)
4(1113 566 1617 1376)
4(1618 1376 1548 1448)
4(1618 575 1121 1376)
4(1618 1376 1617 1452)
4(77 1452 1617 1447)
4(77 1448 1618 1452)
4(1113 1376 1124 662)
4(1124 1376 1121 663)
4(1124 666 1617 1376)
4(124 566 1617 666)
4(1618 675 1124 1376)
4(127 675 1618 575)
4(128 666 1617 1452)
4(128 1452 1618 675)
4(1125 568 1550 1377)
4(1125 1377 1116 569)
4(1619 1377 1550 1450)
4(1619 1452 1617 1377)
4(1125 577 1619 1377)
4(78 1450 1619 577)
4(1116 1377 1126 665)
4(1126 1377 1617 666)
4(1126 669 1125 1377)
4(1619 678 1126 1377)
4(128 678 1619 1452)
4(129 577 1619 678)
4(1620 1449 1553 1378)
4(1122 575 1620 1378)
4(1621 1378 1553 1454)
4(1621 583 1131 1378)
4(1621 1378 1620 1457)
4(81 1457 1620 1449)
4(81 1454 1621 1457)
4(1122 1378 1134 672)
4(1134 1378 1131 673)
4(1134 676 1620 1378)
4(127 575 1620 676)
4(1621 686 1134 1378)
4(131 686 1621 583)
4(132 676 1620 1457)
4(132 1457 1621 686)
4(1622 1451 1556 1379)
4(1622 1379 1618 1452)
4(1623 1379 1556 1455)
4(1623 1457 1620 1379)
4(1623 1379 1622 1460)
4(82 1460 1622 1451)
4(82 1455 1623 1460)
4(1624 675 1618 1379)
4(1624 1379 1620 676)
4(1624 1506 1622 1379)
4(128 1452 1622 1506)
4(128 1506 1624 675)
4(1624 1379 1623 1507)
4(132 1507 1623 1457)
4(132 676 1624 1507)
4(133 1506 1622 1460)
4(133 1460 1623 1507)
4(133 1507 1624 1506)
4(1625 1453 1559 1380)
4(1625 1380 1619 577)
4(1626 1380 1559 1458)
4(1626 1460 1622 1380)
4(1626 1380 1625 1463)
4(83 1463 1625 1453)
4(83 1458 1626 1463)
4(1627 678 1619 1380)
4(1627 1380 1622 1506)
4(1627 681 1625 1380)
4(129 577 1625 681)
4(129 681 1627 678)
4(1627 1380 1626 1508)
4(133 1508 1626 1460)
4(133 1506 1627 1508)
4(134 681 1625 1463)
4(134 1463 1626 1508)
4(134 1508 1627 681)
4(1135 579 1561 1381)
4(1135 1381 1128 580)
4(1628 1381 1561 1461)
4(1628 1463 1625 1381)
4(1135 586 1628 1381)
4(84 1461 1628 586)
4(1128 1381 1136 680)
4(1136 1381 1625 681)
4(1136 683 1135 1381)
4(1628 691 1136 1381)
4(134 691 1628 1463)
4(135 586 1628 691)
4(1629 1456 1564 1382)
4(1629 1382 1621 1457)
4(1630 1382 1564 1464)
4(1630 590 1139 1382)
4(1630 1382 1629 1467)
4(87 1467 1629 1456)
4(87 1464 1630 1467)
4(1142 686 1621 1382)
4(1142 1382 1139 687)
4(1142 689 1629 1382)
4(132 1457 1629 689)
4(1630 698 1142 1382)
4(136 698 1630 590)
4(137 689 1629 1467)
4(137 1467 1630 698)
4(1631 1459 1567 1383)
4(1631 1383 1623 1460)
4(1632 1383 1567 1465)
4(1632 1467 1629 1383)
4(1632 1383 1631 1470)
4(88 1470 1631 1459)
4(88 1465 1632 1470)
4(1633 1507 1623 1383)
4(1633 1383 1629 689)
4(1633 1509 1631 1383)
4(133 1460 1631 1509)
4(133 1509 1633 1507)
4(1633 1383 1632 1511)
4(137 1511 1632 1467)
4(137 689 1633 1511)
4(138 1509 1631 1470)
4(138 1470 1632 1511)
4(138 1511 1633 1509)
4(1634 1462 1570 1384)
4(1634 1384 1626 1463)
4(1635 1384 1570 1468)
4(1635 1470 1631 1384)
4(1635 1384 1634 1473)
4(89 1473 1634 1462)
4(89 1468 1635 1473)
4(1636 1508 1626 1384)
4(1636 1384 1631 1509)
4(1636 692 1634 1384)
4(134 1463 1634 692)
4(134 692 1636 1508)
4(1636 1384 1635 1512)
4(138 1512 1635 1470)
4(138 1509 1636 1512)
4(139 692 1634 1473)
4(139 1473 1635 1512)
4(139 1512 1636 692)
4(1143 585 1572 1385)
4(1143 1385 1628 586)
4(1637 1385 1572 1471)
4(1637 1473 1634 1385)
4(1143 593 1637 1385)
4(90 1471 1637 593)
4(1144 691 1628 1385)
4(1144 1385 1634 692)
4(1144 695 1143 1385)
4(1637 703 1144 1385)
4(139 703 1637 1473)
4(140 593 1637 703)
4(1638 1466 1575 1386)
4(1638 1386 1630 1467)
4(1639 1386 1575 1474)
4(1639 597 1147 1386)
4(1639 1386 1638 1477)
4(93 1477 1638 1466)
4(93 1474 1639 1477)
4(1150 698 1630 1386)
4(1150 1386 1147 699)
4(1150 701 1638 1386)
4(137 1467 1638 701)
4(1639 710 1150 1386)
4(141 710 1639 597)
4(142 701 1638 1477)
4(142 1477 1639 710)
4(1640 1469 1578 1387)
4(1640 1387 1632 1470)
4(1641 1387 1578 1475)
4(1641 1477 1638 1387)
4(1641 1387 1640 1480)
4(94 1480 1640 1469)
4(94 1475 1641 1480)
4(1642 1511 1632 1387)
4(1642 1387 1638 701)
4(1642 1513 1640 1387)
4(138 1470 1640 1513)
4(138 1513 1642 1511)
4(1642 1387 1641 1515)
4(142 1515 1641 1477)
4(142 701 1642 1515)
4(143 1513 1640 1480)
4(143 1480 1641 1515)
4(143 1515 1642 1513)
4(1643 1472 1581 1388)
4(1643 1388 1635 1473)
4(1644 1388 1581 1478)
4(1644 1480 1640 1388)
4(1644 1388 1643 1483)
4(95 1483 1643 1472)
4(95 1478 1644 1483)
4(1645 1512 1635 1388)
4(1645 1388 1640 1513)
4(1645 704 1643 1388)
4(139 1473 1643 704)
4(139 704 1645 1512)
4(1645 1388 1644 1516)
4(143 1516 1644 1480)
4(143 1513 1645 1516)
4(144 704 1643 1483)
4(144 1483 1644 1516)
4(144 1516 1645 704)
4(1151 592 1583 1389)
4(1151 1389 1637 593)
4(1646 1389 1583 1481)
4(1646 1483 1643 1389)
4(1151 600 1646 1389)
4(96 1481 1646 600)
4(1152 703 1637 1389)
4(1152 1389 1643 704)
4(1152 707 1151 1389)
4(1646 715 1152 1389)
4(144 715 1646 1483)
4(145 600 1646 715)
4(1647 1476 1586 1390)
4(1647 1390 1639 1477)
4(1648 1390 1586 1484)
4(1648 603 1155 1390)
4(1648 1390 1647 1487)
4(98 1487 1647 1476)
4(98 1484 1648 1487)
4(1158 710 1639 1390)
4(1158 1390 1155 711)
4(1158 713 1647 1390)
4(142 1477 1647 713)
4(1648 722 1158 1390)
4(146 722 1648 603)
4(147 713 1647 1487)
4(147 1487 1648 722)
4(1649 1479 1589 1391)
4(1649 1391 1641 1480)
4(1650 1391 1589 1485)
4(1650 1487 1647 1391)
4(1650 1391 1649 1490)
4(99 1490 1649 1479)
4(99 1485 1650 1490)
4(1651 1515 1641 1391)
4(1651 1391 1647 713)
4(1651 1517 1649 1391)
4(143 1480 1649 1517)
4(143 1517 1651 1515)
4(1651 1391 1650 1519)
4(147 1519 1650 1487)
4(147 713 1651 1519)
4(148 1517 1649 1490)
4(148 1490 1650 1519)
4(148 1519 1651 1517)
4(1652 1482 1592 1392)
4(1652 1392 1644 1483)
4(1653 1392 1592 1488)
4(1653 1490 1649 1392)
4(1653 1392 1652 1493)
4(100 1493 1652 1482)
4(100 1488 1653 1493)
4(1654 1516 1644 1392)
4(1654 1392 1649 1517)
4(1654 716 1652 1392)
4(144 1483 1652 716)
4(144 716 1654 1516)
4(1654 1392 1653 1520)
4(148 1520 1653 1490)
4(148 1517 1654 1520)
4(149 716 1652 1493)
4(149 1493 1653 1520)
4(149 1520 1654 716)
4(1159 599 1594 1393)
4(1159 1393 1646 600)
4(1655 1393 1594 1491)
4(1655 1493 1652 1393)
4(1159 606 1655 1393)
4(101 1491 1655 606)
4(1160 715 1646 1393)
4(1160 1393 1652 716)
4(1160 719 1159 1393)
4(1655 727 1160 1393)
4(149 727 1655 1493)
4(150 606 1655 727)
4(1656 1486 1596 1394)
4(1656 1394 1648 1487)
4(1166 1394 1596 608)
4(1163 1394 1166 610)
4(1656 612 1166 1394)
4(103 612 1656 1486)
4(1167 722 1648 1394)
4(1167 1394 1163 723)
4(1167 725 1656 1394)
4(147 1487 1656 725)
4(1166 734 1167 1394)
4(152 725 1656 612)
4(1657 1489 1599 1395)
4(1657 1395 1650 1490)
4(1658 1395 1599 1494)
4(1658 612 1656 1395)
4(1658 1395 1657 1497)
4(104 1497 1657 1489)
4(104 1494 1658 1497)
4(1659 1519 1650 1395)
4(1659 1395 1656 725)
4(1659 1521 1657 1395)
4(148 1490 1657 1521)
4(148 1521 1659 1519)
4(1659 1395 1658 737)
4(152 737 1658 612)
4(152 725 1659 737)
4(153 1521 1657 1497)
4(153 1497 1658 737)
4(153 737 1659 1521)
4(1660 1492 1602 1396)
4(1660 1396 1653 1493)
4(1661 1396 1602 1495)
4(1661 1497 1657 1396)
4(1661 1396 1660 615)
4(105 615 1660 1492)
4(105 1495 1661 615)
4(1662 1520 1653 1396)
4(1662 1396 1657 1521)
4(1662 728 1660 1396)
4(149 1493 1660 728)
4(149 728 1662 1520)
4(1662 1396 1661 740)
4(153 740 1661 1497)
4(153 1521 1662 740)
4(154 728 1660 615)
4(154 615 1661 740)
4(154 740 1662 728)
4(1168 605 1603 1397)
4(1168 1397 1655 606)
4(1169 1397 1603 613)
4(1169 615 1660 1397)
4(1168 618 1169 1397)
4(1170 727 1655 1397)
4(1170 1397 1660 728)
4(1170 731 1168 1397)
4(1169 743 1170 1397)
4(1663 1496 1606 1398)
4(1663 1398 1658 1497)
4(1664 1398 1606 1498)
4(1664 624 1175 1398)
4(1664 1398 1663 1501)
4(109 1501 1663 1496)
4(109 1498 1664 1501)
4(1178 737 1658 1398)
4(1178 1398 1175 738)
4(1178 741 1663 1398)
4(153 1497 1663 741)
4(1664 751 1178 1398)
4(157 751 1664 624)
4(158 741 1663 1501)
4(158 1501 1664 751)
4(1179 614 1608 1399)
4(1179 1399 1661 615)
4(1665 1399 1608 1499)
4(1665 1501 1663 1399)
4(1179 627 1665 1399)
4(110 1499 1665 627)
4(1180 740 1661 1399)
4(1180 1399 1663 741)
4(1180 744 1179 1399)
4(1665 754 1180 1399)
4(158 754 1665 1501)
4(159 627 1665 754)
4(1666 1500 1611 1400)
4(1666 1400 1664 1501)
4(1667 1400 1611 1502)
4(1667 635 1186 1400)
4(1667 1400 1666 1505)
4(114 1505 1666 1500)
4(114 1502 1667 1505)
4(1189 751 1664 1400)
4(1189 1400 1186 752)
4(1189 755 1666 1400)
4(158 1501 1666 755)
4(1667 762 1189 1400)
4(162 762 1667 635)
4(163 755 1666 1505)
4(163 1505 1667 762)
4(1190 626 1613 1401)
4(1190 1401 1665 627)
4(1668 1401 1613 1503)
4(1668 1505 1666 1401)
4(1190 638 1668 1401)
4(115 1503 1668 638)
4(1191 754 1665 1401)
4(1191 1401 1666 755)
4(1191 758 1190 1401)
4(1668 765 1191 1401)
4(163 765 1668 1505)
4(164 638 1668 765)
4(1669 1504 1615 1402)
4(1669 1402 1667 1505)
4(1199 1402 1615 642)
4(1196 1402 1199 644)
4(1669 647 1199 1402)
4(118 647 1669 1504)
4(1200 762 1667 1402)
4(1200 1402 1196 763)
4(1200 766 1669 1402)
4(163 1505 1669 766)
4(1199 772 1200 1402)
4(167 766 1669 647)
4(1201 637 1616 1403)
4(1201 1403 1668 638)
4(1202 1403 1616 645)
4(1202 647 1669 1403)
4(1201 650 1202 1403)
4(1203 765 1668 1403)
4(1203 1403 1669 766)
4(1203 769 1201 1403)
4(1202 775 1203 1403)
4(1670 1506 1624 1404)
4(1220 679 1670 1404)
4(1671 1404 1624 1507)
4(1671 690 1227 1404)
4(1671 1404 1670 1510)
4(133 1510 1670 1506)
4(133 1507 1671 1510)
4(1220 1404 1230 787)
4(1230 1404 1227 788)
4(1230 790 1670 1404)
4(171 679 1670 790)
4(1671 795 1230 1404)
4(173 795 1671 690)
4(174 790 1670 1510)
4(174 1510 1671 795)
4(1231 681 1627 1405)
4(1231 1405 1223 682)
4(1672 1405 1627 1508)
4(1672 1510 1670 1405)
4(1231 693 1672 1405)
4(134 1508 1672 693)
4(1223 1405 1232 789)
4(1232 1405 1670 790)
4(1232 793 1231 1405)
4(1672 798 1232 1405)
4(174 798 1672 1510)
4(175 693 1672 798)
4(1673 1509 1633 1406)
4(1673 1406 1671 1510)
4(1674 1406 1633 1511)
4(1674 702 1237 1406)
4(1674 1406 1673 1514)
4(138 1514 1673 1509)
4(138 1511 1674 1514)
4(1240 795 1671 1406)
4(1240 1406 1237 796)
4(1240 799 1673 1406)
4(174 1510 1673 799)
4(1674 805 1240 1406)
4(176 805 1674 702)
4(177 799 1673 1514)
4(177 1514 1674 805)
4(1241 692 1636 1407)
4(1241 1407 1672 693)
4(1675 1407 1636 1512)
4(1675 1514 1673 1407)
4(1241 705 1675 1407)
4(139 1512 1675 705)
4(1242 798 1672 1407)
4(1242 1407 1673 799)
4(1242 802 1241 1407)
4(1675 808 1242 1407)
4(177 808 1675 1514)
4(178 705 1675 808)
4(1676 1513 1642 1408)
4(1676 1408 1674 1514)
4(1677 1408 1642 1515)
4(1677 714 1247 1408)
4(1677 1408 1676 1518)
4(143 1518 1676 1513)
4(143 1515 1677 1518)
4(1250 805 1674 1408)
4(1250 1408 1247 806)
4(1250 809 1676 1408)
4(177 1514 1676 809)
4(1677 815 1250 1408)
4(179 815 1677 714)
4(180 809 1676 1518)
4(180 1518 1677 815)
4(1251 704 1645 1409)
4(1251 1409 1675 705)
4(1678 1409 1645 1516)
4(1678 1518 1676 1409)
4(1251 717 1678 1409)
4(144 1516 1678 717)
4(1252 808 1675 1409)
4(1252 1409 1676 809)
4(1252 812 1251 1409)
4(1678 818 1252 1409)
4(180 818 1678 1518)
4(181 717 1678 818)
4(1679 1517 1651 1410)
4(1679 1410 1677 1518)
4(1680 1410 1651 1519)
4(1680 726 1257 1410)
4(1680 1410 1679 1522)
4(148 1522 1679 1517)
4(148 1519 1680 1522)
4(1260 815 1677 1410)
4(1260 1410 1257 816)
4(1260 819 1679 1410)
4(180 1518 1679 819)
4(1680 825 1260 1410)
4(182 825 1680 726)
4(183 819 1679 1522)
4(183 1522 1680 825)
4(1261 716 1654 1411)
4(1261 1411 1678 717)
4(1681 1411 1654 1520)
4(1681 1522 1679 1411)
4(1261 729 1681 1411)
4(149 1520 1681 729)
4(1262 818 1678 1411)
4(1262 1411 1679 819)
4(1262 822 1261 1411)
4(1681 828 1262 1411)
4(183 828 1681 1522)
4(184 729 1681 828)
4(1682 1521 1659 1412)
4(1682 1412 1680 1522)
4(1270 1412 1659 737)
4(1267 1412 1270 739)
4(1682 742 1270 1412)
4(153 742 1682 1521)
4(1271 825 1680 1412)
4(1271 1412 1267 826)
4(1271 829 1682 1412)
4(183 1522 1682 829)
4(1270 835 1271 1412)
4(186 829 1682 742)
4(1272 728 1662 1413)
4(1272 1413 1681 729)
4(1273 1413 1662 740)
4(1273 742 1682 1413)
4(1272 745 1273 1413)
4(1274 828 1681 1413)
4(1274 1413 1682 829)
4(1274 832 1272 1413)
4(1273 838 1274 1413)
4(0 332 200 873)
5(345 855 914 346 918)
4(347 857 916 348)
5(351 919 352 929 859)
4(868 363 364 939)
4(877 374 375 949)
4(886 385 386 959)
4(895 396 397 969)
5(903 407 408 981 221)
4(18 416 909 415)
4(19 420 910 419)
4(992 21 425 228)
6(912 427 22 428 1005 229)
4(23 430 913 429)
5(440 920 439 1018 1026)
5(32 938 238 1035 462)
4(1040 470 948 240)
4(1046 480 958 242)
4(1052 490 968 244)
4(1058 500 980 246)
5(57 516 250 1066 515)
4(58 520 1080 519)
6(1006 531 63 532 1088 253)
6(1096 549 70 550 1103 258)
5(1107 260 1104 554 71)
4(560 1111 1119 561)
4(1130 578 1041 266)
4(1137 584 1047 268)
4(85 1140 269 588)
4(1153 598 1059 272)
4(1161 604 1067 274)
4(1171 616 1079 278)
5(1184 628 629 1192 630)
4(112 633 1195 632)
4(1205 648 1106 286)
5(1108 120 652 1209 287)
4(1109 654 1214 288)
6(125 668 1129 292 1222 670)
4(1138 1233 684 130)
4(694 1146 1243 696)
4(706 1154 1253 708)
4(718 1162 1263 720)
4(730 1172 1275 732)
4(151 736 1278 735)
4(156 1280 307 750)
5(1299 768 1206 1304 770)
6(774 1302 313 1210 773 166)
4(1307 777 1305 314)
5(170 787 1308 315 1310)
4(1311 791 1309 316)
4(1313 172 792 1235)
4(1315 797 1312 317)
4(1316 800 1314 318)
4(801 1245 1318 803)
4(1320 807 1317 319)
4(811 1255 1323 813)
4(1325 817 1322 321)
4(1326 820 1324 322)
4(821 1265 1328 823)
4(1330 827 1327 323)
4(1331 830 1329 324)
4(831 1277 1333 833)
5(185 837 1332 325 836)
4(1335 840 1334 326)
5(1337 846 1298 847 848)
4(866 863 330 370)
4(873 198 869 0)
4(875 370 330 872)
4(893 392 337 890)
4(893 890 340 403)
5(21 416 206 907 422)
5(910 423 344 905 419)
4(373 935 866 370)
4(958 480 384 955)
4(958 955 395 490)
4(406 965 893 403)
4(968 490 395 965)
4(57 418 991 516)
5(62 516 991 224 992)
5(1003 228 425 24 432)
4(62 992 228 529)
5(67 529 228 1003 538)
5(1013 538 1003 432 1010)
5(1013 1010 435 70 549)
6(1015 231 1008 433 68 544)
5(1016 232 1014 71 554)
5(1025 1022 438 27 447)
4(32 462 1032 450)
4(1040 238 938 470)
4(1041 578 1035 238)
4(1041 238 1040 584)
4(1046 240 948 480)
4(1047 584 1040 240)
4(1052 242 958 490)
4(594 242 1052 598)
4(1058 244 968 500)
4(1059 598 1052 244)
4(1059 244 1058 604)
4(1066 246 980 515)
4(1067 604 1058 246)
4(1067 246 1066 616)
5(1069 520 58 505 247)
4(1079 616 1066 250)
4(1079 250 1078 628)
5(621 1080 520 1069 619)
4(67 541 1085 529)
4(116 629 1085 541)
5(1085 629 628 1078 530)
4(1096 254 1013 549)
4(116 541 1095 639)
6(68 542 1090 255 1098 544)
6(556 1103 550 1016 554 1104)
4(1106 648 1096 258)
5(71 552 1101 259 1107)
5(1108 259 1101 553 120)
4(1108 654 1107 259)
4(1109 260 1107 654)
4(1118 1115 559 567)
5(1118 668 125 659 1115)
5(1127 671 1129 668 1118)
4(130 671 1127 580)
5(1130 580 1127 570 578)
4(1137 266 1041 584)
5(1138 130 580 1130 266)
4(1138 266 1137 694)
4(1146 694 1137 268)
4(1146 268 1145 706)
4(269 1148 595 588)
4(270 1145 91 594)
4(1153 270 594 598)
4(1154 706 1145 270)
4(1154 270 1153 718)
4(1161 272 1059 604)
4(1162 718 1153 272)
4(1162 272 1161 730)
4(1171 274 1067 616)
4(1172 730 1161 274)
4(1172 274 1171 746)
5(151 735 275 1164 733)
4(1184 278 1079 628)
5(278 1184 630 160 747)
4(116 640 1192 629)
4(160 630 1192 760)
4(165 760 1192 640)
5(1195 281 1197 641 632)
6(1198 281 1195 633 161 761)
5(1205 282 1204 639 648)
6(1204 282 1206 768 165 640)
4(1206 282 1205 778)
5(283 1207 652 120 1099)
6(781 1209 652 1207 773 1210)
6(779 1211 656 1212 782 1213)
6(286 1211 779 168 778 1205)
4(1214 654 1108 287)
5(1214 287 1209 781 169)
5(1109 288 1212 656 122)
5(1215 664 123 657 1114)
4(1215 1114 658 667)
4(784 1221 1215 667)
4(170 783 1221 787)
4(172 789 1224 785)
6(172 785 1222 292 1225 792)
4(1226 1133 126 674)
4(1226 688 685 1133)
4(1229 794 688 1226)
4(1233 696 801 1235)
4(1138 694 696 1233)
4(1236 1141 685 688)
4(1236 700 697 1141)
4(696 1243 1245 801)
4(811 1245 1243 708)
4(1146 706 708 1243)
4(1246 1149 697 700)
4(708 1253 1255 811)
4(1253 720 821 1255)
4(1154 718 720 1253)
4(1256 1157 709 712)
4(1259 824 724 1256)
4(1265 821 720 1263)
4(1263 732 831 1265)
4(1162 730 732 1263)
4(1269 834 736 1266)
4(732 1275 1277 831)
4(1275 748 841 1277)
5(1281 303 1278 736 834)
4(185 836 1281 834)
5(188 1280 303 1281 836)
5(1289 306 1288 747 160)
5(1288 306 1290 841 748)
5(1290 306 1289 190 842)
5(307 1292 761 161 750)
4(188 845 307 1280)
4(191 845 1295 850)
4(192 850 1295 847)
4(190 849 1298 846)
4(192 847 1298 851)
4(193 851 1298 849)
4(310 1289 160 760)
5(1299 310 760 165 768)
5(310 1299 770 193 849)
5(1300 1198 761 1292 764)
4(1302 774 1300 311)
4(192 852 1303 850)
5(777 1302 311 1303 852)
4(1305 312 1304 780)
6(1304 312 1306 851 193 770)
5(1305 777 852 1306 312)
4(1307 313 1302 777)
6(314 1305 780 168 779 1213)
5(314 1213 782 169 1307)
5(791 1308 787 1221 784)
5(1224 789 1309 791 784)
4(1311 315 1308 791)
4(1312 797 1310 315)
4(1312 315 1311 800)
4(1314 800 1311 316)
4(1314 316 1313 803)
4(1235 801 803 1313)
4(1315 1239 794 797)
4(1315 807 804 1239)
4(1316 317 1312 800)
4(1317 807 1315 317)
4(1318 318 1314 803)
4(1319 318 1318 813)
4(194 1316 318 1319)
4(1245 811 813 1318)
4(1320 1249 804 807)
4(1320 817 814 1249)
4(1322 817 1320 319)
4(194 853 319 1317)
4(853 820 1322 319)
4(1323 320 1319 813)
4(1324 320 1323 823)
4(1319 320 853 194)
4(320 1324 820 853)
4(823 1323 1255 821)
4(1325 1259 814 817)
4(1326 321 1322 820)
4(1327 827 1325 321)
4(1327 321 1326 830)
4(1328 322 1324 823)
4(1329 830 1326 322)
4(1329 322 1328 833)
4(1265 831 833 1328)
4(1331 323 1327 830)
4(1332 837 1330 323)
4(1332 323 1331 840)
4(1333 324 1329 833)
4(1334 840 1331 324)
4(1334 324 1333 843)
4(1335 325 1332 840)
4(1336 325 1335 848)
5(326 1334 843 187 842)
4(1337 848 1335 326)
5(1337 326 842 190 846)
4(860 196 856 327)
4(863 866 359 3)
4(867 197 861 328)
4(869 198 864 329)
4(876 199 870 331)
4(881 884 381 334)
4(885 201 879 335)
4(887 202 882 336)
4(894 203 888 338)
4(896 204 891 339)
4(899 902 403 340)
5(205 897 341 16 410)
4(904 206 900 342)
5(907 344 423 911 422)
4(935 938 32 362)
4(945 373 370 875)
4(945 948 470 373)
4(955 384 381 884)
4(977 980 500 406)
5(991 418 415 909 224)
5(434 1011 230 913 430)
4(1014 232 1011 434)
4(915 233 1017 436)
4(917 234 1019 437)
4(1037 239 940 463)
4(1043 241 950 473)
4(241 1043 85 588)
4(1049 243 960 483)
4(1055 245 970 493)
4(62 529 1085 530)
6(1095 541 67 538 1013 254)
6(553 1101 552 1015 544 1098)
4(1021 261 1110 557)
4(1120 265 1038 571)
4(1132 267 1044 581)
4(1148 271 1056 595)
4(1156 273 1062 601)
4(1164 275 1070 607)
5(619 1174 622 1185 621)
4(116 639 1204 640)
4(1197 283 1099 641)
5(122 656 1211 286 1106)
4(1117 1216 667 658)
5(660 1123 661 1119 1111)
6(289 1123 660 123 664 1217)
6(1123 289 1218 674 126 661)
4(1165 721 724 1266)
5(155 746 1171 278 747)
5(155 748 1275 1172 746)
4(155 747 1288 748)
5(168 780 1304 1206 778)
5(169 782 1212 288 1214)
5(1221 783 1217 664 1215)
5(786 1229 1226 674 1218)
4(1229 786 170 1310)
4(824 1269 1266 724)
4(1269 824 827 1330)
4(187 841 1290 842)
5(187 843 1333 1277 841)
4(188 844 1295 845)
5(1295 844 1336 848 847)
4(190 1289 310 849)
6(191 850 1303 311 1300 764)
4(192 851 1306 852)
4(0 870 199 332)
4(332 199 879 336)
4(332 336 882 200)
5(854 327 347 855 353)
5(1 858 195 854 353)
4(1 353 855 345)
5(327 856 356 857 347)
4(3 349 857 356)
6(3 359 927 210 924 349)
4(858 1 351 859)
4(328 858 859 363)
4(860 327 854 195)
4(861 195 858 328)
4(861 329 860 195)
5(863 3 356 856 196)
4(864 196 860 329)
4(864 330 863 196)
5(359 866 935 362 927)
4(331 867 868 374)
4(868 867 328 363)
4(869 197 870 0)
4(869 329 861 197)
4(870 197 867 331)
4(872 330 864 198)
4(873 334 872 198)
4(872 334 381 875)
4(875 381 384 945)
4(876 331 374 877)
4(877 385 335 876)
4(879 199 876 335)
4(881 334 873 200)
4(882 337 881 200)
4(881 337 392 884)
4(884 392 395 955)
4(885 335 385 886)
4(338 885 886 396)
4(396 886 959 397)
4(887 336 879 201)
4(888 201 885 338)
4(888 339 887 201)
4(890 337 882 202)
4(891 202 887 339)
4(891 340 890 202)
4(392 893 965 395)
5(341 894 895 407 16)
4(895 894 338 396)
4(407 895 969 408)
4(896 339 888 203)
4(897 203 894 341)
4(897 342 896 203)
4(899 340 891 204)
4(900 204 896 342)
4(900 343 899 204)
5(899 343 18 415 902)
4(403 902 977 406)
4(902 415 418 977)
4(16 407 903 410)
5(19 410 903 221 983)
4(904 342 897 205)
5(905 205 410 19 419)
4(905 344 904 205)
5(343 900 206 416 18)
4(907 206 904 344)
5(21 992 224 909 416)
4(19 983 225 420)
5(22 420 225 995 428)
4(22 427 910 420)
4(23 423 910 427)
4(21 422 911 425)
4(23 429 911 423)
4(24 425 911 429)
4(23 427 912 430)
6(24 429 913 230 1010 432)
6(25 439 920 207 918 346)
5(914 915 436 25 346)
4(914 348 437 915)
4(348 914 855 347)
5(916 350 27 438 917)
5(350 916 857 349 924)
4(917 437 348 916)
6(27 350 924 210 928 447)
6(918 207 919 351 1 345)
6(919 207 920 440 28 352)
6(928 210 927 362 32 450)
4(929 352 28 930)
4(364 929 930 463)
4(929 364 363 859)
4(935 373 470 938)
4(939 364 463 940)
4(375 939 940 473)
4(939 375 374 868)
4(945 384 480 948)
4(386 949 950 483)
4(949 386 385 877)
4(950 949 375 473)
4(960 959 386 483)
4(960 493 397 959)
4(965 406 500 968)
4(969 397 493 970)
5(408 969 970 503 53)
5(977 418 57 515 980)
4(53 505 981 408)
5(53 503 1061 247 505)
5(58 983 221 981 505)
5(516 62 530 1078 250)
4(58 519 225 983)
5(519 63 531 995 225)
5(433 1005 1006 542 68)
5(1006 1005 428 995 531)
5(912 229 1008 434 430)
4(1008 229 1005 433)
4(1011 435 1010 230)
4(1014 434 1008 231)
5(1014 231 1015 552 71)
6(435 1011 232 1016 550 70)
5(1018 439 25 436 1017)
4(1017 557 560 1018)
4(1018 560 561 1026)
4(1019 233 915 437)
4(1021 557 1017 233)
4(1022 234 917 438)
4(1024 234 1022 559)
5(1025 447 928 450 1032)
4(559 1022 1025 567)
4(567 1025 1032 570)
4(28 440 1026 453)
5(28 453 1027 237 930)
5(571 1027 453 1026 561)
5(1032 462 1035 578 570)
4(1037 463 930 237)
4(1038 237 1027 571)
4(1038 581 1037 237)
4(1043 473 940 239)
4(1043 239 1044 85)
4(1044 239 1037 581)
4(1046 91 1047 240)
4(1049 483 950 241)
4(1049 241 588 595)
4(1046 242 594 91)
4(1055 493 960 243)
4(1056 243 1049 595)
4(1056 601 1055 243)
4(1061 503 970 245)
4(1062 245 1055 601)
4(1062 607 1061 245)
4(1070 247 1061 607)
4(1070 619 1069 247)
4(63 519 1080 532)
4(112 532 1080 621)
4(112 632 1088 532)
5(1088 632 641 1090 253)
4(1090 542 1006 253)
5(1095 254 1096 648 639)
4(1099 255 1090 641)
5(1099 120 553 1098 255)
5(258 1103 556 122 1106)
5(556 1104 260 1109 122)
4(1110 1111 560 557)
5(1110 657 123 660 1111)
4(1114 657 1110 261)
4(1114 261 1112 658)
4(1115 262 1024 559)
4(1117 658 1112 262)
4(1117 262 1115 659)
4(1118 567 570 1127)
5(561 1119 574 1120 571)
4(126 574 1119 661)
5(126 1133 265 1120 574)
4(1132 581 1038 265)
4(1133 685 1132 265)
4(85 1044 267 1140)
4(1141 267 1132 685)
4(1141 697 1140 267)
4(268 1047 91 1145)
4(1149 269 1140 697)
4(1149 709 1148 269)
4(1156 601 1056 271)
4(1157 271 1148 709)
4(1157 721 1156 271)
4(1164 607 1062 273)
4(1165 273 1156 721)
4(1165 733 1164 273)
4(1174 619 1070 275)
5(1174 275 735 156 622)
4(112 621 1185 633)
4(156 750 1185 622)
4(161 633 1185 750)
4(1198 771 1197 281)
6(283 1197 771 166 773 1207)
5(1117 659 125 670 1216)
4(667 1216 1224 784)
5(1216 670 1222 785 1224)
6(289 1217 783 170 786 1218)
6(292 1129 671 130 684 1225)
5(792 1225 684 1233 1235)
4(1236 688 794 1239)
4(700 1236 1239 804)
4(709 1149 1246 712)
4(1246 700 804 1249)
4(712 1246 1249 814)
4(721 1157 1256 724)
4(1256 712 814 1259)
5(733 1165 1266 736 151)
5(156 735 1278 303 1280)
5(1292 307 845 191 764)
5(771 1198 1300 774 166)
5(781 1210 313 1307 169)
5(172 1313 316 1309 789)
4(794 1229 1310 797)
4(317 1316 194 1317)
4(824 1259 1325 827)
5(834 1269 1330 837 185)
5(188 836 325 1336 844)
4(1024 262 1112 558)
4(1021 233 1019 558)
4(1024 558 1019 234)
4(1112 261 1021 558)
)


// ************************************************************************* //
