/*--------------------------------*- C++ -*----------------------------------*\
| =========                 |                                                 |
| \\      /  F ield         | OpenFOAM: The Open Source CFD Toolbox           |
|  \\    /   O peration     | Version:  5.x                                   |
|   \\  /    A nd           | Web:      www.OpenFOAM.org                      |
|    \\/     M anipulation  |                                                 |
\*---------------------------------------------------------------------------*/
FoamFile
{
    version     2.0;
    format      ascii;
    class       labelList;
    note        "nPoints:1683  nCells:1504  nFaces:4552  nInternalFaces:4016";
    location    "constant/polyMesh";
    object      neighbour;
}
// * * * * * * * * * * * * * * * * * * * * * * * * * * * * * * * * * * * * * //


4016
(
207
216
222
223
271
272
274
271
278
279
281
291
292
294
190
272
291
972
973
975
194
279
972
979
980
982
198
285
298
299
301
979
292
309
310
312
203
309
973
986
987
989
208
980
986
993
994
996
212
299
316
317
319
993
310
327
328
330
218
327
987
1000
1001
1003
223
994
1000
1007
1008
1010
227
317
334
335
337
1007
328
345
346
348
231
345
1001
1014
1015
1017
235
1008
1014
1021
1022
1024
239
335
352
353
355
1021
346
363
364
366
243
363
1015
1028
1029
1031
247
1022
1028
1035
1036
1038
251
353
370
371
373
1035
364
379
381
253
379
385
386
388
1029
257
385
392
393
395
1036
371
392
399
400
401
386
405
411
412
414
262
393
411
418
419
421
400
418
425
426
412
432
434
419
432
438
439
440
465
466
468
274
454
465
1042
1043
1045
281
458
1042
1049
1050
1052
286
462
472
473
475
1049
294
466
480
1056
1057
1059
975
1043
1056
1063
1064
1066
982
1050
1063
1070
1071
1073
301
473
1070
1077
1078
1080
305
484
485
1077
312
487
1057
1084
1085
1087
989
1064
1084
1091
1092
1094
996
1071
1091
1098
1099
1101
319
1078
1098
1105
1106
1108
323
484
492
493
1105
330
496
1085
1112
1113
1115
1003
1092
1112
1119
1120
1122
1010
1099
1119
1126
1127
1129
337
1106
1126
1133
1134
1136
341
492
502
503
1133
348
507
1113
1140
1141
1143
1017
1120
1140
1147
1148
1150
1024
1127
1147
1154
1155
1157
355
1134
1154
1161
1162
1164
359
502
511
512
1161
366
514
1141
1168
1169
1171
1031
1148
1168
1175
1176
1178
1038
1155
1175
1182
1183
1185
373
1162
1182
1189
1190
1192
377
511
518
519
1189
381
521
525
526
528
1169
388
525
1176
1196
1197
1199
395
1183
1196
1203
1204
1206
401
532
533
535
1190
1203
518
532
539
540
407
526
543
544
546
414
543
1197
1210
1211
1213
421
1204
1210
1217
1218
1220
426
533
550
551
553
1217
544
558
560
434
558
1211
1224
1225
1227
440
1218
1224
1231
1232
1234
444
551
564
565
566
1231
446
570
573
574
576
1225
449
573
580
581
583
1232
565
580
587
581
589
592
468
607
608
610
596
607
1045
1238
1239
1241
600
1052
1238
1245
1246
1248
475
604
614
615
617
1245
608
622
1059
1252
1253
1255
1066
1239
1252
1259
1260
1262
1073
1246
1259
1266
1267
1269
615
1080
1266
1273
1274
1276
485
621
626
627
1273
629
1087
1253
1280
1281
1283
1094
1260
1280
1287
1288
1290
1101
1267
1287
1294
1295
1297
1108
1274
1294
1301
1302
1304
493
626
634
636
1301
498
630
638
639
638
1115
1281
1308
1309
1311
1122
1288
1308
1315
1316
1318
1129
1295
1315
1322
1323
1325
1136
1302
1322
1329
1330
1332
503
634
643
644
646
1329
648
1143
1309
1336
1337
1339
1150
1316
1336
1343
1344
1346
1157
1323
1343
1350
1351
1353
1164
1330
1350
1357
1358
1360
512
644
652
653
1357
655
1171
1337
1364
1365
1367
1178
1344
1364
1371
1372
1374
1185
1351
1371
1378
1379
1381
1192
1358
1378
1385
1386
1388
519
652
659
660
1385
528
662
666
667
669
1365
666
1199
1372
1392
1393
1395
1206
1379
1392
1399
1400
1402
535
673
674
676
1386
1399
540
659
673
680
681
546
667
683
684
685
687
684
1213
1393
1406
1407
1409
1220
1400
1406
1413
1414
1416
553
674
691
692
694
1413
557
680
691
560
685
698
699
701
698
1227
1407
1420
1421
1423
1234
1414
1420
1427
1428
1430
566
692
704
705
707
1427
576
710
713
714
716
1421
583
713
720
721
723
1428
587
705
720
727
728
590
714
729
592
721
729
731
732
733
737
741
742
744
1241
735
741
748
749
751
1248
617
748
755
738
758
760
761
763
1255
742
760
1262
1434
1435
1437
749
1269
1434
1441
1442
1444
755
767
768
770
1276
1441
627
767
774
761
775
777
778
780
1283
777
1290
1435
1448
1449
1451
1297
1442
1448
1455
1456
1458
768
784
785
787
1304
1455
636
774
784
791
778
792
794
795
797
1311
794
1318
1449
1462
1463
1465
1325
1456
1462
1469
1470
1472
785
801
802
804
1332
1469
646
791
801
808
795
809
811
812
814
1339
811
1346
1463
1476
1477
1479
1353
1470
1476
1483
1484
1486
802
818
819
821
1360
1483
653
808
818
825
812
826
828
829
831
1367
828
1374
1477
1490
1491
1493
1381
1484
1490
1497
1498
1500
819
835
836
838
1388
1497
660
825
835
842
669
829
843
844
846
843
849
850
852
1395
1491
849
856
857
859
1402
1498
676
836
856
863
864
866
687
844
869
870
850
869
874
875
877
1409
857
874
881
882
884
1416
694
864
881
888
889
891
875
893
895
896
898
1423
882
895
901
902
904
1430
707
889
901
907
716
896
908
723
902
908
910
911
914
916
917
1437
913
916
919
920
1444
770
919
922
917
923
925
926
1451
920
925
929
930
1458
787
922
929
933
926
934
936
937
1465
930
936
941
942
944
1472
804
933
941
946
937
947
949
950
1479
942
949
952
953
1486
821
946
952
955
950
956
958
959
1493
953
958
961
962
1500
838
955
961
964
852
959
965
966
859
962
965
968
969
884
969
971
187
191
273
194
279
189
190
291
192
200
293
191
192
193
194
972
193
203
973
196
204
974
195
196
197
198
979
197
208
980
199
209
981
199
212
299
201
203
309
205
214
311
206
207
216
204
205
206
208
986
206
218
987
210
219
988
210
209
210
211
212
993
211
223
994
213
224
995
213
227
317
215
218
327
220
229
329
217
219
221
222
219
220
221
223
1000
221
231
1001
225
232
1002
225
224
225
226
227
1007
226
235
1008
228
236
1009
228
239
335
230
231
345
233
241
347
232
233
234
235
1014
234
243
1015
237
244
1016
236
237
238
239
1021
238
247
1022
240
248
1023
240
251
353
242
243
363
245
365
244
245
246
247
1028
246
253
1029
249
254
1030
248
249
250
251
1035
250
257
1036
252
258
1037
252
371
254
255
256
257
385
256
386
259
261
387
258
259
260
392
260
262
393
394
262
411
264
274
454
265
275
455
266
281
458
282
459
270
272
291
270
274
465
270
294
466
276
295
467
273
275
273
276
277
279
972
275
276
277
281
1042
277
975
1043
283
976
1044
280
282
280
283
284
285
979
282
283
284
286
1049
284
982
1050
287
983
1051
287
287
288
301
473
302
474
290
294
480
296
307
481
293
295
293
296
297
309
973
295
296
297
975
1056
297
312
1057
313
977
1058
300
302
300
303
981
304
316
302
303
983
304
305
1077
304
319
985
1078
306
320
1079
306
323
484
308
312
487
314
325
488
311
313
311
314
315
327
987
313
314
315
989
1084
315
330
1085
331
991
1086
318
320
318
321
995
322
334
320
321
997
322
323
1105
322
337
999
1106
324
338
1107
324
341
492
326
330
496
332
343
497
329
331
329
332
333
345
1001
331
332
333
1003
1112
333
348
1113
349
1005
1114
336
338
336
339
1009
340
352
338
339
1011
340
341
1133
340
355
1013
1134
342
356
1135
342
359
502
344
348
507
350
361
508
347
349
347
350
351
363
1015
349
350
351
1017
1140
351
366
1141
367
1019
1142
354
356
354
357
1023
358
370
356
357
1025
358
359
1161
358
373
1027
1162
360
374
1163
360
377
511
362
366
514
368
515
365
367
365
368
369
379
1029
367
368
369
1031
1168
369
381
1169
382
1033
1170
372
374
372
375
1037
376
399
374
375
1039
376
377
1189
376
401
1041
1190
378
402
1191
378
518
380
382
384
386
405
382
383
384
388
525
384
407
526
390
408
527
387
389
1030
387
390
391
393
411
389
390
1033
391
395
1034
1196
391
414
1197
397
415
1198
394
396
1037
394
397
398
400
418
396
397
1040
398
401
1041
1203
398
421
1204
403
422
1205
402
403
402
403
404
532
404
426
533
427
534
406
408
410
412
408
409
410
414
543
410
544
416
430
545
413
415
413
416
417
419
432
415
416
417
421
1210
417
434
1211
423
435
1212
420
422
420
423
424
425
438
422
423
424
426
1217
424
440
1218
428
441
1219
428
427
428
429
550
429
444
551
552
431
434
558
436
559
433
435
437
439
435
436
437
440
1224
437
446
1225
442
447
1226
441
442
441
442
443
444
1231
443
449
1232
445
450
1233
445
565
447
448
449
573
451
575
450
451
580
581
453
454
465
456
469
594
455
456
457
458
1042
457
596
1045
460
597
1046
459
460
461
462
1049
461
600
1052
463
601
1053
463
475
604
470
482
606
467
469
467
470
471
1043
1056
469
470
471
607
1045
471
608
1059
609
1047
1060
474
476
474
477
1051
478
1077
476
477
1053
478
614
478
615
1055
1080
479
616
1081
485
621
481
482
483
487
1057
483
622
1059
489
623
1061
486
1079
486
1081
493
626
1083
488
489
491
496
1085
491
629
1087
491
498
630
499
631
1089
494
1107
494
1109
495
503
634
1111
504
635
497
499
501
507
1113
499
500
501
638
1115
501
639
509
640
1117
505
1135
504
505
1137
506
643
506
512
644
1139
645
508
509
510
514
1141
510
648
1143
516
649
1145
513
1163
513
1165
519
652
1167
515
516
517
521
1169
517
655
1171
523
656
1173
520
1191
520
1193
540
659
1195
522
523
524
526
524
528
662
530
542
663
527
529
1170
527
530
531
543
1197
529
530
1173
531
666
1174
1199
531
546
667
547
668
1201
534
536
1191
534
537
1205
538
539
550
536
537
1194
1207
538
540
673
1195
538
553
674
1209
541
554
675
541
541
557
680
546
683
545
547
545
548
549
558
1211
547
548
549
684
1213
549
560
685
561
686
1215
552
554
552
555
1219
556
564
554
555
1221
556
557
691
556
566
692
1223
567
693
559
561
563
570
1225
561
562
563
698
1227
563
699
571
700
1229
567
568
1233
567
568
1235
569
704
569
587
705
1237
706
571
572
576
710
578
711
575
577
1226
575
578
579
581
589
577
578
1229
579
583
713
1230
579
590
714
585
591
715
582
584
1233
582
585
586
584
585
1236
586
587
720
1237
586
592
721
588
593
722
588
727
591
591
592
729
593
731
595
596
607
598
611
597
598
599
600
1238
599
733
1241
602
734
1242
601
602
603
604
1245
603
735
1248
605
736
1249
605
617
608
622
609
611
609
612
613
1239
1252
611
612
613
737
1241
613
738
1255
739
1243
1256
616
618
616
619
1247
620
621
1273
618
619
1249
620
620
755
1251
1276
756
1277
623
624
625
629
1253
625
758
1255
632
759
1257
628
1275
628
1277
636
774
1279
631
632
631
633
638
1281
633
775
1283
641
776
1285
635
637
1303
643
637
1305
646
791
1307
640
641
640
642
648
1309
642
792
1311
650
793
1313
645
645
647
1331
647
1333
653
808
1335
649
650
651
655
1337
651
809
1339
657
810
1341
654
1359
654
1361
660
825
1363
656
657
658
662
1365
658
826
1367
664
827
1369
661
1387
661
1389
681
842
1391
663
664
665
667
683
665
669
671
668
670
1366
668
671
672
684
1393
670
671
1369
672
843
1370
1395
672
687
844
688
845
1397
675
677
1387
675
678
1401
679
680
691
677
678
1390
1403
679
681
863
1391
679
694
864
1405
682
695
865
682
682
686
688
686
689
690
698
1407
688
689
690
869
1409
690
701
870
702
871
1411
693
695
693
696
1415
697
704
695
696
1417
697
888
697
707
889
1419
708
890
700
702
700
703
710
1421
702
703
893
1423
712
894
1425
706
708
706
709
1429
708
709
1431
728
907
1433
711
712
714
716
715
717
1422
715
718
719
721
729
717
718
1425
719
723
908
1426
719
725
730
909
722
724
1429
722
725
726
727
731
724
725
1432
726
728
910
1433
726
732
911
730
732
734
735
741
736
748
739
739
740
742
760
746
764
743
745
1242
743
746
1243
747
749
1244
1434
745
746
747
751
747
1437
753
912
1438
750
752
1249
750
753
1250
754
755
1251
1441
752
753
754
754
913
1444
757
1445
756
757
767
770
759
761
775
762
764
1256
762
765
1257
766
777
1258
1435
764
765
766
914
1437
766
780
781
915
1439
769
771
1277
769
772
1278
1443
773
774
784
1279
771
772
1445
773
773
787
922
1447
788
776
778
792
779
781
1284
779
782
1285
783
794
1286
1449
781
782
783
923
1451
783
797
798
924
1453
786
788
1305
786
789
1306
1457
790
791
801
1307
788
789
1459
790
790
804
933
1461
805
793
795
809
796
798
1312
796
799
1313
800
811
1314
1463
798
799
800
934
1465
800
814
815
935
1467
803
805
1333
803
806
1334
1471
807
808
818
1335
805
806
1473
807
807
821
946
1475
822
810
812
826
813
815
1340
813
816
1341
817
828
1342
1477
815
816
817
947
1479
817
831
832
948
1481
820
822
1361
820
823
1362
1485
824
825
835
1363
822
823
1487
824
824
838
955
1489
839
827
829
830
832
1368
830
833
1369
834
843
1370
1491
832
833
834
956
1493
834
846
847
957
1495
837
839
1389
837
840
1390
1499
841
842
863
1391
839
840
1501
841
841
866
964
1503
867
845
847
845
848
850
869
847
848
852
854
872
851
853
1396
1492
851
854
1397
855
857
874
1398
853
854
1495
855
859
965
1496
855
877
966
861
878
967
858
860
1403
1499
858
861
1404
862
864
881
1405
860
861
1502
862
866
968
1503
862
884
969
868
885
970
865
867
865
868
888
867
868
891
871
872
871
873
875
893
873
877
879
876
878
1410
876
879
1411
880
882
895
1412
878
879
880
884
971
880
898
886
899
883
885
1417
883
886
1418
887
889
901
1419
885
886
887
891
887
904
892
905
890
890
892
892
894
896
897
899
1424
897
1425
900
902
908
1426
899
900
904
906
903
905
1431
903
906
1432
907
910
1433
905
906
909
911
913
916
915
917
923
918
1438
918
1439
920
925
1440
921
1445
921
1446
922
929
1447
924
926
934
927
1452
927
1453
928
930
936
1454
932
939
931
1459
931
932
1460
933
941
1461
944
935
937
947
938
939
1466
938
1467
940
942
949
1468
940
944
945
943
1473
943
945
1474
946
952
1475
945
948
950
956
951
1480
951
1481
953
958
1482
954
1487
954
1488
955
961
1489
957
959
960
1494
960
1495
962
965
1496
963
1501
963
1502
964
968
1503
967
967
969
971
970
970
974
976
974
977
978
980
986
976
977
978
982
1063
978
989
1064
984
990
1065
981
983
981
984
985
993
983
984
985
1070
985
996
1071
997
1072
988
990
988
991
992
994
1000
990
991
992
996
1091
992
1003
1092
998
1004
1093
995
997
995
998
999
1007
997
998
999
1098
999
1010
1099
1011
1100
1002
1004
1002
1005
1006
1008
1014
1004
1005
1006
1010
1119
1006
1017
1120
1012
1018
1121
1009
1011
1009
1012
1013
1021
1011
1012
1013
1126
1013
1024
1127
1025
1128
1016
1018
1016
1019
1020
1022
1028
1018
1019
1020
1024
1147
1020
1031
1148
1026
1032
1149
1023
1025
1023
1026
1027
1035
1025
1026
1027
1154
1027
1038
1155
1039
1156
1030
1032
1030
1033
1034
1036
1032
1033
1034
1038
1175
1034
1176
1040
1177
1037
1039
1037
1040
1041
1039
1040
1041
1182
1041
1183
1184
1044
1046
1044
1047
1048
1050
1063
1046
1047
1048
1052
1238
1048
1066
1239
1054
1067
1240
1051
1053
1051
1054
1055
1070
1053
1054
1055
1245
1055
1073
1246
1074
1247
1058
1060
1058
1061
1062
1064
1084
1060
1061
1062
1066
1252
1062
1087
1253
1068
1088
1254
1065
1067
1065
1068
1069
1071
1091
1067
1068
1069
1073
1259
1069
1094
1260
1075
1095
1261
1072
1074
1072
1075
1076
1078
1098
1074
1075
1076
1080
1266
1076
1101
1267
1082
1102
1268
1079
1081
1079
1082
1083
1105
1081
1082
1083
1273
1083
1108
1274
1109
1275
1086
1088
1086
1089
1090
1092
1112
1088
1089
1090
1094
1280
1090
1115
1281
1096
1116
1282
1093
1095
1093
1096
1097
1099
1119
1095
1096
1097
1101
1287
1097
1122
1288
1103
1123
1289
1100
1102
1100
1103
1104
1106
1126
1102
1103
1104
1108
1294
1104
1129
1295
1110
1130
1296
1107
1109
1107
1110
1111
1133
1109
1110
1111
1301
1111
1136
1302
1137
1303
1114
1116
1114
1117
1118
1120
1140
1116
1117
1118
1122
1308
1118
1143
1309
1124
1144
1310
1121
1123
1121
1124
1125
1127
1147
1123
1124
1125
1129
1315
1125
1150
1316
1131
1151
1317
1128
1130
1128
1131
1132
1134
1154
1130
1131
1132
1136
1322
1132
1157
1323
1138
1158
1324
1135
1137
1135
1138
1139
1161
1137
1138
1139
1329
1139
1164
1330
1165
1331
1142
1144
1142
1145
1146
1148
1168
1144
1145
1146
1150
1336
1146
1171
1337
1152
1172
1338
1149
1151
1149
1152
1153
1155
1175
1151
1152
1153
1157
1343
1153
1178
1344
1159
1179
1345
1156
1158
1156
1159
1160
1162
1182
1158
1159
1160
1164
1350
1160
1185
1351
1166
1186
1352
1163
1165
1163
1166
1167
1189
1165
1166
1167
1357
1167
1192
1358
1193
1359
1170
1172
1170
1173
1174
1176
1172
1173
1174
1178
1364
1174
1365
1180
1366
1177
1179
1177
1180
1181
1183
1196
1179
1180
1181
1185
1371
1181
1199
1372
1187
1200
1373
1184
1186
1184
1187
1188
1190
1203
1186
1187
1188
1192
1378
1188
1206
1379
1194
1207
1380
1191
1193
1191
1194
1195
1193
1194
1195
1385
1195
1386
1387
1198
1200
1198
1201
1202
1204
1210
1200
1201
1202
1206
1392
1202
1213
1393
1208
1214
1394
1205
1207
1205
1208
1209
1217
1207
1208
1209
1399
1209
1220
1400
1221
1401
1212
1214
1212
1215
1216
1218
1224
1214
1215
1216
1220
1406
1216
1227
1407
1222
1228
1408
1219
1221
1219
1222
1223
1231
1221
1222
1223
1413
1223
1234
1414
1235
1415
1226
1228
1226
1229
1230
1232
1228
1229
1230
1234
1420
1230
1421
1236
1422
1233
1235
1233
1236
1237
1235
1236
1237
1427
1237
1428
1429
1240
1242
1240
1243
1244
1246
1259
1242
1243
1244
1248
1244
1262
1250
1263
1247
1249
1247
1250
1251
1266
1249
1250
1251
1251
1269
1270
1254
1256
1254
1257
1258
1260
1280
1256
1257
1258
1262
1258
1283
1264
1284
1261
1263
1261
1264
1265
1267
1287
1263
1264
1265
1269
1434
1265
1290
1435
1271
1291
1436
1268
1270
1268
1271
1272
1274
1294
1270
1271
1272
1276
1441
1272
1297
1442
1278
1298
1443
1275
1277
1275
1278
1279
1301
1277
1278
1279
1279
1304
1305
1282
1284
1282
1285
1286
1288
1308
1284
1285
1286
1290
1286
1311
1292
1312
1289
1291
1289
1292
1293
1295
1315
1291
1292
1293
1297
1448
1293
1318
1449
1299
1319
1450
1296
1298
1296
1299
1300
1302
1322
1298
1299
1300
1304
1455
1300
1325
1456
1306
1326
1457
1303
1305
1303
1306
1307
1329
1305
1306
1307
1307
1332
1333
1310
1312
1310
1313
1314
1316
1336
1312
1313
1314
1318
1314
1339
1320
1340
1317
1319
1317
1320
1321
1323
1343
1319
1320
1321
1325
1462
1321
1346
1463
1327
1347
1464
1324
1326
1324
1327
1328
1330
1350
1326
1327
1328
1332
1469
1328
1353
1470
1334
1354
1471
1331
1333
1331
1334
1335
1357
1333
1334
1335
1335
1360
1361
1338
1340
1338
1341
1342
1344
1364
1340
1341
1342
1346
1342
1367
1348
1368
1345
1347
1345
1348
1349
1351
1371
1347
1348
1349
1353
1476
1349
1374
1477
1355
1375
1478
1352
1354
1352
1355
1356
1358
1378
1354
1355
1356
1360
1483
1356
1381
1484
1362
1382
1485
1359
1361
1359
1362
1363
1385
1361
1362
1363
1363
1388
1389
1366
1368
1366
1369
1370
1372
1368
1369
1370
1374
1370
1376
1373
1375
1373
1376
1377
1379
1392
1375
1376
1377
1381
1490
1377
1395
1491
1383
1396
1492
1380
1382
1380
1383
1384
1386
1399
1382
1383
1384
1388
1497
1384
1402
1498
1390
1403
1499
1387
1389
1387
1390
1391
1389
1390
1391
1391
1394
1396
1394
1397
1398
1400
1406
1396
1397
1398
1402
1398
1409
1404
1410
1401
1403
1401
1404
1405
1413
1403
1404
1405
1405
1416
1417
1408
1410
1408
1411
1412
1414
1420
1410
1411
1412
1416
1412
1423
1418
1424
1415
1417
1415
1418
1419
1427
1417
1418
1419
1419
1430
1431
1422
1424
1422
1425
1426
1428
1424
1425
1426
1430
1426
1432
1429
1431
1429
1432
1433
1431
1432
1433
1433
1436
1438
1436
1439
1440
1442
1448
1438
1439
1440
1444
1440
1451
1446
1452
1443
1445
1443
1446
1447
1455
1445
1446
1447
1447
1458
1459
1450
1452
1450
1453
1454
1456
1462
1452
1453
1454
1458
1454
1465
1460
1466
1457
1459
1457
1460
1461
1469
1459
1460
1461
1461
1472
1473
1464
1466
1464
1467
1468
1470
1476
1466
1467
1468
1472
1468
1479
1474
1480
1471
1473
1471
1474
1475
1483
1473
1474
1475
1475
1486
1487
1478
1480
1478
1481
1482
1484
1490
1480
1481
1482
1486
1482
1493
1488
1494
1485
1487
1485
1488
1489
1497
1487
1488
1489
1489
1500
1501
1492
1494
1492
1495
1496
1498
1494
1495
1496
1500
1496
1502
1499
1501
1499
1502
1503
1501
1502
1503
1503
)


// ************************************************************************* //
