/*--------------------------------*- C++ -*----------------------------------*\
| =========                 |                                                 |
| \\      /  F ield         | OpenFOAM: The Open Source CFD Toolbox           |
|  \\    /   O peration     | Version:  5.x                                   |
|   \\  /    A nd           | Web:      www.OpenFOAM.org                      |
|    \\/     M anipulation  |                                                 |
\*---------------------------------------------------------------------------*/
FoamFile
{
    version     2.0;
    format      ascii;
    class       vectorField;
    location    "constant/polyMesh";
    object      points;
}
// * * * * * * * * * * * * * * * * * * * * * * * * * * * * * * * * * * * * * //


1683
(
(-5.33762e-19 0.0494327 -0.00999977)
(-0.00370376 0.0444326 -0.00778482)
(-2.26517e-08 0.0445895 -0.00785863)
(0.00370376 0.0444326 -0.00778482)
(-0.00389013 0.0478221 -0.0078504)
(-3.17292e-08 0.0477525 -0.0080198)
(0.00389016 0.0478221 -0.00785035)
(-0.00394591 0.0492991 -0.00786961)
(-9.82713e-09 0.049274 -0.00780413)
(0.00394591 0.0492991 -0.0078696)
(-0.00391408 0.0507604 -0.0078562)
(-2.26253e-09 0.0508353 -0.00791064)
(0.00391408 0.0507604 -0.0078562)
(-0.00383273 0.0521635 -0.00776375)
(-5.63966e-10 0.0522154 -0.00799544)
(0.00383273 0.0521635 -0.00776375)
(-0.00424796 0.05382 -0.00795563)
(-1.22464e-10 0.0535777 -0.00776273)
(0.00424796 0.05382 -0.00795563)
(-0.00354223 0.0549353 -0.00760988)
(-1.42849e-11 0.0550003 -0.00761586)
(0.00354223 0.0549353 -0.00760988)
(-0.0033922 0.0562138 -0.00658921)
(1.01851e-18 0.0563625 -0.00727366)
(0.0033922 0.0562138 -0.00658921)
(-0.00410491 0.0413576 -0.00410491)
(-3.82348e-08 0.0411927 -0.00388566)
(0.00410491 0.0413576 -0.00410491)
(-0.00778482 0.0444326 -0.00370376)
(-0.00396622 0.0445035 -0.00397096)
(-1.03427e-07 0.0444625 -0.00398413)
(0.00397105 0.0445036 -0.00396638)
(0.00778482 0.0444326 -0.00370376)
(-0.00785163 0.0478219 -0.00388812)
(-0.00398278 0.0477602 -0.0039886)
(-5.76218e-07 0.0477237 -0.00403681)
(0.00398388 0.0477604 -0.00398766)
(0.0078516 0.0478219 -0.00388812)
(-0.00787063 0.0492991 -0.00394353)
(-0.00400313 0.0492776 -0.00400798)
(-8.70973e-08 0.0492625 -0.00402044)
(0.00400316 0.0492776 -0.00400788)
(0.00787063 0.0492991 -0.00394352)
(-0.00785737 0.0507607 -0.0039118)
(-0.00398696 0.0507501 -0.00399103)
(-2.76027e-08 0.0507564 -0.00402517)
(0.00398696 0.0507501 -0.00399099)
(0.00785737 0.0507607 -0.00391179)
(-0.00776431 0.0521638 -0.00383162)
(-0.00393832 0.0521795 -0.00393592)
(-5.03134e-09 0.0521903 -0.0040065)
(0.00393832 0.0521795 -0.00393591)
(0.00776431 0.0521638 -0.00383162)
(-0.00795563 0.05382 -0.00424796)
(-0.0039016 0.053616 -0.00390494)
(-1.02808e-09 0.0536053 -0.00393714)
(0.0039016 0.053616 -0.00390494)
(0.00795563 0.05382 -0.00424796)
(-0.00760988 0.0549353 -0.00354223)
(-0.00386887 0.0550066 -0.00387197)
(-2.05548e-10 0.0550132 -0.00389033)
(0.00386887 0.0550066 -0.00387197)
(0.00760988 0.0549353 -0.00354223)
(-0.00658921 0.0562138 -0.0033922)
(-0.00383154 0.0563991 -0.00383162)
(-3.30058e-11 0.0563943 -0.00385855)
(0.00383154 0.0563991 -0.00383162)
(0.00658921 0.0562138 -0.0033922)
(-0.00389026 0.0578506 -0.00389026)
(-3.14414e-12 0.0577214 -0.00378251)
(0.00389026 0.0578506 -0.00389026)
(-1.05136e-18 0.0588778 -0.00347226)
(-0.00388566 0.0411927 1.10254e-08)
(-2.99454e-08 0.0408944 1.17884e-08)
(0.00388567 0.0411928 8.53226e-09)
(-0.00785866 0.0445894 5.1226e-08)
(-0.00398398 0.0444621 2.55031e-07)
(-3.00119e-07 0.0443674 1.49414e-07)
(0.00398446 0.0444628 2.51317e-07)
(0.00785864 0.0445894 4.50825e-08)
(-0.00801991 0.0477525 3.13148e-07)
(-0.00403703 0.0477236 1.14266e-06)
(-8.67263e-07 0.0476877 4.84558e-07)
(0.00403707 0.0477235 1.08677e-06)
(0.00801991 0.0477524 2.92846e-07)
(-0.00999977 0.0494327 -1.77594e-18)
(-0.00780421 0.049274 5.42309e-07)
(-0.00402097 0.0492624 1.65756e-06)
(-1.6006e-07 0.0492481 7.36996e-07)
(0.00402094 0.0492624 1.71704e-06)
(0.00780421 0.049274 5.35402e-07)
(0.00999977 0.0494327 2.14735e-20)
(-0.00791074 0.0508353 4.23616e-07)
(-0.00402557 0.0507564 1.24712e-06)
(-3.94598e-08 0.0507443 5.15816e-07)
(0.00402553 0.0507564 1.4162e-06)
(0.00791074 0.0508354 4.21204e-07)
(-0.00799554 0.0522155 2.37271e-07)
(-0.00400701 0.0521903 9.45075e-07)
(-7.15568e-09 0.0521877 8.05063e-07)
(0.004007 0.0521903 9.54216e-07)
(0.00799554 0.0522155 2.37439e-07)
(-0.00776277 0.0535777 9.55765e-08)
(-0.00393733 0.0536054 3.73316e-07)
(-1.72956e-09 0.053607 3.83435e-07)
(0.00393733 0.0536054 3.7345e-07)
(0.00776277 0.0535777 9.44153e-08)
(-0.00761586 0.0550003 3.5101e-08)
(-0.00389036 0.0550132 9.0411e-07)
(-3.99424e-10 0.0550112 4.29283e-07)
(0.00389036 0.0550132 9.03927e-07)
(0.00761586 0.0550003 3.43168e-08)
(-0.00727366 0.0563625 7.92448e-19)
(-0.00385858 0.0563943 1.41201e-07)
(-7.48035e-11 0.0563879 1.3569e-07)
(0.00385858 0.0563943 1.41184e-07)
(0.00727366 0.0563625 5.00751e-19)
(-0.00378251 0.0577214 9.34363e-09)
(-9.35012e-12 0.0577235 1.86719e-08)
(0.00378251 0.0577214 9.34291e-09)
(-0.00347226 0.0588778 -9.37452e-19)
(-4.21815e-13 0.0590721 8.55397e-10)
(0.00347226 0.0588778 -8.18947e-20)
(-0.00410491 0.0413576 0.00410491)
(-4.08105e-08 0.0411927 0.00388567)
(0.00410491 0.0413576 0.00410491)
(-0.00778482 0.0444326 0.00370376)
(-0.00396647 0.0445036 0.00397114)
(-1.11022e-07 0.0444624 0.0039843)
(0.00397098 0.0445035 0.00396624)
(0.00778482 0.0444326 0.00370376)
(-0.00785037 0.0478221 0.00389021)
(-0.003988 0.0477603 0.00398417)
(-7.20284e-07 0.0477233 0.00403723)
(0.00398872 0.0477602 0.00398282)
(0.00785041 0.0478221 0.00389015)
(-0.00786962 0.0492991 0.00394597)
(-0.00400827 0.0492776 0.00400349)
(-1.18972e-07 0.0492624 0.00402139)
(0.00400827 0.0492776 0.00400333)
(0.00786963 0.0492991 0.00394596)
(-0.00785623 0.0507604 0.00391414)
(-0.00399135 0.0507501 0.00398724)
(-2.03738e-08 0.0507565 0.0040258)
(0.00399134 0.0507501 0.00398717)
(0.00785622 0.0507604 0.00391413)
(-0.00776377 0.0521635 0.00383277)
(-0.00393617 0.0521796 0.00393855)
(-2.54902e-09 0.0521904 0.00400746)
(0.00393617 0.0521796 0.00393853)
(0.00776377 0.0521635 0.00383277)
(-0.00795563 0.05382 0.00424796)
(-0.00390507 0.053616 0.00390173)
(-1.54141e-09 0.0536054 0.00393751)
(0.00390507 0.053616 0.00390173)
(0.00795563 0.05382 0.00424796)
(-0.00760988 0.0549353 0.00354223)
(-0.00387206 0.0550066 0.00386896)
(-4.45416e-10 0.0550132 0.00389039)
(0.00387206 0.0550066 0.00386896)
(0.00760988 0.0549353 0.00354223)
(-0.00658921 0.0562138 0.0033922)
(-0.00383164 0.0563991 0.00383156)
(-5.46819e-11 0.0563943 0.00385861)
(0.00383164 0.0563991 0.00383156)
(0.00658921 0.0562138 0.0033922)
(-0.00389026 0.0578506 0.00389026)
(-4.11017e-12 0.0577214 0.00378252)
(0.00389026 0.0578506 0.00389026)
(4.09311e-19 0.0588778 0.00347226)
(-0.00370376 0.0444326 0.00778482)
(-2.89904e-08 0.0445894 0.00785867)
(0.00370376 0.0444326 0.00778482)
(-0.00388817 0.0478219 0.00785162)
(-5.24537e-08 0.0477524 0.00802001)
(0.00388815 0.0478219 0.00785164)
(-0.0039436 0.0492991 0.00787065)
(-1.71474e-08 0.049274 0.00780428)
(0.00394359 0.0492991 0.00787064)
(-0.00391185 0.0507607 0.00785739)
(-3.24952e-09 0.0508354 0.00791083)
(0.00391185 0.0507607 0.00785739)
(-0.00383166 0.0521638 0.00776433)
(-7.16171e-10 0.0522155 0.00799564)
(0.00383165 0.0521638 0.00776433)
(-0.00424796 0.05382 0.00795563)
(-1.33845e-09 0.0535777 0.0077628)
(0.00424796 0.05382 0.00795563)
(-0.00354223 0.0549353 0.00760988)
(-7.92678e-10 0.0550003 0.00761586)
(0.00354223 0.0549353 0.00760988)
(-0.0033922 0.0562138 0.00658921)
(4.77592e-19 0.0563625 0.00727366)
(0.0033922 0.0562138 0.00658921)
(8.49417e-19 0.0494327 0.00999977)
(-0.00182795 0.0461956 -0.00925955)
(0.00182795 0.0461956 -0.00925955)
(-0.0017682 0.0484449 -0.00978572)
(0.0017682 0.0484449 -0.00978572)
(-0.00217121 0.0500167 -0.00974776)
(0.00217121 0.0500167 -0.00974776)
(-0.00184168 0.05154 -0.00961491)
(0.00184168 0.05154 -0.00961491)
(-0.00181634 0.0528729 -0.00923711)
(0.00181634 0.0528729 -0.00923711)
(-0.00163063 0.0541334 -0.00871047)
(0.00163063 0.0541334 -0.00871047)
(-0.00550966 0.043232 -0.00550966)
(-0.00196435 0.0429475 -0.00587407)
(0.00196415 0.0429475 -0.00587409)
(0.00550966 0.043232 -0.00550966)
(-0.00583828 0.0462236 -0.00584329)
(0.00583827 0.0462235 -0.00584322)
(-0.00594756 0.0485718 -0.0059529)
(0.00594758 0.0485718 -0.00595287)
(-0.00596655 0.0500283 -0.00597168)
(0.00596655 0.0500284 -0.00597167)
(-0.00587064 0.0514482 -0.00587593)
(0.00587064 0.0514482 -0.00587592)
(-0.00574096 0.0528579 -0.00574138)
(0.00574096 0.0528579 -0.00574138)
(-0.00609547 0.0545686 -0.00609547)
(-0.00194434 0.0543106 -0.00581244)
(0.00194434 0.0543106 -0.00581244)
(0.00609547 0.0545686 -0.00609547)
(-0.00562331 0.0555627 -0.00562331)
(-0.00191881 0.0557096 -0.00576431)
(0.00191881 0.0557096 -0.00576431)
(0.00562331 0.0555627 -0.00562331)
(-0.00225233 0.0572375 -0.00592094)
(0.00225233 0.0572375 -0.00592094)
(-0.00161788 0.0581922 -0.00467208)
(0.00161788 0.0581922 -0.00467208)
(-0.00185162 0.0398489 -0.00185162)
(0.00185162 0.0398489 -0.00185162)
(-0.00587412 0.0429474 -0.0019641)
(0.00587409 0.0429475 -0.00196427)
(-0.00925955 0.0461956 -0.00182795)
(0.00925955 0.0461956 -0.00182795)
(-0.00978572 0.0484449 -0.0017682)
(0.00978572 0.0484449 -0.0017682)
(-0.00974776 0.0500167 -0.00217121)
(0.00974776 0.0500167 -0.00217121)
(-0.00961491 0.05154 -0.00184168)
(0.00961491 0.05154 -0.00184168)
(-0.00923711 0.0528729 -0.00181634)
(0.00923711 0.0528729 -0.00181634)
(-0.00871047 0.0541334 -0.00163063)
(-0.00581259 0.0543106 -0.0019438)
(0.00581259 0.0543106 -0.0019438)
(0.00871047 0.0541334 -0.00163063)
(-0.00576428 0.0557096 -0.00191862)
(0.00576428 0.0557096 -0.00191862)
(-0.00592094 0.0572375 -0.00225233)
(0.00592094 0.0572375 -0.00225233)
(-0.00467208 0.0581922 -0.00161788)
(-0.00189111 0.0583926 -0.0018911)
(0.00189111 0.0583926 -0.0018911)
(0.00467208 0.0581922 -0.00161788)
(-0.00151584 0.0592675 -0.00151584)
(0.00151584 0.0592675 -0.00151584)
(-0.00185162 0.0398489 0.00185162)
(0.00185162 0.0398489 0.00185162)
(-0.0058741 0.0429475 0.00196419)
(0.00587408 0.0429475 0.00196434)
(-0.00925955 0.0461956 0.00182795)
(0.00925955 0.0461956 0.00182795)
(-0.00978572 0.0484449 0.0017682)
(0.00978572 0.0484449 0.0017682)
(-0.00974776 0.0500167 0.00217121)
(0.00974776 0.0500167 0.00217121)
(-0.00961491 0.05154 0.00184168)
(0.00961491 0.05154 0.00184168)
(-0.00923711 0.0528729 0.00181634)
(0.00923711 0.0528729 0.00181634)
(-0.00871047 0.0541334 0.00163063)
(-0.00581249 0.0543106 0.00194448)
(0.00581249 0.0543106 0.00194448)
(0.00871047 0.0541334 0.00163063)
(-0.00576433 0.0557096 0.00191887)
(0.00576433 0.0557096 0.00191887)
(-0.00592094 0.0572375 0.00225233)
(0.00592094 0.0572375 0.00225233)
(-0.00467208 0.0581922 0.00161788)
(-0.0018911 0.0583926 0.00189111)
(0.0018911 0.0583926 0.00189111)
(0.00467208 0.0581922 0.00161788)
(-0.00151584 0.0592675 0.00151584)
(0.00151584 0.0592675 0.00151584)
(-0.00550966 0.043232 0.00550966)
(-0.00196432 0.0429475 0.0058741)
(0.00196409 0.0429474 0.00587413)
(0.00550966 0.043232 0.00550966)
(-0.00584325 0.0462235 0.00583829)
(0.0058433 0.0462236 0.00583829)
(-0.00595292 0.0485718 0.00594762)
(0.00595293 0.0485718 0.00594758)
(-0.00597173 0.0500284 0.0059666)
(0.00597173 0.0500283 0.00596659)
(-0.00587596 0.0514482 0.00587068)
(0.00587596 0.0514482 0.00587067)
(-0.0057414 0.0528579 0.00574098)
(0.0057414 0.0528579 0.00574098)
(-0.00609547 0.0545686 0.00609547)
(-0.00194395 0.0543106 0.00581264)
(0.00194395 0.0543106 0.00581264)
(0.00609547 0.0545686 0.00609547)
(-0.00562331 0.0555627 0.00562331)
(-0.00191868 0.0557096 0.0057643)
(0.00191868 0.0557096 0.0057643)
(0.00562331 0.0555627 0.00562331)
(-0.00225233 0.0572375 0.00592094)
(0.00225233 0.0572375 0.00592094)
(-0.00161788 0.0581922 0.00467208)
(0.00161788 0.0581922 0.00467208)
(-0.00182795 0.0461956 0.00925955)
(0.00182795 0.0461956 0.00925955)
(-0.0017682 0.0484449 0.00978572)
(0.0017682 0.0484449 0.00978572)
(-0.00217121 0.0500167 0.00974776)
(0.00217121 0.0500167 0.00974776)
(-0.00184168 0.05154 0.00961491)
(0.00184168 0.05154 0.00961491)
(-0.00181634 0.0528729 0.00923711)
(0.00181634 0.0528729 0.00923711)
(-0.00163063 0.0541334 0.00871047)
(0.00163063 0.0541334 0.00871047)
(-3.07089e-19 0.0449752 -0.00891773)
(-0.00349734 0.0474516 -0.0091418)
(-2.07424e-19 0.0473208 -0.00975967)
(0.00349734 0.0474516 -0.0091418)
(-0.00364242 0.0492695 -0.00931019)
(-1.52954e-18 0.0498895 -0.00999241)
(-9.08528e-10 0.0492724 -0.00949228)
(0.00364242 0.0492695 -0.00931019)
(-0.00354994 0.0507597 -0.00926343)
(1.77823e-18 0.0509864 -0.00988892)
(0.00354994 0.0507597 -0.00926343)
(-0.00345946 0.0521393 -0.00900367)
(-7.84024e-19 0.052238 -0.00961786)
(0.00345946 0.0521393 -0.00900367)
(-0.00345859 0.0534778 -0.00849796)
(3.24046e-19 0.05354 -0.00914761)
(0.00345859 0.0534778 -0.00849796)
(-1.50447e-19 0.054715 -0.00853254)
(-0.0036136 0.0432709 -0.00693835)
(-0.00353753 0.0418329 -0.00535733)
(4.46704e-20 0.0431041 -0.00768718)
(1.79323e-19 0.0413887 -0.00584859)
(0.0036136 0.0432709 -0.00693835)
(0.00353753 0.0418329 -0.00535733)
(-0.00530361 0.0449493 -0.00715281)
(-0.00715281 0.0449493 -0.00530361)
(-0.00242805 0.0442021 -0.00812631)
(-0.0038513 0.0462351 -0.00778493)
(-0.00394288 0.0445276 -0.0059116)
(0.00242805 0.0442021 -0.00812631)
(-4.2464e-08 0.046177 -0.00797128)
(-2.08091e-07 0.044528 -0.0059513)
(0.00530361 0.0449493 -0.00715281)
(0.00385137 0.0462351 -0.00778486)
(0.00394339 0.0445276 -0.00591111)
(0.00715281 0.0449493 -0.00530361)
(-0.00590131 0.0474708 -0.00781389)
(-0.00781389 0.0474708 -0.00590131)
(-0.00195711 0.0477747 -0.0079663)
(-0.00392603 0.0485599 -0.00787495)
(-0.00394948 0.0477932 -0.00594115)
(0.00195708 0.0477747 -0.00796628)
(-1.77106e-08 0.0484856 -0.00792882)
(0.00590131 0.0474708 -0.00781389)
(0.00392604 0.0485599 -0.00787493)
(0.00394977 0.0477933 -0.00594084)
(0.00781389 0.0474708 -0.00590131)
(-0.00603229 0.0492771 -0.00797256)
(-0.00797256 0.0492771 -0.00603229)
(-0.00199068 0.0492861 -0.00784366)
(-0.00394129 0.0500343 -0.00786192)
(-0.00399405 0.0492903 -0.00596803)
(0.00199067 0.0492861 -0.00784366)
(-4.82495e-09 0.0500565 -0.00779765)
(0.00603229 0.0492771 -0.00797256)
(0.00394128 0.0500343 -0.00786191)
(0.00399406 0.0492903 -0.00596799)
(0.00797256 0.0492771 -0.00603229)
(-0.00598242 0.0507422 -0.00791628)
(-0.00791628 0.0507422 -0.00598242)
(-0.00196297 0.0507993 -0.00788663)
(-0.00387418 0.0514669 -0.00783094)
(-0.00396615 0.0507519 -0.00594864)
(0.00196297 0.0507993 -0.00788662)
(-1.14175e-09 0.0515364 -0.008011)
(0.00598242 0.0507422 -0.00791628)
(0.00387418 0.0514669 -0.00783094)
(0.00396615 0.0507519 -0.00594863)
(0.00791628 0.0507422 -0.00598242)
(-0.00580668 0.0521252 -0.00770653)
(-0.00770653 0.0521252 -0.00580668)
(-0.0019266 0.0521977 -0.00792035)
(-0.00382186 0.0528886 -0.00768746)
(-0.00388608 0.052171 -0.00587312)
(0.0019266 0.0521977 -0.00792035)
(-2.69633e-10 0.0528951 -0.00789434)
(0.00580668 0.0521252 -0.00770653)
(0.00382186 0.0528886 -0.00768746)
(0.00388608 0.052171 -0.00587312)
(0.00770653 0.0521252 -0.00580668)
(-0.00532192 0.0534831 -0.00747073)
(-0.00747073 0.0534831 -0.00532192)
(-0.00192223 0.053589 -0.00772932)
(-0.00406866 0.054285 -0.00778136)
(-0.00387745 0.0536264 -0.0058257)
(0.00192223 0.053589 -0.00772932)
(-5.30111e-11 0.0542672 -0.00765148)
(-4.92275e-10 0.0535982 -0.00586556)
(0.00532192 0.0534831 -0.00747073)
(0.00406866 0.054285 -0.00778136)
(0.00387745 0.0536264 -0.0058257)
(0.00747073 0.0534831 -0.00532192)
(-0.00225691 0.055179 -0.00791553)
(-0.00345446 0.0556037 -0.00712823)
(-0.0038487 0.0549994 -0.00576766)
(0.00225691 0.055179 -0.00791553)
(1.44353e-19 0.0558112 -0.00775681)
(-8.40502e-11 0.0550142 -0.00578947)
(0.00345446 0.0556037 -0.00712823)
(0.0038487 0.0549994 -0.00576766)
(-0.00173282 0.0563033 -0.00712126)
(-0.0040481 0.0565296 -0.00584785)
(0.00173282 0.0563033 -0.00712126)
(4.87185e-19 0.0568442 -0.00678693)
(-1.03999e-11 0.0563978 -0.00575314)
(0.0040481 0.0565296 -0.00584785)
(-0.00337237 0.0575934 -0.00480876)
(-4.49146e-19 0.0577594 -0.00563763)
(0.00337237 0.0575934 -0.00480876)
(-0.0034568 0.0407764 -0.0034568)
(3.4743e-19 0.0401385 -0.00351607)
(0.0034568 0.0407764 -0.0034568)
(-0.00535733 0.0418329 -0.00353753)
(-0.00693835 0.0432709 -0.0036136)
(-0.00194036 0.0412561 -0.00387813)
(-0.00395682 0.0429 -0.00395719)
(-0.00387812 0.0412561 -0.00194026)
(0.00194025 0.0412561 -0.00387811)
(-2.08063e-07 0.0428364 -0.00394272)
(-3.45228e-08 0.0409911 -0.00195562)
(0.00535733 0.0418329 -0.00353753)
(0.00395721 0.0429001 -0.00395682)
(0.00387813 0.0412561 -0.00194034)
(0.00693835 0.0432709 -0.0036136)
(-0.00591168 0.0445271 -0.00394242)
(-0.00778584 0.0462348 -0.00384995)
(-0.00812631 0.0442021 -0.00242805)
(-0.00199417 0.0444765 -0.00398556)
(-0.00396308 0.0461362 -0.00397143)
(-0.00398393 0.0444737 -0.00198724)
(0.00198747 0.044474 -0.00398391)
(0.00591201 0.044527 -0.00394202)
(0.00396954 0.0461371 -0.00396673)
(0.00398574 0.0444765 -0.001994)
(0.00778572 0.0462347 -0.00384998)
(0.00812631 0.0442021 -0.00242805)
(-0.0091418 0.0474516 -0.00349734)
(-0.00594613 0.0477905 -0.00393668)
(-0.00787616 0.0485597 -0.00392373)
(-0.00796665 0.0477746 -0.00195632)
(-0.00399786 0.0485255 -0.00400298)
(0.00594605 0.0477904 -0.00393659)
(0.00399805 0.0485255 -0.00400269)
(0.0091418 0.0474516 -0.00349734)
(0.00787615 0.0485597 -0.00392372)
(0.00796663 0.0477745 -0.00195634)
(-0.00931019 0.0492695 -0.00364242)
(-0.00596766 0.0492895 -0.00398023)
(-0.00786294 0.0500345 -0.00393892)
(-0.00784388 0.0492861 -0.0019896)
(-0.00399917 0.0500195 -0.00400396)
(0.00596768 0.0492895 -0.00398018)
(0.00399916 0.0500195 -0.00400391)
(0.00931019 0.0492695 -0.00364242)
(0.00786294 0.0500345 -0.00393892)
(0.00784388 0.0492861 -0.00198959)
(-0.00926343 0.0507597 -0.00354994)
(-0.00595056 0.0507534 -0.00395242)
(-0.00783201 0.0514673 -0.00387221)
(-0.00788695 0.0507994 -0.00196203)
(-0.00396651 0.0514681 -0.0039668)
(0.00595056 0.0507534 -0.00395239)
(0.0039665 0.0514682 -0.00396677)
(0.00926343 0.0507597 -0.00354994)
(0.00783201 0.0514673 -0.00387221)
(0.00788695 0.0507994 -0.00196202)
(-0.00900367 0.0521393 -0.00345946)
(-0.00587675 0.052173 -0.00387851)
(-0.00768762 0.0528886 -0.00382159)
(-0.00792061 0.0521978 -0.00192605)
(-0.00391245 0.0528951 -0.0039118)
(0.00587674 0.052173 -0.00387851)
(0.00391245 0.0528951 -0.0039118)
(0.00900367 0.0521393 -0.00345946)
(0.00768762 0.0528886 -0.00382159)
(0.00792061 0.0521978 -0.00192605)
(-0.00849796 0.0534778 -0.00345859)
(-0.00582569 0.0536265 -0.00387762)
(-0.00778136 0.054285 -0.00406866)
(-0.00772937 0.053589 -0.00192209)
(-0.00195953 0.0536084 -0.00392683)
(-0.00388933 0.0543192 -0.0038965)
(-0.00392723 0.0536083 -0.00195551)
(0.00195953 0.0536084 -0.00392683)
(-4.67418e-10 0.05431 -0.00390844)
(0.00582569 0.0536265 -0.00387761)
(0.00388933 0.0543192 -0.0038965)
(0.00392723 0.0536083 -0.00195551)
(0.00849796 0.0534778 -0.00345859)
(0.00778136 0.054285 -0.00406866)
(0.00772937 0.053589 -0.00192209)
(-0.00576741 0.0549994 -0.00384912)
(-0.00712823 0.0556037 -0.00345446)
(-0.00791553 0.055179 -0.00225691)
(-0.00194333 0.0550137 -0.00388829)
(-0.00384484 0.0556975 -0.00384567)
(-0.00388806 0.0550138 -0.00194039)
(0.00194333 0.0550137 -0.00388829)
(-8.5987e-11 0.0557096 -0.00387747)
(0.00576741 0.0549994 -0.00384912)
(0.00384484 0.0556975 -0.00384567)
(0.00388806 0.0550138 -0.00194039)
(0.00712823 0.0556037 -0.00345446)
(0.00791553 0.055179 -0.00225691)
(-0.00584785 0.0565296 -0.0040481)
(-0.00712126 0.0563033 -0.00173282)
(-0.00192749 0.0563989 -0.00384986)
(-0.00379797 0.0570687 -0.00379798)
(-0.00384987 0.0563989 -0.0019273)
(0.00192749 0.0563989 -0.00384986)
(-1.10201e-11 0.0570662 -0.00382461)
(0.00584785 0.0565296 -0.0040481)
(0.00379797 0.0570687 -0.00379798)
(0.00384987 0.0563989 -0.0019273)
(0.00712126 0.0563033 -0.00173282)
(-0.00480876 0.0575934 -0.00337237)
(-0.0019035 0.057737 -0.00378506)
(-0.00339856 0.0582692 -0.00339856)
(-0.00378507 0.057737 -0.00190349)
(0.0019035 0.057737 -0.00378506)
(-6.06593e-13 0.0583472 -0.00373558)
(-7.11624e-12 0.0577239 -0.00189984)
(0.00480876 0.0575934 -0.00337237)
(0.00339856 0.0582692 -0.00339856)
(0.00378507 0.057737 -0.00190349)
(-0.00159389 0.0588187 -0.00325908)
(-0.00325908 0.0588187 -0.00159389)
(0.00159389 0.0588187 -0.00325908)
(-3.00975e-13 0.0590428 -0.00185484)
(0.00325908 0.0588187 -0.00159389)
(-0.00351607 0.0401385 -4.72551e-19)
(1.77341e-18 0.0395 9.26068e-19)
(0.00351607 0.0401385 3.59129e-19)
(-0.00584859 0.0413887 -7.64284e-19)
(-0.00768718 0.0431041 -9.54285e-19)
(-0.00195565 0.0409911 1.2814e-08)
(-0.0039427 0.0428362 7.36512e-08)
(-0.00387812 0.0412561 0.00194027)
(0.00195561 0.0409911 1.04254e-08)
(-3.69958e-08 0.0409911 0.00195564)
(0.00584859 0.0413887 -5.766e-19)
(0.00394281 0.0428365 6.02904e-08)
(0.00387813 0.0412561 0.00194035)
(0.00768718 0.0431041 2.65697e-19)
(-0.00891773 0.0449752 -3.43779e-19)
(-0.0059515 0.0445278 2.71695e-07)
(-0.00797138 0.0461769 2.09304e-07)
(-0.00812631 0.0442021 0.00242805)
(-0.003984 0.0444739 0.00198771)
(0.00595132 0.0445279 2.34007e-07)
(0.00398562 0.0444765 0.00199418)
(0.00891773 0.0449752 8.75466e-19)
(0.00797136 0.0461769 1.8718e-07)
(0.00812631 0.0442021 0.00242805)
(-0.00975967 0.0473208 -4.548e-19)
(-0.00792892 0.0484855 4.27179e-07)
(-0.00796632 0.0477747 0.00195721)
(0.00975967 0.0473208 -6.10668e-19)
(0.00792892 0.0484855 4.0933e-07)
(0.00796634 0.0477746 0.00195719)
(-0.00949229 0.0492724 5.40087e-08)
(-0.00999241 0.0498895 -1.44106e-18)
(-0.00779774 0.0500565 5.83811e-07)
(-0.0078437 0.0492861 0.00199087)
(0.00949229 0.0492724 5.34155e-08)
(0.00779774 0.0500565 5.81386e-07)
(0.0078437 0.0492861 0.00199086)
(0.00999241 0.0498895 2.6244e-19)
(-0.00988892 0.0509864 1.79176e-19)
(-0.0080111 0.0515364 3.06862e-07)
(-0.00788667 0.0507993 0.00196314)
(0.00988892 0.0509864 -1.57885e-19)
(0.0080111 0.0515364 3.06913e-07)
(0.00788667 0.0507993 0.00196313)
(-0.00961786 0.052238 -9.81035e-19)
(-0.00789441 0.0528951 1.45518e-07)
(-0.0079204 0.0521977 0.0019267)
(0.00961786 0.052238 -3.77531e-19)
(0.00789441 0.0528951 1.45391e-07)
(0.0079204 0.0521977 0.0019267)
(-0.00914761 0.05354 5.30707e-19)
(-0.00586569 0.0535982 3.68814e-07)
(-0.00765149 0.0542672 7.27598e-08)
(-0.00772934 0.053589 0.00192227)
(-0.00390841 0.05431 9.86639e-07)
(-0.00392701 0.0536084 0.0019598)
(0.00586569 0.0535982 3.68343e-07)
(0.00390841 0.05431 9.86288e-07)
(0.00392701 0.0536084 0.0019598)
(0.00914761 0.05354 -3.00242e-19)
(0.00765149 0.0542672 6.61106e-08)
(0.00772934 0.053589 0.00192227)
(-0.00853254 0.054715 -6.33049e-19)
(-0.00578947 0.0550142 2.72926e-07)
(-0.00775681 0.0558112 6.0838e-20)
(-0.00791553 0.055179 0.00225691)
(-0.00387751 0.0557096 4.35598e-07)
(-0.00388838 0.0550137 0.00194363)
(0.00578947 0.0550142 2.72441e-07)
(0.00387751 0.0557096 4.35538e-07)
(0.00388838 0.0550137 0.00194363)
(0.00853254 0.054715 -2.64264e-19)
(0.00775681 0.0558112 7.7093e-19)
(0.00791553 0.055179 0.00225691)
(-0.00575315 0.0563978 4.58041e-08)
(-0.00678693 0.0568442 2.70012e-19)
(-0.00712126 0.0563033 0.00173282)
(-0.00382462 0.0570662 3.85999e-08)
(-0.00384989 0.0563989 0.00192755)
(0.00575315 0.0563978 4.57891e-08)
(0.00382462 0.0570662 3.8596e-08)
(0.00384989 0.0563989 0.00192755)
(0.00678693 0.0568442 2.01513e-19)
(0.00712126 0.0563033 0.00173282)
(-0.00563763 0.0577594 1.04807e-19)
(-0.00189986 0.0577239 1.63679e-08)
(-0.00373558 0.0583472 1.6291e-09)
(-0.00378507 0.057737 0.0019035)
(0.00189986 0.0577239 1.63673e-08)
(-2.48265e-12 0.0583863 5.01664e-09)
(-8.03425e-12 0.0577239 0.00189987)
(0.00563763 0.0577594 1.62828e-19)
(0.00373558 0.0583472 1.629e-09)
(0.00378507 0.057737 0.0019035)
(-0.00185484 0.0590428 6.60115e-10)
(-0.00325908 0.0588187 0.00159389)
(0.00185484 0.0590428 6.60099e-10)
(-1.38044e-18 0.0595 -1.14485e-18)
(-3.2434e-13 0.0590428 0.00185484)
(0.00325908 0.0588187 0.00159389)
(-0.0034568 0.0407764 0.0034568)
(1.6417e-18 0.0401385 0.00351607)
(0.0034568 0.0407764 0.0034568)
(-0.00535733 0.0418329 0.00353753)
(-0.00693835 0.0432709 0.0036136)
(-0.00194036 0.0412561 0.00387814)
(-0.00395684 0.0429 0.00395723)
(-0.00353753 0.0418329 0.00535733)
(0.00194025 0.0412561 0.00387812)
(-2.22104e-07 0.0428363 0.00394278)
(7.47407e-19 0.0413887 0.00584859)
(0.00535733 0.0418329 0.00353753)
(0.00395719 0.0429 0.00395682)
(0.00353753 0.0418329 0.00535733)
(0.00693835 0.0432709 0.0036136)
(-0.00591113 0.0445276 0.00394343)
(-0.00778487 0.0462351 0.0038514)
(-0.00715281 0.0449493 0.00530361)
(-0.00199425 0.0444764 0.00398582)
(-0.00396697 0.046137 0.00396975)
(-0.00394206 0.044527 0.00591203)
(0.00198726 0.0444738 0.00398399)
(-2.47186e-07 0.0445277 0.00595151)
(0.00591161 0.0445276 0.00394288)
(0.00397147 0.0461362 0.00396309)
(0.00394243 0.0445271 0.00591169)
(0.00778493 0.0462351 0.00385131)
(0.00715281 0.0449493 0.00530361)
(-0.0091418 0.0474516 0.00349734)
(-0.00594095 0.0477933 0.00394994)
(-0.00787495 0.0485599 0.0039261)
(-0.00781389 0.0474708 0.00590131)
(-0.00400309 0.0485255 0.00399836)
(-0.0039368 0.0477904 0.00594613)
(0.0059412 0.0477932 0.00394954)
(0.00400321 0.0485254 0.00399791)
(0.00393678 0.0477905 0.00594615)
(0.0091418 0.0474516 0.00349734)
(0.00787497 0.0485599 0.00392607)
(0.00781389 0.0474708 0.00590131)
(-0.00931019 0.0492695 0.00364242)
(-0.00596812 0.0492903 0.00399427)
(-0.00786194 0.0500343 0.00394135)
(-0.00797256 0.0492771 0.00603229)
(-0.00400429 0.0500195 0.00399949)
(-0.00398045 0.0492895 0.00596778)
(0.00596813 0.0492903 0.0039942)
(0.00400427 0.0500195 0.00399942)
(0.00398043 0.0492895 0.00596773)
(0.00931019 0.0492695 0.00364242)
(0.00786194 0.0500343 0.00394134)
(0.00797256 0.0492771 0.00603229)
(-0.00926343 0.0507597 0.00354994)
(-0.00594875 0.0507519 0.00396634)
(-0.00783096 0.0514669 0.00387422)
(-0.00791628 0.0507422 0.00598242)
(-0.00396708 0.0514682 0.00396676)
(-0.00395262 0.0507534 0.00595066)
(0.00594875 0.0507519 0.00396631)
(0.00396707 0.0514682 0.00396672)
(0.00395262 0.0507534 0.00595064)
(0.00926343 0.0507597 0.00354994)
(0.00783096 0.0514669 0.00387422)
(0.00791628 0.0507422 0.00598242)
(-0.00900367 0.0521393 0.00345946)
(-0.00587321 0.052171 0.00388621)
(-0.00768747 0.0528886 0.00382188)
(-0.00770653 0.0521252 0.00580668)
(-0.00391199 0.0528951 0.00391263)
(-0.00387865 0.052173 0.00587683)
(0.00587321 0.052171 0.0038862)
(0.00391199 0.0528951 0.00391262)
(0.00387865 0.052173 0.00587683)
(0.00900367 0.0521393 0.00345946)
(0.00768747 0.0528886 0.00382188)
(0.00770653 0.0521252 0.00580668)
(-0.00849796 0.0534778 0.00345859)
(-0.00582574 0.0536264 0.0038775)
(-0.00778136 0.054285 0.00406866)
(-0.00747073 0.0534831 0.00532192)
(-0.00195579 0.0536083 0.0039274)
(-0.00389661 0.0543192 0.00388944)
(-0.00387767 0.0536265 0.00582573)
(0.00195579 0.0536083 0.0039274)
(-1.00744e-09 0.0543099 0.00390837)
(-1.25924e-09 0.0535982 0.00586582)
(0.00582574 0.0536264 0.0038775)
(0.00389661 0.0543192 0.00388944)
(0.00387767 0.0536265 0.00582573)
(0.00849796 0.0534778 0.00345859)
(0.00778136 0.054285 0.00406866)
(0.00747073 0.0534831 0.00532192)
(-0.00576768 0.0549994 0.00384873)
(-0.00712823 0.0556037 0.00345446)
(-0.0019407 0.0550138 0.00388815)
(-0.00384571 0.0556975 0.00384489)
(-0.00384916 0.0549994 0.00576743)
(0.0019407 0.0550138 0.00388815)
(-1.62559e-10 0.0557096 0.00387756)
(-5.93038e-10 0.0550143 0.00578948)
(0.00576768 0.0549994 0.00384873)
(0.00384571 0.0556975 0.00384489)
(0.00384916 0.0549994 0.00576743)
(0.00712823 0.0556037 0.00345446)
(-0.00584785 0.0565296 0.0040481)
(-0.00192737 0.0563989 0.0038499)
(-0.00379798 0.0570687 0.00379798)
(-0.0040481 0.0565296 0.00584785)
(0.00192737 0.0563989 0.0038499)
(-1.60597e-11 0.0570663 0.00382463)
(-2.74232e-11 0.0563978 0.00575315)
(0.00584785 0.0565296 0.0040481)
(0.00379798 0.0570687 0.00379798)
(0.0040481 0.0565296 0.00584785)
(-0.00480876 0.0575934 0.00337237)
(-0.00190349 0.057737 0.00378507)
(-0.00339856 0.0582692 0.00339856)
(-0.00337237 0.0575934 0.00480876)
(0.00190349 0.057737 0.00378507)
(-7.46855e-13 0.0583472 0.00373558)
(2.92941e-19 0.0577594 0.00563763)
(0.00480876 0.0575934 0.00337237)
(0.00339856 0.0582692 0.00339856)
(0.00337237 0.0575934 0.00480876)
(-0.00159389 0.0588187 0.00325908)
(0.00159389 0.0588187 0.00325908)
(-0.0036136 0.0432709 0.00693835)
(2.3409e-20 0.0431041 0.00768718)
(0.0036136 0.0432709 0.00693835)
(-0.00530361 0.0449493 0.00715281)
(-0.00242805 0.0442021 0.00812631)
(-0.00385001 0.0462347 0.00778573)
(0.00242805 0.0442021 0.00812631)
(-6.51937e-08 0.0461768 0.00797145)
(5.30283e-19 0.0449752 0.00891773)
(0.00530361 0.0449493 0.00715281)
(0.00384996 0.0462348 0.00778585)
(-0.00590131 0.0474708 0.00781389)
(-0.00195649 0.0477745 0.00796667)
(-0.00392379 0.0485597 0.00787617)
(-0.00349734 0.0474516 0.0091418)
(0.00195641 0.0477745 0.00796668)
(-3.08328e-08 0.0484855 0.00792902)
(-3.33553e-19 0.0473208 0.00975967)
(0.00590131 0.0474708 0.00781389)
(0.00392378 0.0485597 0.00787617)
(0.00349734 0.0474516 0.0091418)
(-0.00603229 0.0492771 0.00797256)
(-0.0019898 0.0492861 0.00784392)
(-0.00393899 0.0500345 0.00786296)
(-0.00364242 0.0492695 0.00931019)
(0.00198978 0.0492861 0.00784391)
(-7.93529e-09 0.0500564 0.00779783)
(-1.58061e-09 0.0492724 0.00949229)
(0.00603229 0.0492771 0.00797256)
(0.00393899 0.0500345 0.00786295)
(0.00364242 0.0492695 0.00931019)
(-0.00598242 0.0507422 0.00791628)
(-0.0019622 0.0507994 0.00788699)
(-0.00387226 0.0514673 0.00783203)
(-0.00354994 0.0507597 0.00926343)
(0.0019622 0.0507994 0.00788698)
(-1.42818e-09 0.0515365 0.00801119)
(-1.03535e-18 0.0509864 0.00988892)
(0.00598242 0.0507422 0.00791628)
(0.00387226 0.0514673 0.00783202)
(0.00354994 0.0507597 0.00926343)
(-0.00580668 0.0521252 0.00770653)
(-0.00192615 0.0521979 0.00792065)
(-0.00382161 0.0528886 0.00768763)
(-0.00345946 0.0521393 0.00900367)
(0.00192614 0.0521979 0.00792065)
(-5.64225e-10 0.0528951 0.00789448)
(-1.37898e-18 0.052238 0.00961786)
(0.00580668 0.0521252 0.00770653)
(0.0038216 0.0528886 0.00768763)
(0.00345946 0.0521393 0.00900367)
(-0.00532192 0.0534831 0.00747073)
(-0.00192213 0.053589 0.00772939)
(-0.00406866 0.054285 0.00778136)
(-0.00345859 0.0534778 0.00849796)
(0.00192213 0.053589 0.00772939)
(-6.62922e-09 0.0542672 0.00765151)
(-5.38802e-19 0.05354 0.00914761)
(0.00532192 0.0534831 0.00747073)
(0.00406866 0.054285 0.00778136)
(0.00345859 0.0534778 0.00849796)
(-0.00225691 0.055179 0.00791553)
(-0.00345446 0.0556037 0.00712823)
(0.00225691 0.055179 0.00791553)
(1.01685e-18 0.0558112 0.00775681)
(7.01954e-19 0.054715 0.00853254)
(0.00345446 0.0556037 0.00712823)
(-0.00173282 0.0563033 0.00712126)
(0.00173282 0.0563033 0.00712126)
(-4.04809e-19 0.0568442 0.00678693)
(1.48856e-18 0.0498895 0.00999241)
(-0.00179688 0.0448937 -0.00869212)
(-0.00178402 0.0433228 -0.00765895)
(0.00179688 0.0448937 -0.00869212)
(0.00178402 0.0433228 -0.00765895)
(-0.00343348 0.0463501 -0.00884812)
(-0.00570282 0.0463283 -0.00757747)
(-1.96769e-19 0.04614 -0.00941862)
(-0.00184211 0.047373 -0.00959596)
(-0.00195827 0.0461778 -0.00792423)
(0.00343348 0.0463501 -0.00884812)
(0.00184211 0.047373 -0.00959596)
(0.00195822 0.0461778 -0.00792421)
(0.00570282 0.0463283 -0.00757747)
(-0.00356177 0.0484312 -0.00928286)
(-0.0059973 0.0484469 -0.00793242)
(2.55382e-19 0.0482288 -0.00991888)
(-0.00217717 0.0492957 -0.00975798)
(-0.00197119 0.0485198 -0.00790513)
(0.00356177 0.0484312 -0.00928286)
(0.00217717 0.0492957 -0.00975798)
(0.00197117 0.0485198 -0.0079051)
(0.0059973 0.0484469 -0.00793242)
(-0.00363652 0.0500323 -0.00930013)
(-0.0060249 0.0500265 -0.00796388)
(-5.40678e-10 0.0500737 -0.00949005)
(-0.00175983 0.050778 -0.00976062)
(-0.00198757 0.050044 -0.00783605)
(0.00363652 0.0500323 -0.00930013)
(0.00175983 0.050778 -0.00976062)
(0.00198756 0.050044 -0.00783604)
(0.0060249 0.0500265 -0.00796388)
(-0.00349689 0.0514617 -0.00916099)
(-0.00590968 0.0514414 -0.00782986)
(5.96736e-20 0.0515921 -0.00977872)
(-0.00183462 0.0522061 -0.00945046)
(-0.00194479 0.0515102 -0.00795181)
(0.00349689 0.0514617 -0.00916099)
(0.00183462 0.0522061 -0.00945046)
(0.00194479 0.0515102 -0.00795181)
(0.00590968 0.0514414 -0.00782986)
(-0.00340652 0.0527924 -0.00880657)
(-0.00565879 0.0527857 -0.00756191)
(-7.52824e-20 0.0528935 -0.00940662)
(-0.0017589 0.0535212 -0.00898532)
(-0.00191438 0.0528898 -0.00783067)
(0.00340652 0.0527924 -0.00880657)
(0.0017589 0.0535212 -0.00898532)
(0.00191438 0.0528898 -0.00783067)
(0.00565879 0.0527857 -0.00756191)
(-0.00543992 0.0542455 -0.00692011)
(-9.47779e-20 0.0541623 -0.00884662)
(-0.00158547 0.0547592 -0.00835626)
(-0.00192457 0.054294 -0.00764966)
(0.00158547 0.0547592 -0.00835626)
(0.00192457 0.054294 -0.00764966)
(0.00543992 0.0542455 -0.00692011)
(-0.00176445 0.0556553 -0.0076811)
(0.00176445 0.0556553 -0.0076811)
(-0.00164794 0.056867 -0.00655837)
(0.00164794 0.056867 -0.00655837)
(-0.0017286 0.0414971 -0.00574155)
(-0.0017702 0.0402926 -0.00347702)
(0.0017286 0.0414971 -0.00574155)
(0.0017702 0.0402926 -0.00347702)
(-0.00420449 0.0427251 -0.00603511)
(-0.00606375 0.0443559 -0.00606375)
(-0.00603511 0.0427251 -0.00420449)
(-7.16801e-08 0.0429349 -0.00587452)
(-0.0019958 0.0445188 -0.00596961)
(-0.00197508 0.0428632 -0.00394431)
(0.00420449 0.0427251 -0.00603511)
(0.00199499 0.0445188 -0.0059702)
(0.00197414 0.0428629 -0.00394406)
(0.00606375 0.0443559 -0.00606375)
(0.00603511 0.0427251 -0.00420449)
(-0.00757747 0.0463283 -0.00570282)
(-0.00884812 0.0463501 -0.00343348)
(-0.00392386 0.0461834 -0.00590903)
(-0.00589355 0.0478313 -0.00589898)
(-0.00591473 0.0461776 -0.00391436)
(0.00392473 0.0461835 -0.00590828)
(0.00757747 0.0463283 -0.00570282)
(0.00589358 0.0478313 -0.00589892)
(0.00591336 0.0461771 -0.00391458)
(0.00884812 0.0463501 -0.00343348)
(-0.00793242 0.0484469 -0.0059973)
(-0.00928286 0.0484312 -0.00356177)
(-0.00397854 0.0485465 -0.00596355)
(-0.00597288 0.0493037 -0.00597804)
(-0.00596546 0.0485445 -0.00396478)
(0.00397861 0.0485465 -0.00596343)
(0.00793242 0.0484469 -0.0059973)
(0.00597289 0.0493037 -0.00597802)
(0.0059655 0.0485445 -0.00396468)
(0.00928286 0.0484312 -0.00356177)
(-0.00796388 0.0500265 -0.0060249)
(-0.00930013 0.0500323 -0.00363652)
(-0.0039895 0.0500263 -0.00596241)
(-0.00593127 0.0507436 -0.00593651)
(-0.00596207 0.0500266 -0.0039758)
(0.00398949 0.0500263 -0.00596239)
(0.00796388 0.0500265 -0.0060249)
(0.00593127 0.0507436 -0.00593651)
(0.00596207 0.0500266 -0.00397577)
(0.00930013 0.0500323 -0.00363652)
(-0.00782986 0.0514414 -0.00590968)
(-0.00916099 0.0514617 -0.00349689)
(-0.00392947 0.0514641 -0.00591935)
(-0.00579684 0.0521473 -0.00580109)
(-0.00592334 0.0514667 -0.00391614)
(0.00392947 0.0514641 -0.00591934)
(0.00782986 0.0514414 -0.00590968)
(0.00579684 0.0521473 -0.00580108)
(0.00592334 0.0514667 -0.00391613)
(0.00916099 0.0514617 -0.00349689)
(-0.00756191 0.0527857 -0.00565879)
(-0.00880657 0.0527924 -0.00340652)
(-0.00386188 0.0528889 -0.00582987)
(-0.00575474 0.0536167 -0.00575481)
(-0.00583079 0.0528893 -0.00386058)
(-0.00194334 0.053605 -0.00585119)
(0.00386188 0.0528889 -0.00582987)
(0.00194334 0.053605 -0.00585119)
(0.00756191 0.0527857 -0.00565879)
(0.00575474 0.0536167 -0.00575481)
(0.00583079 0.0528893 -0.00386058)
(0.00880657 0.0527924 -0.00340652)
(-0.00692011 0.0542455 -0.00543992)
(-0.00388751 0.0543285 -0.00581298)
(-0.00590214 0.0550072 -0.00590214)
(-0.0058142 0.0543287 -0.00388815)
(-2.151e-10 0.0543004 -0.005812)
(-0.00193848 0.0550233 -0.00579769)
(-0.00195306 0.0543134 -0.00390425)
(0.00388751 0.0543285 -0.00581298)
(0.00193848 0.0550233 -0.00579769)
(0.00195306 0.0543134 -0.00390425)
(0.00692011 0.0542455 -0.00543992)
(0.00590214 0.0550072 -0.00590214)
(0.0058142 0.0543287 -0.00388815)
(-0.00381247 0.0556864 -0.00572337)
(-0.00522965 0.0562306 -0.00522965)
(-0.00572325 0.0556864 -0.00381259)
(-2.94139e-11 0.0557232 -0.00578487)
(-0.00192042 0.0564084 -0.00573893)
(-0.00193097 0.0557065 -0.0038705)
(0.00381247 0.0556864 -0.00572337)
(0.00192042 0.0564084 -0.00573893)
(0.00193097 0.0557065 -0.0038705)
(0.00522965 0.0562306 -0.00522965)
(0.00572325 0.0556864 -0.00381259)
(-0.0035151 0.0569848 -0.00562332)
(-0.00562332 0.0569848 -0.0035151)
(-2.39067e-12 0.0570613 -0.00569104)
(-0.00170119 0.057626 -0.00557435)
(-0.00192004 0.0570805 -0.00382412)
(0.0035151 0.0569848 -0.00562332)
(0.00170119 0.057626 -0.00557435)
(0.00192004 0.0570805 -0.00382412)
(0.00562332 0.0569848 -0.0035151)
(-9.83442e-19 0.0581804 -0.00496493)
(-0.00214261 0.0584803 -0.00384224)
(0.00214261 0.0584803 -0.00384224)
(-0.00347702 0.0402926 -0.0017702)
(-0.00574155 0.0414971 -0.0017286)
(1.02284e-18 0.0396757 -0.00186606)
(-0.00195074 0.0410779 -0.00195069)
(-0.00186606 0.0396757 9.11498e-20)
(0.00347702 0.0402926 -0.0017702)
(0.00195068 0.0410779 -0.00195072)
(0.00186606 0.0396757 1.048e-18)
(0.00574155 0.0414971 -0.0017286)
(-0.00765895 0.0433228 -0.00178402)
(-0.00869212 0.0448937 -0.00179688)
(-0.00394408 0.0428628 -0.00197412)
(-0.00597051 0.0445185 -0.00199448)
(-0.00587455 0.0429348 4.58759e-08)
(0.00394436 0.0428632 -0.00197498)
(0.00765895 0.0433228 -0.00178402)
(0.00596978 0.0445186 -0.00199527)
(0.00587454 0.0429349 3.80789e-08)
(0.00869212 0.0448937 -0.00179688)
(-0.00792454 0.0461776 -0.00195767)
(-0.00959596 0.047373 -0.00184211)
(-0.00941862 0.04614 -2.014e-19)
(0.00792449 0.0461776 -0.00195774)
(0.00959596 0.047373 -0.00184211)
(0.00941862 0.04614 -5.21473e-19)
(-0.00790548 0.0485197 -0.00197021)
(-0.00975798 0.0492957 -0.00217717)
(-0.00991888 0.0482288 -6.97665e-19)
(0.00790545 0.0485197 -0.0019702)
(0.00975798 0.0492957 -0.00217717)
(0.00991888 0.0482288 -1.02712e-19)
(-0.00783634 0.050044 -0.00198653)
(-0.00976062 0.050778 -0.00175983)
(-0.00949006 0.0500737 5.75601e-08)
(0.00783634 0.050044 -0.00198652)
(0.00976062 0.050778 -0.00175983)
(0.00949006 0.0500737 5.72921e-08)
(-0.00795211 0.0515103 -0.00194407)
(-0.00945046 0.0522061 -0.00183462)
(-0.00977872 0.0515921 -2.52101e-19)
(0.00795211 0.0515104 -0.00194406)
(0.00945046 0.0522061 -0.00183462)
(0.00977872 0.0515921 -1.03304e-18)
(-0.00783081 0.0528898 -0.00191412)
(-0.00898532 0.0535212 -0.0017589)
(-0.00940662 0.0528935 -1.57524e-19)
(-0.00585139 0.0536051 -0.00194254)
(0.00783081 0.0528898 -0.00191412)
(0.00585139 0.0536051 -0.00194254)
(0.00898532 0.0535212 -0.0017589)
(0.00940662 0.0528935 3.85903e-19)
(-0.00764968 0.054294 -0.0019245)
(-0.00835626 0.0547592 -0.00158547)
(-0.00884662 0.0541623 -7.78063e-19)
(-0.00390338 0.0543133 -0.00194974)
(-0.00579764 0.0550233 -0.00193805)
(-0.00581205 0.0543004 3.55924e-07)
(0.00390338 0.0543133 -0.00194974)
(0.00764968 0.054294 -0.0019245)
(0.00579764 0.0550233 -0.00193805)
(0.00581205 0.0543004 3.54291e-07)
(0.00835626 0.0547592 -0.00158547)
(0.00884662 0.0541623 3.98147e-19)
(-0.0076811 0.0556553 -0.00176445)
(-0.00387047 0.0557066 -0.00192992)
(-0.00573893 0.0564084 -0.00192038)
(-0.00578488 0.0557233 1.27644e-07)
(0.00387047 0.0557066 -0.00192992)
(0.0076811 0.0556553 -0.00176445)
(0.00573893 0.0564084 -0.00192038)
(0.00578488 0.0557233 1.27561e-07)
(-0.00655837 0.056867 -0.00164794)
(-0.00382412 0.0570805 -0.00192)
(-0.00557435 0.057626 -0.00170119)
(-0.00569104 0.0570613 9.45733e-09)
(-0.00190396 0.0577309 -0.00190395)
(0.00382412 0.0570805 -0.00192)
(0.00190396 0.0577309 -0.00190395)
(0.00655837 0.056867 -0.00164794)
(0.00557435 0.057626 -0.00170119)
(0.00569104 0.0570613 9.45516e-09)
(-0.00384224 0.0584803 -0.00214261)
(-0.00496493 0.0581804 -9.95206e-19)
(-1.81117e-12 0.0583781 -0.00187846)
(-0.0020841 0.0590558 -0.0020841)
(-0.00187847 0.0583781 4.05891e-09)
(0.00384224 0.0584803 -0.00214261)
(0.0020841 0.0590558 -0.0020841)
(0.00187847 0.0583781 4.05878e-09)
(0.00496493 0.0581804 2.00249e-19)
(-1.42036e-18 0.0593912 -0.00147119)
(-0.00147119 0.0593912 -1.38384e-18)
(0.00147119 0.0593912 -4.87176e-19)
(-0.00347702 0.0402926 0.0017702)
(-0.00574155 0.0414971 0.0017286)
(2.05426e-18 0.0396757 0.00186606)
(-0.00195074 0.0410779 0.00195071)
(-0.0017702 0.0402926 0.00347702)
(0.00347702 0.0402926 0.0017702)
(0.00195068 0.0410779 0.00195073)
(0.0017702 0.0402926 0.00347702)
(0.00574155 0.0414971 0.0017286)
(-0.00765895 0.0433228 0.00178402)
(-0.00869212 0.0448937 0.00179688)
(-0.00394409 0.0428628 0.00197424)
(-0.00597026 0.0445187 0.00199514)
(-0.00603511 0.0427251 0.00420449)
(-0.00197509 0.0428632 0.00394439)
(0.00394433 0.0428632 0.00197505)
(0.00197409 0.0428628 0.0039441)
(0.00765895 0.0433228 0.00178402)
(0.00596963 0.0445188 0.00199582)
(0.00603511 0.0427251 0.00420449)
(0.00869212 0.0448937 0.00179688)
(-0.00792424 0.0461778 0.0019583)
(-0.00959596 0.047373 0.00184211)
(-0.00884812 0.0463501 0.00343348)
(-0.00590835 0.0461835 0.00392485)
(0.00792425 0.0461778 0.00195831)
(0.00590906 0.0461833 0.00392388)
(0.00959596 0.047373 0.00184211)
(0.00884812 0.0463501 0.00343348)
(-0.00790515 0.0485198 0.00197135)
(-0.00975798 0.0492957 0.00217717)
(-0.00928286 0.0484312 0.00356177)
(-0.00596356 0.0485465 0.0039788)
(0.00790517 0.0485198 0.00197131)
(0.00596364 0.0485465 0.00397863)
(0.00975798 0.0492957 0.00217717)
(0.00928286 0.0484312 0.00356177)
(-0.00783609 0.050044 0.00198777)
(-0.00976062 0.050778 0.00175983)
(-0.00930013 0.0500323 0.00363652)
(-0.00596251 0.0500263 0.00398971)
(0.00783609 0.050044 0.00198776)
(0.00596251 0.0500263 0.00398968)
(0.00976062 0.050778 0.00175983)
(0.00930013 0.0500323 0.00363652)
(-0.00795186 0.0515102 0.00194492)
(-0.00945046 0.0522061 0.00183462)
(-0.00916099 0.0514617 0.00349689)
(-0.00591945 0.0514641 0.00392962)
(0.00795186 0.0515102 0.00194491)
(0.00591945 0.0514641 0.00392961)
(0.00945046 0.0522061 0.00183462)
(0.00916099 0.0514617 0.00349689)
(-0.0078307 0.0528898 0.00191445)
(-0.00898532 0.0535212 0.0017589)
(-0.00880657 0.0527924 0.00340652)
(-0.00585127 0.053605 0.00194351)
(-0.00582995 0.0528889 0.00386197)
(0.0078307 0.0528898 0.00191445)
(0.00585127 0.053605 0.00194351)
(0.00582995 0.0528889 0.00386197)
(0.00898532 0.0535212 0.0017589)
(0.00880657 0.0527924 0.00340652)
(-0.00764967 0.054294 0.0019246)
(-0.00835626 0.0547592 0.00158547)
(-0.00390437 0.0543134 0.00195341)
(-0.00579771 0.0550233 0.00193859)
(-0.00581301 0.0543285 0.00388755)
(-0.00195009 0.0543133 0.00390349)
(0.00390437 0.0543134 0.00195341)
(0.00195009 0.0543133 0.00390349)
(0.00764967 0.054294 0.0019246)
(0.00579771 0.0550233 0.00193859)
(0.00581301 0.0543285 0.00388755)
(0.00835626 0.0547592 0.00158547)
(-0.0076811 0.0556553 0.00176445)
(-0.00387056 0.0557065 0.00193114)
(-0.00573893 0.0564084 0.00192044)
(-0.00572338 0.0556864 0.00381248)
(-0.00193009 0.0557066 0.00387053)
(0.00387056 0.0557065 0.00193114)
(0.00193009 0.0557066 0.00387053)
(0.0076811 0.0556553 0.00176445)
(0.00573893 0.0564084 0.00192044)
(0.00572338 0.0556864 0.00381248)
(-0.00655837 0.056867 0.00164794)
(-0.00382413 0.0570805 0.00192006)
(-0.00557435 0.057626 0.00170119)
(-0.00562332 0.0569848 0.0035151)
(-0.00190396 0.0577309 0.00190397)
(-0.00192002 0.0570805 0.00382414)
(0.00382413 0.0570805 0.00192006)
(0.00190396 0.0577309 0.00190397)
(0.00192002 0.0570805 0.00382414)
(0.00655837 0.056867 0.00164794)
(0.00557435 0.057626 0.00170119)
(0.00562332 0.0569848 0.0035151)
(-0.00384224 0.0584803 0.00214261)
(-1.99194e-12 0.0583781 0.00187847)
(-0.0020841 0.0590558 0.0020841)
(-0.00214261 0.0584803 0.00384224)
(0.00384224 0.0584803 0.00214261)
(0.0020841 0.0590558 0.0020841)
(0.00214261 0.0584803 0.00384224)
(-4.39485e-19 0.0593912 0.00147119)
(-0.0017286 0.0414971 0.00574155)
(0.0017286 0.0414971 0.00574155)
(-0.00420449 0.0427251 0.00603511)
(-0.00606375 0.0443559 0.00606375)
(-7.97199e-08 0.0429349 0.00587456)
(-0.00199543 0.0445185 0.00596983)
(-0.00178402 0.0433228 0.00765895)
(0.00420449 0.0427251 0.00603511)
(0.0019945 0.0445185 0.00597052)
(0.00178402 0.0433228 0.00765895)
(0.00606375 0.0443559 0.00606375)
(-0.00757747 0.0463283 0.00570282)
(-0.00391472 0.0461771 0.00591343)
(-0.00589896 0.0478312 0.00589361)
(-0.00570282 0.0463283 0.00757747)
(-0.00195783 0.0461776 0.00792451)
(0.00391441 0.0461776 0.00591475)
(0.00195771 0.0461776 0.00792456)
(0.00757747 0.0463283 0.00570282)
(0.005899 0.0478312 0.00589356)
(0.00570282 0.0463283 0.00757747)
(-0.00793242 0.0484469 0.0059973)
(-0.00396495 0.0485445 0.00596558)
(-0.00597807 0.0493037 0.00597293)
(-0.0059973 0.0484469 0.00793242)
(-0.0019704 0.0485197 0.00790552)
(0.00396493 0.0485445 0.0059655)
(0.00197035 0.0485197 0.00790551)
(0.00793242 0.0484469 0.0059973)
(0.00597807 0.0493037 0.00597291)
(0.0059973 0.0484469 0.00793242)
(-0.00796388 0.0500265 0.0060249)
(-0.00397604 0.0500266 0.00596218)
(-0.00593656 0.0507436 0.00593131)
(-0.0060249 0.0500265 0.00796388)
(-0.00198674 0.050044 0.00783638)
(0.00397602 0.0500266 0.00596215)
(0.00198673 0.050044 0.00783638)
(0.00796388 0.0500265 0.0060249)
(0.00593655 0.0507436 0.0059313)
(0.0060249 0.0500265 0.00796388)
(-0.00782986 0.0514414 0.00590968)
(-0.00391631 0.0514667 0.00592343)
(-0.00580112 0.0521474 0.00579687)
(-0.00590968 0.0514414 0.00782986)
(-0.00194419 0.0515104 0.00795216)
(0.00391631 0.0514667 0.00592342)
(0.00194419 0.0515104 0.00795215)
(0.00782986 0.0514414 0.00590968)
(0.00580112 0.0521474 0.00579687)
(0.00590968 0.0514414 0.00782986)
(-0.00756191 0.0527857 0.00565879)
(-0.00386068 0.0528893 0.00583086)
(-0.00575482 0.0536167 0.00575475)
(-0.00565879 0.0527857 0.00756191)
(-0.00194271 0.0536051 0.00585147)
(-0.00191419 0.0528898 0.00783084)
(0.00386067 0.0528893 0.00583086)
(0.00194271 0.0536051 0.00585147)
(0.00191419 0.0528898 0.00783084)
(0.00756191 0.0527857 0.00565879)
(0.00575482 0.0536167 0.00575475)
(0.00565879 0.0527857 0.00756191)
(-0.00692011 0.0542455 0.00543992)
(-0.00388819 0.0543287 0.00581422)
(-0.00590214 0.0550072 0.00590214)
(-0.00543992 0.0542455 0.00692011)
(-1.92704e-09 0.0543004 0.0058121)
(-0.00193816 0.0550233 0.00579766)
(-0.00192452 0.054294 0.00764969)
(0.00388819 0.0543287 0.00581422)
(0.00193816 0.0550233 0.00579766)
(0.00192453 0.054294 0.00764969)
(0.00692011 0.0542455 0.00543992)
(0.00590214 0.0550072 0.00590214)
(0.00543992 0.0542455 0.00692011)
(-0.0038126 0.0556864 0.00572326)
(-0.00522965 0.0562306 0.00522965)
(-1.19283e-10 0.0557233 0.00578488)
(-0.0019204 0.0564084 0.00573893)
(-0.00176445 0.0556553 0.0076811)
(0.0038126 0.0556864 0.00572326)
(0.0019204 0.0564084 0.00573893)
(0.00176445 0.0556553 0.0076811)
(0.00522965 0.0562306 0.00522965)
(-0.0035151 0.0569848 0.00562332)
(-4.91928e-12 0.0570613 0.00569104)
(-0.00170119 0.057626 0.00557435)
(-0.00164794 0.056867 0.00655837)
(0.0035151 0.0569848 0.00562332)
(0.00170119 0.057626 0.00557435)
(0.00164794 0.056867 0.00655837)
(3.15211e-19 0.0581804 0.00496493)
(-0.00179688 0.0448937 0.00869212)
(0.00179688 0.0448937 0.00869212)
(-0.00343348 0.0463501 0.00884812)
(8.10484e-19 0.04614 0.00941862)
(-0.00184211 0.047373 0.00959596)
(0.00343348 0.0463501 0.00884812)
(0.00184211 0.047373 0.00959596)
(-0.00356177 0.0484312 0.00928286)
(-5.80467e-19 0.0482288 0.00991888)
(-0.00217717 0.0492957 0.00975798)
(0.00356177 0.0484312 0.00928286)
(0.00217717 0.0492957 0.00975798)
(-0.00363652 0.0500323 0.00930013)
(-8.99895e-10 0.0500737 0.00949006)
(-0.00175983 0.050778 0.00976062)
(0.00363652 0.0500323 0.00930013)
(0.00175983 0.050778 0.00976062)
(-0.00349689 0.0514617 0.00916099)
(-8.1965e-19 0.0515921 0.00977872)
(-0.00183462 0.0522061 0.00945046)
(0.00349689 0.0514617 0.00916099)
(0.00183462 0.0522061 0.00945046)
(-0.00340652 0.0527924 0.00880657)
(-4.14391e-19 0.0528935 0.00940662)
(-0.0017589 0.0535212 0.00898532)
(0.00340652 0.0527924 0.00880657)
(0.0017589 0.0535212 0.00898532)
(2.83714e-19 0.0541623 0.00884662)
(-0.00158547 0.0547592 0.00835626)
(0.00158547 0.0547592 0.00835626)
(-0.00197639 0.0461435 -0.00598126)
(0.00197578 0.0461437 -0.00598123)
(-0.00198941 0.0485187 -0.00598869)
(0.00198933 0.0485188 -0.00598861)
(-0.00199682 0.0500297 -0.00595976)
(0.00199679 0.0500297 -0.00595974)
(-0.00196397 0.0514866 -0.0059883)
(0.00196396 0.0514866 -0.00598829)
(-0.00194161 0.0528951 -0.0059014)
(0.00194161 0.0528951 -0.0059014)
(-0.00196869 0.0427528 -0.00196837)
(0.00196836 0.0427528 -0.00196857)
(-0.0059825 0.0461425 -0.00197348)
(-0.00200686 0.0460718 -0.00200617)
(0.00200623 0.0460719 -0.00200635)
(0.00598211 0.0461423 -0.00197419)
(-0.0059886 0.0485187 -0.00198717)
(-0.00202304 0.0484926 -0.00202342)
(0.00202287 0.0484926 -0.00202297)
(0.00598875 0.0485186 -0.00198699)
(-0.00595954 0.0500294 -0.00199448)
(-0.00202093 0.0500089 -0.00202166)
(0.00202087 0.0500089 -0.00202158)
(0.00595953 0.0500294 -0.00199445)
(-0.00598832 0.0514869 -0.00196256)
(-0.0020115 0.0514722 -0.00201197)
(0.00201149 0.0514722 -0.00201193)
(0.00598832 0.0514869 -0.00196254)
(-0.00590205 0.0528953 -0.00194063)
(-0.00198393 0.0528984 -0.00198596)
(0.00198393 0.0528984 -0.00198596)
(0.00590205 0.0528953 -0.00194062)
(-0.00196123 0.0543124 -0.00196043)
(0.00196123 0.0543124 -0.00196043)
(-0.00193864 0.0557057 -0.00193822)
(0.00193864 0.0557057 -0.00193822)
(-0.00192073 0.0570696 -0.00192068)
(0.00192073 0.0570696 -0.00192068)
(-0.0019687 0.0427528 0.00196849)
(0.00196834 0.0427528 0.00196865)
(-0.00598137 0.0461436 0.00197615)
(-0.00200696 0.0460718 0.00200681)
(0.00200608 0.0460718 0.00200675)
(0.00598133 0.0461434 0.00197648)
(-0.00598877 0.0485187 0.00198989)
(-0.00202383 0.0484926 0.00202362)
(0.00202343 0.0484927 0.00202281)
(0.00598884 0.0485187 0.00198971)
(-0.0059599 0.0500297 0.00199747)
(-0.00202235 0.0500089 0.0020215)
(0.00202226 0.0500089 0.00202141)
(0.00595989 0.0500297 0.00199743)
(-0.00598845 0.0514866 0.00196436)
(-0.00201273 0.0514722 0.00201213)
(0.0020127 0.0514722 0.00201208)
(0.00598845 0.0514866 0.00196433)
(-0.00590156 0.0528951 0.00194184)
(-0.00198634 0.0528984 0.00198429)
(0.00198633 0.0528984 0.00198429)
(0.00590156 0.0528951 0.00194183)
(-0.00196077 0.0543124 0.00196156)
(0.00196076 0.0543124 0.00196156)
(-0.00193842 0.0557057 0.00193883)
(0.00193842 0.0557057 0.00193883)
(-0.00192072 0.0570696 0.00192076)
(0.00192072 0.0570696 0.00192076)
(-0.00197457 0.0461422 0.00598223)
(0.00197359 0.0461424 0.00598256)
(-0.00198776 0.0485186 0.00598873)
(0.00198758 0.0485186 0.00598866)
(-0.00199517 0.0500293 0.00595965)
(0.00199513 0.0500293 0.00595963)
(-0.00196297 0.0514869 0.00598846)
(0.00196296 0.0514869 0.00598845)
(-0.00194086 0.0528953 0.00590218)
(0.00194086 0.0528953 0.00590218)
(-1.74054e-07 0.0477452 -0.00602974)
(-3.6692e-08 0.0492715 -0.00595804)
(-9.27623e-09 0.0507814 -0.00598931)
(-2.28584e-09 0.0521982 -0.00599809)
(-8.5366e-07 0.0460981 -0.00401832)
(-3.53528e-07 0.044395 -0.00199179)
(-0.00199961 0.0477328 -0.00402255)
(-0.00402229 0.0477325 -0.00199636)
(0.00199906 0.047733 -0.00402208)
(-2.24373e-07 0.0484984 -0.0040331)
(-1.90467e-06 0.0476996 -0.00202564)
(0.00402259 0.0477323 -0.00199657)
(-0.00201312 0.0492672 -0.00401602)
(-0.00401756 0.0492671 -0.00200944)
(0.00201304 0.0492672 -0.00401593)
(-3.94298e-08 0.0500166 -0.00401781)
(-1.52387e-07 0.0492531 -0.00202976)
(0.00401756 0.0492671 -0.00200932)
(-0.00200106 0.0507535 -0.00401414)
(-0.0040146 0.0507536 -0.00199799)
(0.00200104 0.0507535 -0.00401409)
(-1.17893e-08 0.0514788 -0.00402636)
(-1.02727e-07 0.0507463 -0.00202744)
(0.0040146 0.0507536 -0.00199785)
(-0.00197658 0.0521868 -0.00398534)
(-0.00398647 0.0521869 -0.00197534)
(0.00197657 0.0521868 -0.00398533)
(-2.24712e-09 0.0528982 -0.00397223)
(-8.14868e-09 0.0521879 -0.00201083)
(0.00398647 0.0521869 -0.00197533)
(-1.52662e-09 0.0536068 -0.00197848)
(-3.25903e-10 0.0550118 -0.00195199)
(-5.98291e-11 0.05639 -0.00192971)
(-1.32644e-07 0.0426569 5.64388e-08)
(-0.00199215 0.0443949 1.87588e-07)
(-0.00401846 0.046098 6.13401e-07)
(0.00199169 0.0443951 1.54821e-07)
(-5.28342e-07 0.0460396 2.9344e-07)
(-3.89272e-07 0.044395 0.00199204)
(0.00401845 0.0460978 4.59261e-07)
(-0.00602995 0.0477451 8.87584e-07)
(-0.00202615 0.0476994 7.42971e-07)
(-0.00403348 0.0484983 1.13171e-06)
(-0.00402244 0.0477329 0.00199981)
(0.00202588 0.0476995 6.22137e-07)
(-4.00058e-07 0.0484781 5.69986e-07)
(-2.11518e-06 0.0476994 0.00202634)
(0.00602995 0.047745 8.11732e-07)
(0.00403348 0.0484983 1.48803e-06)
(0.0040227 0.0477326 0.00199966)
(-0.00595811 0.0492715 1.43094e-06)
(-0.00203015 0.0492531 1.28448e-06)
(-0.00401827 0.0500165 1.71215e-06)
(-0.00401636 0.0492671 0.00201384)
(0.00202998 0.0492531 1.35364e-06)
(-6.0985e-08 0.050004 6.76095e-07)
(-1.67257e-07 0.049253 0.00203028)
(0.00595811 0.0492715 1.41546e-06)
(0.00401823 0.0500165 1.74872e-06)
(0.00401637 0.0492671 0.00201363)
(-0.0059895 0.0507814 1.21202e-06)
(-0.00202809 0.0507463 1.18274e-06)
(-0.00402676 0.0514789 1.01615e-06)
(-0.00401451 0.0507535 0.00200169)
(0.00202803 0.0507463 1.23217e-06)
(-1.56315e-08 0.0514708 6.4931e-07)
(-2.62763e-08 0.0507463 0.00202826)
(0.00598948 0.0507814 1.19006e-06)
(0.00402674 0.0514789 1.06712e-06)
(0.00401451 0.0507536 0.00200142)
(-0.00599842 0.0521983 7.78812e-07)
(-0.00201115 0.0521879 1.62376e-06)
(-0.00397277 0.0528982 6.71506e-07)
(-0.00398569 0.0521868 0.00197705)
(0.00201114 0.0521879 1.63031e-06)
(-3.50505e-09 0.052899 4.20384e-07)
(-3.70869e-09 0.0521879 0.00201135)
(0.00599841 0.0521983 7.80624e-07)
(0.00397276 0.0528982 6.73174e-07)
(0.00398569 0.0521868 0.00197704)
(-0.00197874 0.0536068 4.49284e-07)
(0.00197874 0.0536068 4.49575e-07)
(-8.47281e-10 0.0543114 4.56266e-07)
(-1.65776e-09 0.0536068 0.001979)
(-0.00195235 0.0550118 5.71843e-07)
(0.00195235 0.0550118 5.71797e-07)
(-1.7907e-10 0.055704 2.7769e-07)
(-4.18341e-10 0.0550118 0.0019527)
(-0.00192982 0.05639 1.44194e-07)
(0.00192982 0.05639 1.44185e-07)
(-2.82934e-11 0.0570609 5.49313e-08)
(-7.2323e-11 0.05639 0.00192993)
(-1.02375e-06 0.0460977 0.00401857)
(-0.00199743 0.0477322 0.00402289)
(0.00199654 0.0477323 0.00402233)
(-3.01352e-07 0.0484981 0.00403376)
(-2.56016e-07 0.0477449 0.00603011)
(-0.00201024 0.049267 0.00401791)
(0.00201009 0.049267 0.00401778)
(-4.84934e-08 0.0500165 0.00401859)
(-5.8572e-08 0.0492714 0.00595813)
(-0.00199869 0.0507536 0.00401489)
(0.00199865 0.0507536 0.00401483)
(-7.83492e-09 0.051479 0.00402702)
(-1.11219e-08 0.0507815 0.00598963)
(-0.00197584 0.0521869 0.00398679)
(0.00197583 0.0521869 0.00398678)
(-2.74347e-09 0.0528983 0.00397327)
(-2.40907e-09 0.0521984 0.00599873)
(-2.79195e-07 0.046141 -0.00600542)
(-0.00197746 0.0477583 -0.00600451)
(-0.00199299 0.0461078 -0.00400814)
(0.00197726 0.0477584 -0.00600437)
(0.00198948 0.0461089 -0.00400814)
(-8.17858e-08 0.0485047 -0.00600032)
(-0.00200048 0.0492779 -0.00596496)
(-0.00200819 0.0485068 -0.00402332)
(0.00200044 0.0492779 -0.00596493)
(0.00200801 0.0485068 -0.00402309)
(-1.71402e-08 0.0500335 -0.00595357)
(-0.00198118 0.0507697 -0.00597638)
(-0.00201028 0.0500165 -0.00401325)
(0.00198117 0.0507697 -0.00597637)
(0.00201023 0.0500165 -0.0040132)
(-4.73299e-09 0.051498 -0.00601867)
(-0.00195049 0.0521896 -0.00595804)
(-0.00198904 0.0514751 -0.00400742)
(0.00195049 0.0521896 -0.00595804)
(0.00198902 0.0514751 -0.0040074)
(-1.07716e-09 0.0528968 -0.00593669)
(-0.0019636 0.0528975 -0.00395436)
(0.00196359 0.0528975 -0.00395436)
(-1.60554e-07 0.042708 -0.00196854)
(-0.00199228 0.0444187 -0.00199132)
(-0.0019687 0.042708 6.59248e-08)
(0.00199133 0.0444188 -0.00199202)
(0.00196849 0.042708 5.3627e-08)
(-0.00400792 0.0461083 -0.00198891)
(-0.0060048 0.047758 -0.00197561)
(-0.00600575 0.0461408 7.43708e-07)
(-7.05475e-07 0.0460564 -0.00200943)
(-0.00201777 0.0477098 -0.00201844)
(-0.00200995 0.0460564 4.02316e-07)
(0.00400805 0.0461076 -0.00199244)
(0.00201858 0.0477098 -0.00201669)
(0.00200939 0.0460564 3.0768e-07)
(0.00600477 0.0477579 -0.00197572)
(0.00600565 0.0461407 6.4012e-07)
(-0.00402402 0.0485064 -0.00200441)
(-0.00596443 0.0492779 -0.00199759)
(-0.00600047 0.0485046 1.27348e-06)
(-4.75701e-07 0.0484858 -0.0020316)
(-0.00202285 0.0492574 -0.00202365)
(-0.00203205 0.0484857 6.54353e-07)
(0.00402413 0.0485063 -0.0020041)
(0.00202272 0.0492574 -0.00202351)
(0.00203175 0.0484858 1.04048e-06)
(0.00596444 0.0492779 -0.00199754)
(0.0060005 0.0485045 1.17306e-06)
(-0.00401421 0.0500165 -0.00200682)
(-0.00597648 0.0507698 -0.00197901)
(-0.00595366 0.0500334 1.93901e-06)
(-6.96204e-08 0.0500068 -0.00202834)
(-0.00201775 0.0507473 -0.00201811)
(-0.00202872 0.0500068 1.11966e-06)
(0.00401419 0.0500165 -0.00200675)
(0.00201777 0.0507473 -0.00201793)
(0.00202863 0.0500068 1.14375e-06)
(0.0059765 0.0507698 -0.00197893)
(0.00595365 0.0500334 1.93564e-06)
(-0.00400769 0.0514752 -0.00198802)
(-0.00595887 0.05219 -0.00194841)
(-0.00601887 0.0514981 8.39525e-07)
(-2.48252e-08 0.051472 -0.00202234)
(-0.00199893 0.0521872 -0.002)
(-0.00202302 0.051472 1.63125e-06)
(0.00400768 0.0514752 -0.00198798)
(0.00199892 0.0521873 -0.00199999)
(0.00202299 0.051472 1.6627e-06)
(0.00595887 0.0521901 -0.0019484)
(0.00601887 0.0514981 8.42995e-07)
(-0.00395625 0.0528974 -0.00196237)
(-0.00593698 0.0528969 5.02026e-07)
(-3.35746e-09 0.0528987 -0.00199468)
(-0.00197315 0.0536073 -0.0019728)
(-0.00199469 0.0528987 6.82083e-07)
(0.00395625 0.0528974 -0.00196236)
(0.00197315 0.0536073 -0.0019728)
(0.00199468 0.0528987 6.83556e-07)
(0.00593698 0.0528969 5.0241e-07)
(-7.1203e-10 0.0543113 -0.00196429)
(-0.00195008 0.0550124 -0.00194926)
(-0.00196464 0.0543113 6.09365e-07)
(0.00195008 0.0550124 -0.00194926)
(0.00196464 0.0543113 6.09341e-07)
(-1.4458e-10 0.0557052 -0.00194106)
(-0.00193213 0.0563932 -0.00193199)
(-0.00194129 0.0557052 3.35193e-07)
(0.00193213 0.0563932 -0.00193199)
(0.00194129 0.0557052 3.35171e-07)
(-2.21907e-11 0.0570635 -0.00191651)
(-0.00191655 0.0570635 5.2553e-08)
(0.00191655 0.0570635 5.25505e-08)
(-1.73446e-07 0.042708 0.00196864)
(-0.00199233 0.0444187 0.00199163)
(0.00199127 0.0444188 0.00199222)
(-0.00400838 0.0461088 0.00199007)
(-0.00600453 0.0477584 0.00197773)
(-8.13669e-07 0.0460563 0.00200989)
(-0.00201766 0.0477097 0.00201946)
(-0.00199304 0.0461075 0.00400826)
(0.0040082 0.0461077 0.00199294)
(0.00201831 0.0477095 0.00201755)
(0.00198889 0.0461083 0.00400795)
(0.00600461 0.0477583 0.00197766)
(-0.00402351 0.0485067 0.00200875)
(-0.00596508 0.0492779 0.00200105)
(-5.60299e-07 0.0484857 0.00203211)
(-0.00202432 0.0492574 0.00202343)
(-0.00200514 0.0485063 0.00402441)
(0.00402375 0.0485067 0.00200801)
(0.00202412 0.0492574 0.00202323)
(0.0020048 0.0485064 0.0040241)
(0.00596509 0.0492779 0.00200097)
(-0.00401362 0.0500165 0.00201102)
(-0.00597654 0.0507697 0.0019817)
(-6.48431e-08 0.0500068 0.00202887)
(-0.00201883 0.0507473 0.00201831)
(-0.00200764 0.0500165 0.00401452)
(0.0040136 0.0500165 0.00201092)
(0.00201879 0.0507473 0.0020181)
(0.00200757 0.0500165 0.00401446)
(0.00597653 0.0507697 0.00198164)
(-0.00400779 0.0514751 0.00198959)
(-0.0059582 0.0521897 0.00195081)
(2.4694e-09 0.051472 0.00202326)
(-0.00200063 0.0521873 0.00199952)
(-0.00198862 0.0514752 0.00400799)
(0.00400778 0.0514752 0.00198951)
(0.00200062 0.0521873 0.0019995)
(0.00198859 0.0514753 0.00400797)
(0.00595819 0.0521897 0.00195081)
(-0.00395465 0.0528975 0.00196395)
(-2.94823e-09 0.0528988 0.00199466)
(-0.00197311 0.0536073 0.00197345)
(-0.00196273 0.0528974 0.00395652)
(0.00395465 0.0528975 0.00196395)
(0.0019731 0.0536073 0.00197345)
(0.00196272 0.0528974 0.00395652)
(-8.80832e-10 0.0543113 0.00196499)
(-0.00194956 0.0550124 0.00195038)
(0.00194956 0.0550124 0.00195038)
(-1.81595e-10 0.0557052 0.00194152)
(-0.00193208 0.0563932 0.00193222)
(0.00193208 0.0563932 0.00193222)
(-2.58803e-11 0.0570635 0.00191659)
(-3.86821e-07 0.0461404 0.00600596)
(-0.00197625 0.0477579 0.00600488)
(0.00197585 0.0477579 0.00600486)
(-1.28022e-07 0.0485045 0.00600058)
(-0.00199821 0.0492779 0.00596454)
(0.00199813 0.0492779 0.0059645)
(-2.55571e-08 0.0500334 0.00595371)
(-0.00197954 0.0507698 0.00597661)
(0.00197952 0.0507698 0.00597659)
(-4.96671e-09 0.0514982 0.00601904)
(-0.00194874 0.0521901 0.00595902)
(0.00194874 0.0521901 0.00595902)
(-1.5255e-09 0.0528969 0.00593725)
)


// ************************************************************************* //
