/*--------------------------------*- C++ -*----------------------------------*\
| =========                 |                                                 |
| \\      /  F ield         | OpenFOAM: The Open Source CFD Toolbox           |
|  \\    /   O peration     | Version:  5.x                                   |
|   \\  /    A nd           | Web:      www.OpenFOAM.org                      |
|    \\/     M anipulation  |                                                 |
\*---------------------------------------------------------------------------*/
FoamFile
{
    version     2.0;
    format      ascii;
    class       volScalarField;
    location    "35/tumor";
    object      T;
}
// * * * * * * * * * * * * * * * * * * * * * * * * * * * * * * * * * * * * * //

dimensions      [0 0 0 1 0 0 0];

internalField   nonuniform List<scalar> 
1659
(
38.95033
39.17429
38.97484
39.10572
39.42377
39.25717
39.29593
39.60543
39.39943
38.89098
39.33023
39.65247
39.42431
38.93238
39.24821
39.55807
39.33117
38.8158
39.02615
39.29811
39.11347
38.74129
39.00681
38.78767
39.04842
39.23526
39.52538
39.31731
38.95018
39.58609
39.93385
39.72789
39.03411
39.10518
39.89763
40.22463
40.02928
39.3588
39.29581
40.07219
40.39198
40.20039
39.49884
39.3302
40.12404
40.43276
40.23936
39.54795
39.24825
40.03498
40.34283
40.14468
39.4241
39.02625
39.80637
40.12286
39.92343
39.21782
38.74135
39.47194
39.77919
39.57837
38.87617
39.00185
39.30747
39.10383
38.72541
38.58963
39.04847
39.32545
39.14537
39.5254
39.84369
39.64174
39.00021
39.17813
39.93363
40.25498
40.06236
39.35712
39.42382
40.22454
40.54452
40.35599
39.666
39.60525
40.39197
40.70906
40.51984
39.82874
38.90981
39.65232
40.4328
40.74733
40.55561
39.86074
38.93293
39.55795
40.34288
40.65859
40.46425
39.76187
38.81262
39.298
40.12285
40.44344
40.24667
39.53818
39.00671
39.77899
40.10232
39.89933
39.17146
39.30735
39.63444
39.42903
38.74759
38.72536
39.04468
38.87042
39.14535
38.97574
39.31727
39.64168
39.43425
38.87839
38.97497
39.7278
40.06228
39.8758
39.18528
39.25716
40.02918
40.35589
40.16836
39.45274
39.39936
40.20028
40.51976
40.33055
39.63725
39.42422
40.23924
40.55554
40.36348
39.668
39.33107
40.14456
40.46418
40.26904
39.56209
39.11336
39.92329
40.24662
40.04676
39.29925
38.78757
39.57819
39.89924
39.69978
38.99862
39.10369
39.42893
39.2257
38.56761
38.58955
38.87037
38.59681
39.00017
38.8784
39.03406
39.35704
39.18528
39.35872
39.66585
39.45259
38.89092
38.89092
39.49875
39.82859
39.6372
38.95212
38.93232
39.54784
39.86056
39.66799
38.95839
38.81573
39.42398
39.76171
39.56202
38.86245
39.2177
39.53801
39.29902
38.69291
38.87605
39.17134
38.99864
38.74752
38.56769
38.90973
38.93283
38.81253
39.00533
39.02686
39.01312
39.15259
39.13354
38.96303
39.05517
39.07255
39.19755
39.17224
39.21423
39.18741
39.01113
39.02178
39.07118
39.06017
39.21392
39.18556
39.20222
39.17225
39.0166
39.00485
39.00023
38.92445
39.13302
39.09762
39.05413
39.0174
38.92808
38.85285
38.83504
38.92533
38.87644
38.96037
39.00472
38.96568
38.97856
38.94355
39.13074
39.07244
39.32607
39.02031
38.97056
39.18838
39.14344
39.38409
39.34878
38.97654
39.1716
38.95642
38.96165
39.1036
39.12302
39.03538
39.24358
39.27801
39.48939
39.42571
39.65775
39.12848
39.30327
39.28124
39.58404
39.52076
39.75037
39.7066
39.13894
38.93618
39.38079
39.08365
39.53323
39.2762
38.93019
38.96764
39.18608
38.9675
39.32099
39.33935
39.21907
39.42192
39.5414
39.78459
39.62159
39.88174
39.40666
39.51536
39.49325
39.88254
39.8483
39.9818
39.95113
39.01646
39.34069
39.07503
39.68536
39.41159
39.79095
39.5023
39.03989
39.09942
39.03002
39.0544
39.02992
39.40359
39.0543
39.43934
39.47625
39.32731
39.50254
39.72408
39.95143
39.77361
39.98932
39.58094
39.64716
39.62132
40.05258
40.02216
40.09084
40.06009
39.1783
39.42462
39.22262
39.85815
39.5476
39.896
39.61587
38.92906
39.1805
39.24349
38.8521
39.04781
39.03889
39.04772
39.43477
39.03881
39.41273
39.50414
39.31462
39.48318
39.78278
39.99455
39.75644
39.96704
39.62501
39.62416
39.59362
40.09546
40.06374
40.06633
40.03276
39.22673
39.40154
39.20188
39.89934
39.62735
39.86649
39.5868
38.91094
39.25963
38.87461
39.23335
38.85489
38.97448
38.9026
38.97443
39.35838
38.90256
39.26854
39.42104
39.15559
39.33281
39.69362
39.90591
39.59011
39.80999
39.52058
39.45111
39.39998
40.0026
39.96676
39.90403
39.86727
39.10768
39.23841
38.95752
39.79783
39.48682
39.69892
39.40281
39.13772
38.77651
38.99101
38.80532
38.8053
39.13825
38.956
39.2272
38.87904
39.09201
39.43484
39.6795
39.2972
39.51887
39.27033
39.15477
39.12746
39.77221
39.73785
39.61193
39.57554
38.85721
38.96503
38.73969
39.56105
39.27787
39.37334
39.12586
38.8805
38.769
38.81992
38.66633
38.92574
38.75324
39.13486
39.31266
38.90075
39.11876
38.9731
38.81676
38.79447
39.41485
39.38379
39.17057
39.14964
38.65665
39.20723
38.92044
39.00827
38.72841
38.64267
38.68346
38.8745
38.66351
38.94198
38.92337
38.71095
38.70165
38.77518
38.5883
38.58048
39.03456
39.01464
38.96055
39.00938
39.00181
39.22528
39.00945
39.20188
39.22541
39.40767
39.00874
39.28629
39.2339
39.24424
39.18993
39.50336
39.42926
39.06113
38.88444
39.02546
39.28862
39.03918
38.94371
39.07259
39.13098
38.98047
39.32616
39.01961
39.5164
39.26156
39.54916
39.26524
39.76801
39.46862
38.91484
38.92411
39.1171
39.27812
39.03427
39.42611
39.12445
39.48867
39.23556
39.65665
39.22897
38.8686
39.28814
38.91138
39.42813
39.04505
39.00499
39.54201
39.21884
39.62223
39.3371
39.78373
39.42101
39.88122
38.9547
39.43576
38.99756
39.57359
39.13017
39.67191
39.18409
39.05498
39.07244
39.72453
39.32724
39.77399
39.47581
39.95112
39.5023
39.98911
39.03632
39.51883
39.0883
39.73706
39.22991
39.77037
39.26601
39.07112
39.06015
39.78319
39.31463
39.75687
39.504
39.99442
39.4831
39.96696
39.10354
39.51719
39.07881
39.77348
39.26816
39.74057
39.24217
39.00023
38.92446
39.69408
39.15567
39.59064
39.42099
39.90586
39.33278
39.80997
38.99914
39.33747
38.87451
39.67081
39.16014
39.57149
39.06266
38.83504
39.43543
38.87913
39.29775
39.22716
39.6794
39.09197
39.51875
38.76731
39.08231
38.66008
39.44004
38.96011
39.26587
38.83555
39.13516
38.90086
38.92573
39.3126
38.75325
39.11884
38.67026
39.09343
38.64952
38.85996
38.68351
38.87456
38.66355
39.19876
38.69092
38.9387
39.19896
39.42946
38.93878
39.13168
38.81258
38.85092
38.576
39.33455
39.03112
39.04793
38.75767
38.64258
38.65907
38.6591
38.87516
38.63499
38.72334
38.93034
38.91795
38.68109
38.66346
38.78681
38.54662
38.58412
39.03457
39.01464
39.15669
39.06436
39.06435
39.00808
39.00499
38.96585
39.24424
39.28635
39.50334
39.00876
39.18991
39.23392
39.42922
39.26575
39.59729
39.54543
39.26573
39.21966
39.5454
39.50689
38.95955
39.37892
39.11917
39.10468
38.94064
39.33529
39.10131
39.18872
39.02341
39.38441
39.14362
38.97117
39.34892
39.18592
38.9768
39.16324
39.58353
39.30157
39.74984
39.12901
39.52079
39.28129
39.70649
38.96395
39.53032
39.09495
39.33024
38.91562
39.47244
39.05327
39.02692
39.15254
39.01319
39.13354
39.88216
39.5152
39.9815
39.40664
39.84816
39.49317
39.95098
39.18113
39.76437
39.24735
39.62443
39.16543
39.72934
39.22814
39.19747
39.21414
39.1722
39.18735
40.05235
39.64698
40.09065
39.58083
40.022
39.62119
40.05993
39.29747
39.86073
39.32454
39.79645
39.27616
39.82881
39.30368
38.94414
38.89646
38.93233
39.21384
39.20216
39.18549
39.17218
40.09528
39.62402
40.06617
39.62489
40.06358
39.59349
40.03261
39.32042
39.82789
39.28838
39.82817
39.29925
39.79485
39.26975
38.90577
38.91318
38.8884
39.13297
39.05408
39.09754
39.01732
40.00246
39.451
39.90391
39.52046
39.96661
39.39986
39.86713
39.2205
39.66543
39.13509
39.72827
39.19564
39.62982
39.11097
38.80726
38.92527
38.87636
39.77208
39.15466
39.61176
39.27021
39.73769
39.12734
39.57537
39.0263
39.37653
38.90705
39.50106
39.00103
39.34339
38.88578
39.41467
38.81668
39.17043
38.97299
39.38361
38.79436
39.14948
38.76775
38.98673
38.61065
39.14256
38.74884
38.95652
38.59055
38.94189
38.71089
38.92324
38.70156
39.1054
39.15628
38.87749
39.38031
39.07473
39.07243
38.82437
38.54105
38.72209
38.52029
38.93029
38.68105
38.72326
38.91786
38.66339
39.01629
38.77005
38.74757
39.01624
38.95379
38.74754
38.70951
38.63391
38.62263
38.80075
38.56299
38.56837
39.02544
39.06112
39.28857
38.88443
39.03915
39.10469
39.37888
39.3353
38.95953
38.94064
39.11914
39.10131
39.2129
38.95877
38.95877
38.97661
39.17163
38.95643
39.54909
39.51633
39.7679
39.01959
39.26519
39.2615
39.46854
39.18452
39.67616
39.39452
39.18454
38.91284
39.39454
39.14556
39.03081
38.82262
39.38078
39.13898
39.53319
39.08363
38.93619
39.27616
39.34004
38.90344
38.93115
39.08163
38.96303
39.68528
39.34065
39.79085
39.01644
39.41153
39.07499
39.50223
39.03959
39.56879
39.10812
39.21622
38.84248
39.29133
38.8897
39.0111
39.02173
39.85803
39.42453
39.89587
39.17823
39.54751
39.22255
39.61576
39.1568
39.66938
39.18581
39.33307
38.91164
39.35148
38.92137
39.01654
39.00478
39.89921
39.40145
39.86636
39.22665
39.62724
39.2018
39.58669
39.1839
39.63322
39.15711
39.34624
38.89607
39.32105
38.87968
38.92801
38.85278
39.7977
39.2383
39.69878
39.1076
39.4867
38.95743
39.4027
39.06917
39.45378
38.97384
39.25023
38.81221
39.16211
38.73257
39.56091
38.96492
39.37319
38.85712
39.27776
38.7396
39.12574
38.85244
39.15703
38.70525
39.05338
38.64619
38.88628
39.20708
38.65656
39.00814
38.92033
38.72831
38.59256
38.77483
38.69882
38.53785
38.77507
38.58039
38.58821
39.3344
38.85081
39.04782
38.81247
39.031
38.57591
38.75758
39.38029
39.15621
39.07241
39.10532
39.07476
38.87742
38.82438
38.93871
38.92186
38.64829
38.93899
38.62842
38.6484
38.4769
38.78673
38.58406
38.54654
38.80074
38.62259
38.56836
38.63386
38.563
38.92407
38.9148
39.11704
38.97679
39.18585
39.16321
39.03082
38.82264
38.93014
39.28806
39.2289
39.42804
38.91132
38.86855
39.04498
39.33017
39.53021
39.47233
38.96389
38.91558
39.09488
39.05321
38.9312
39.34
39.08174
38.90346
38.81432
39.03984
39.09936
39.57347
39.43568
39.67179
38.95464
39.13009
38.99749
39.18399
39.62425
39.76422
39.72919
39.18103
39.16534
39.24723
39.22804
39.21658
39.5686
39.29223
39.0396
38.84259
39.10814
38.88994
38.93272
39.18045
38.92901
39.24343
38.85203
39.73693
39.51873
39.77023
39.03624
39.2298
39.0882
39.26589
39.79631
39.86056
39.82865
39.29734
39.27605
39.32441
39.30356
39.33459
39.66936
39.35321
39.15686
38.91202
39.18588
38.9218
38.96315
39.25954
38.91087
39.23326
38.87454
38.85482
39.77333
39.51707
39.74042
39.10344
39.26804
39.07871
39.24205
39.82799
39.82772
39.79466
39.32028
39.29912
39.28823
39.26962
39.34803
39.63319
39.3228
39.18398
38.89652
39.15718
38.88013
38.94069
39.13762
38.99092
38.77643
39.67066
39.33735
39.57134
38.99904
39.16001
38.87441
39.06255
39.72809
39.66527
39.62963
39.22036
39.19551
39.13496
39.11085
39.25183
39.45352
39.16316
39.0692
38.8126
38.97383
38.73283
38.76751
38.8804
38.7689
39.43989
39.08219
39.26574
38.76722
38.96
38.65999
38.83544
39.50087
39.37638
39.34327
39.02618
39.00094
38.90695
38.88572
39.05387
39.15697
38.88636
38.85243
38.64633
38.70527
38.59743
38.64258
39.0933
38.67016
38.85985
38.64943
39.1425
38.98663
38.95649
38.76766
38.74879
38.61058
38.59052
38.69871
38.77495
38.53782
38.59258
38.64249
38.72208
38.54099
38.52029
38.89641
38.94405
38.93228
38.91314
38.90567
38.88835
38.80721
39.43536
39.42342
39.65638
39.43558
39.659
39.65678
39.87754
39.45959
39.74327
39.69641
39.75013
39.69996
39.96888
39.92769
39.8398
39.76695
39.99983
39.84001
40.06474
39.9999
40.22367
39.89139
40.09481
40.05643
40.15876
40.12174
40.31857
40.28425
39.43684
39.89176
39.58293
39.96192
39.6752
40.12462
39.83851
40.12823
39.99545
40.22612
40.12856
40.35176
40.22656
40.44941
40.19038
40.32357
40.29125
40.44752
40.41515
40.54559
40.514
39.74261
40.13231
39.84786
40.257
39.9745
40.3564
40.0746
40.29554
40.11587
40.3336
40.29594
40.51696
40.33394
40.55327
40.35993
40.42855
40.39621
40.6126
40.58103
40.64815
40.61621
39.9148
40.23629
39.95135
40.42301
40.14078
40.4576
40.17491
40.33897
40.09715
40.31133
40.33926
40.55763
40.31161
40.52976
40.39971
40.40418
40.37019
40.65183
40.61939
40.62354
40.59044
39.95627
40.20858
39.92357
40.46003
40.17703
40.43013
40.14564
40.25037
39.93718
40.15607
40.25068
40.46953
40.15645
40.37694
40.30789
40.24876
40.21362
40.5632
40.52954
40.471
40.4371
39.85488
40.05049
39.76293
40.36815
40.08125
40.27507
39.98692
40.02968
39.65582
39.8741
40.03008
40.25261
39.87434
40.09744
40.08831
39.96694
39.93237
40.34723
40.31337
40.19239
40.15827
39.63844
39.76404
39.47623
40.15003
39.86018
39.99185
39.69653
39.68604
39.23704
39.46502
39.68637
39.90958
39.46548
39.68779
39.74621
39.55787
39.52772
40.00555
39.97149
39.78575
39.75292
39.26163
39.36343
39.07105
39.80158
39.49535
39.58073
39.24477
39.28125
39.01831
39.00392
39.53363
39.50478
39.24589
39.2234
39.75006
39.74314
39.96872
39.45957
39.69988
39.69633
39.92758
39.80188
40.06399
40.02762
39.80183
39.76648
40.02755
39.99485
39.35005
39.86778
39.58048
39.60249
39.32128
39.83515
39.5556
40.15868
40.09461
40.31859
39.89128
40.12167
40.05632
40.28422
40.22139
40.41523
40.38328
40.22142
40.1904
40.38338
40.35292
39.7763
40.22521
39.94073
40.03249
39.74967
40.19534
39.90923
40.44751
40.32351
40.54561
40.19028
40.41511
40.29116
40.51398
40.51346
40.64241
40.61169
40.51354
40.48328
40.61175
40.58142
40.07317
40.4541
40.17131
40.32573
40.04046
40.42357
40.13896
40.61265
40.42857
40.64821
40.35984
40.58098
40.39612
40.61615
40.67802
40.74399
40.71263
40.67802
40.64741
40.7126
40.68148
40.23622
40.55359
40.26907
40.48897
40.20408
40.52222
40.23654
40.6519
40.40423
40.62361
40.39962
40.61932
40.37011
40.59036
40.71542
40.71874
40.68643
40.71538
40.68377
40.68637
40.65428
40.27007
40.52569
40.23901
40.52365
40.23698
40.49336
40.20554
40.56326
40.24878
40.47106
40.3078
40.52947
40.21352
40.43701
40.62572
40.56664
40.53355
40.62566
40.59316
40.53349
40.50057
40.1761
40.37137
40.08222
40.43138
40.14224
40.33783
40.04741
40.34729
39.96683
40.19241
40.08818
40.31327
39.93219
40.15814
40.40989
40.28867
40.25463
40.4098
40.37637
40.25455
40.22027
39.95636
40.08939
39.79621
40.21255
39.92105
40.05516
39.76253
40.00544
39.55763
39.78556
39.74602
39.97134
39.5275
39.75273
40.06756
39.88399
39.84884
40.06748
40.03154
39.84873
39.80963
39.60114
39.67822
39.37449
39.86462
39.57012
39.64015
39.34433
39.53351
39.01824
39.24581
39.28108
39.50463
39.0038
39.22329
39.59981
39.35485
39.32263
39.59972
39.55483
39.32257
39.26836
39.60254
39.86768
39.83525
39.35001
39.32129
39.58041
39.55561
39.96182
39.89166
40.12452
39.43678
39.67511
39.58284
39.83839
40.03243
40.22512
40.19525
39.7762
39.74963
39.94062
39.90916
39.59413
40.0387
39.75395
39.59421
39.31572
39.75415
39.45118
40.25688
40.13219
40.35626
39.7425
39.97437
39.84776
40.07448
40.32567
40.45399
40.42356
40.07302
40.04037
40.17116
40.13889
39.88256
40.26581
39.98053
39.88287
39.59945
39.98099
39.69636
40.42289
40.23618
40.45748
39.91469
40.14065
39.95124
40.17477
40.48903
40.55352
40.52234
40.23608
40.20405
40.26894
40.23657
40.04469
40.36292
40.07593
40.04534
39.75485
40.07673
39.78148
40.45991
40.20846
40.43001
39.95616
40.17689
39.92345
40.14549
40.52379
40.52562
40.49351
40.26995
40.23705
40.23888
40.20558
40.07525
40.33219
40.04274
40.07611
39.77862
40.04353
39.74642
40.36803
40.05036
40.27495
39.85475
40.0811
39.76279
39.98676
40.43152
40.37131
40.33796
40.17596
40.14222
40.08208
40.04738
39.97775
40.1738
39.88008
39.97836
39.68264
39.88038
39.58669
40.1499
39.76387
39.99171
39.6383
39.86003
39.47609
39.69638
40.21281
40.08934
40.05541
39.95624
39.92105
39.79608
39.76249
39.74984
39.88913
39.59149
39.74995
39.45413
39.59173
39.26915
39.80143
39.36326
39.58056
39.2615
39.49521
39.07092
39.24464
39.86472
39.67808
39.64014
39.60101
39.57016
39.37437
39.34434
39.40256
39.47636
39.16132
39.40334
39.11081
39.16193
38.90611
)
;

boundaryField
{
    tumor_to_gland
    {
        type            compressible::turbulentTemperatureCoupledBaffleMixed;
        refValue        nonuniform List<scalar> 
2347
(
38.67664
38.67664
38.67664
38.67664
38.83768
38.83768
38.83768
38.87794
38.87794
38.87794
38.87794
38.75302
38.75302
38.75302
38.70564
38.70564
38.62081
38.62081
38.69573
38.69573
38.60278
38.60278
38.55994
38.73744
38.73744
38.73744
38.73744
38.46011
38.54313
38.59834
38.59834
38.47655
38.78552
38.78552
38.82458
38.82458
38.82458
38.82458
38.82458
38.82458
38.73714
38.73714
38.73714
38.8396
38.8396
38.8396
38.8026
38.8026
38.73629
38.73629
38.73629
38.61119
38.61119
38.8271
38.8271
38.8271
38.8271
38.68131
38.68131
38.68131
38.68131
38.6438
38.6438
38.6438
38.6438
38.66087
38.66087
38.56122
38.56122
38.56122
38.44568
38.44568
38.44568
38.70625
38.74442
38.74442
38.82819
38.82819
38.83945
38.83945
38.83945
38.7562
38.7562
38.7562
38.70555
38.70555
38.52647
38.52647
38.69571
38.69571
38.50477
38.50477
38.55994
38.44571
38.44571
38.44571
38.35251
38.46793
38.46793
38.46793
38.70632
38.90671
38.90671
38.90671
38.7861
38.7861
38.66004
38.83735
38.83735
38.83735
38.63942
38.63942
38.75965
38.75965
38.75965
38.75965
38.72396
38.72396
38.72396
38.72396
38.56196
38.54312
38.31822
38.50855
38.50855
38.50855
38.44048
38.44048
38.2432
38.30667
38.30667
38.74449
38.74449
38.69106
38.69106
38.69106
38.69106
38.82521
38.82521
38.82521
38.82521
38.82521
38.82521
38.73196
38.73196
38.73196
38.73196
38.67739
38.67739
38.67739
38.67739
38.87807
38.87807
38.87807
38.87807
38.68564
38.68564
38.68564
38.68564
38.62943
38.62943
38.62943
38.62943
38.59828
38.59828
38.36074
38.36074
38.30664
38.30664
38.38281
38.38281
38.38281
38.38281
38.23448
38.23448
38.9067
38.9067
38.9067
38.86807
38.86807
38.86807
38.73728
38.73728
38.73728
38.75307
38.75307
38.75307
38.56124
38.56124
38.65107
38.65107
38.65107
38.65107
38.6679
38.6679
38.6679
38.6679
38.73737
38.73737
38.73737
38.73737
38.47424
38.47424
38.47648
38.42318
38.42318
38.42318
38.42318
38.46785
38.46785
38.46785
38.4184
38.4184
38.4184
38.23446
38.23446
38.69106
38.69106
38.69106
38.69106
38.82818
38.82818
38.74685
38.80261
38.80261
38.64929
38.64929
38.64929
38.62078
38.62078
38.60273
38.60273
38.37863
38.37863
38.46006
38.51729
38.51729
38.51729
38.51729
38.44042
38.44042
38.41846
38.41846
38.41846
38.66001
38.73193
38.73193
38.73193
38.73193
38.75617
38.75617
38.75617
38.64932
38.64932
38.64932
38.61116
38.61116
38.68127
38.68127
38.68127
38.68127
38.58199
38.58199
38.64374
38.64374
38.64374
38.64374
38.56524
38.56524
38.56115
38.56115
38.56115
38.39365
38.51736
38.51736
38.51736
38.51736
38.50848
38.50848
38.50848
38.42322
38.42322
38.42322
38.42322
38.63936
38.63936
38.6856
38.6856
38.6856
38.6856
38.56126
38.56126
38.52642
38.52642
38.75957
38.75957
38.75957
38.75957
38.65111
38.65111
38.65111
38.65111
38.50471
38.50471
38.72388
38.72388
38.72388
38.72388
38.66793
38.66793
38.66793
38.66793
38.37877
38.37877
38.56188
38.62936
38.62936
38.62936
38.62936
38.47427
38.47427
38.31816
38.36069
38.36069
38.58943
38.58943
38.64877
38.64877
38.64877
38.64877
38.66096
38.66096
38.66096
38.66096
38.62174
38.62174
38.62174
38.63312
38.63312
38.68944
38.68944
38.68944
38.68944
38.65659
38.65659
38.70725
38.70725
38.70725
38.70725
38.70217
38.70217
38.70217
38.70217
38.66653
38.66653
38.66653
38.71755
38.71755
38.71755
38.71755
38.67873
38.67873
38.57654
38.57654
38.58891
38.58891
38.63718
38.63718
38.68674
38.68674
38.68674
38.68674
38.56873
38.62389
38.62389
38.69635
38.69635
38.69635
38.69635
38.6573
38.6573
38.63561
38.63561
38.59966
38.56745
38.56745
38.50942
38.48317
38.54037
38.54037
38.55266
38.55266
38.51588
38.71815
38.78409
38.78409
38.78409
38.78452
38.78452
38.78452
38.78452
38.76663
38.76663
38.63005
38.63005
38.63005
38.63005
38.76859
38.76859
38.76859
38.76859
38.78436
38.78436
38.66978
38.66978
38.73446
38.73446
38.78262
38.78262
38.88774
38.88774
38.88774
38.88774
38.64528
38.64528
38.78104
38.78104
38.78104
38.78104
38.75753
38.75753
38.67102
38.67102
38.8409
38.8409
38.8409
38.6964
38.6964
38.83139
38.83139
38.83139
38.83139
38.67484
38.67484
38.68583
38.68583
38.75888
38.75888
38.75888
38.72401
38.72401
38.72401
38.72401
38.66967
38.66967
38.81523
38.81523
38.81523
38.81523
38.8788
38.8788
38.8788
38.87544
38.87544
38.87544
38.85977
38.85977
38.85977
38.64191
38.64191
38.64191
38.64191
38.85076
38.85076
38.85076
38.70845
38.70845
38.70845
38.57898
38.57898
38.81025
38.81025
38.60037
38.60037
38.60037
38.60037
38.67013
38.67013
38.67013
38.67013
38.79468
38.79468
38.61002
38.61002
38.80579
38.80579
38.83932
38.83932
38.83932
38.83932
38.71828
38.71828
38.87032
38.87032
38.87032
38.87032
38.77411
38.77411
38.77525
38.77525
38.62609
38.62609
38.68734
38.68734
38.68734
38.68734
38.68625
38.68625
38.68625
38.68625
38.59046
38.59046
38.78649
38.78649
38.72816
38.84396
38.84396
38.84396
38.84396
38.63959
38.77369
38.77369
38.75518
38.75518
38.70195
38.54977
38.66474
38.66474
38.66474
38.66474
38.61733
38.61733
38.64616
38.64616
38.64616
38.53232
38.70286
38.70286
38.56925
38.56925
38.713
38.713
38.713
38.67539
38.67539
38.72453
38.72453
38.72605
38.72605
38.70817
38.70817
38.59318
38.59318
38.60401
38.60401
38.60401
38.48411
38.48411
38.48411
38.55769
38.55769
38.55769
38.62856
38.62856
38.62856
38.42958
38.42958
38.42958
38.44078
38.44078
38.5913
38.5913
38.5913
38.54033
38.54033
38.54033
38.54033
38.59787
38.4512
38.6522
38.6522
38.56929
38.45587
38.45587
38.41985
38.61854
38.61854
38.61854
38.61854
38.58629
38.58629
38.58629
38.58629
38.44619
38.44619
38.46128
38.46121
38.53019
38.53019
38.53162
38.53162
38.5026
38.5026
38.5026
38.77044
38.80831
38.80639
38.80639
38.78779
38.70835
38.70835
38.83996
38.83996
38.83996
38.83996
38.83996
38.74305
38.74305
38.83952
38.83952
38.83952
38.83952
38.82579
38.82579
38.82579
38.80594
38.80594
38.80594
38.80643
38.80643
38.80643
38.80643
38.80643
38.80784
38.80784
38.80784
38.81844
38.81844
38.69666
38.69666
38.85572
38.85572
38.85572
38.85572
38.6966
38.6966
38.85557
38.85557
38.85557
38.85557
38.73921
38.73921
38.73921
38.73921
38.78887
38.78887
38.78887
38.70292
38.70292
38.70292
38.68567
38.68567
38.75877
38.75877
38.75877
38.774
38.774
38.774
38.774
38.68218
38.68218
38.68218
38.80558
38.80558
38.80558
38.80558
38.6018
38.6018
38.6018
38.6018
38.60998
38.60998
38.7946
38.7946
38.80572
38.80572
38.66782
38.66782
38.66782
38.66782
38.63988
38.63988
38.63988
38.63618
38.63618
38.59043
38.59043
38.78643
38.78643
38.72812
38.7568
38.7568
38.7568
38.7568
38.59904
38.59904
38.61205
38.61205
38.56452
38.56452
38.56452
38.64614
38.64614
38.64614
38.53231
38.57203
38.57203
38.43695
38.47206
38.47206
38.47206
38.62704
38.62704
38.62704
38.65265
38.65265
38.65265
38.65265
38.46615
38.46615
38.65264
38.65264
38.65264
38.65264
38.46616
38.46616
38.60869
38.60869
38.60869
38.60869
38.60869
38.51105
38.51105
38.51105
38.51105
38.53633
38.53633
38.53633
38.53633
38.50251
38.50251
38.47822
38.47822
38.47822
38.58038
38.58038
38.58038
38.58038
38.58038
38.44468
38.54504
38.54504
38.54504
38.48091
38.48091
38.51958
38.51958
38.5209
38.5209
38.5209
38.5209
38.49131
38.49131
38.47864
38.47864
38.47864
38.47864
38.4017
38.4017
38.44337
38.44337
38.44337
38.49454
38.49454
38.43702
38.4713
38.46841
38.46841
38.46841
38.43943
38.43943
38.43943
38.69801
38.85062
38.85062
38.85062
38.74377
38.74377
38.85068
38.85068
38.85068
38.74602
38.86322
38.86322
38.86322
38.88263
38.88263
38.71774
38.87592
38.87592
38.87592
38.87592
38.86335
38.86335
38.87855
38.87855
38.87855
38.87855
38.76688
38.76688
38.76688
38.76688
38.76998
38.76998
38.76998
38.65418
38.65418
38.65418
38.65418
38.74489
38.74489
38.74489
38.74316
38.74316
38.70845
38.70845
38.83969
38.83969
38.83969
38.83969
38.84052
38.84052
38.84052
38.84052
38.84052
38.78344
38.78344
38.76939
38.76939
38.76939
38.7164
38.7164
38.7164
38.78392
38.78392
38.7686
38.7686
38.7686
38.7686
38.62981
38.62981
38.62981
38.62981
38.59909
38.60953
38.60953
38.60953
38.75335
38.75335
38.75335
38.75335
38.87845
38.87845
38.87845
38.66953
38.66953
38.72372
38.72372
38.72372
38.72372
38.81503
38.81503
38.81503
38.81503
38.72185
38.72185
38.79813
38.79813
38.54409
38.54409
38.54409
38.54409
38.61051
38.61051
38.61051
38.61051
38.71823
38.71823
38.8392
38.8392
38.8392
38.8392
38.87025
38.87025
38.87025
38.87025
38.53149
38.53149
38.64954
38.64954
38.64954
38.64954
38.64599
38.64599
38.64599
38.64599
38.63959
38.84394
38.84394
38.84394
38.84394
38.77369
38.77369
38.44791
38.44791
38.61899
38.61899
38.61899
38.61899
38.56878
38.56878
38.56878
38.71302
38.71302
38.71302
38.70286
38.70286
38.56926
38.56926
38.65625
38.65625
38.65625
38.53411
38.47718
38.47718
38.35892
38.35892
38.59133
38.59133
38.59133
38.44079
38.44079
38.54035
38.54035
38.54035
38.54035
38.60872
38.60872
38.60872
38.60872
38.60872
38.37186
38.37186
38.49453
38.49453
38.49453
38.52177
38.52177
38.52177
38.52177
38.52177
38.33714
38.33714
38.4447
38.58041
38.58041
38.58041
38.58041
38.58041
38.54507
38.54507
38.54507
38.48963
38.48963
38.48963
38.48963
38.44821
38.44821
38.44821
38.43144
38.43144
38.43144
38.43144
38.43144
38.41382
38.41382
38.41382
38.41382
38.51217
38.51217
38.51217
38.51218
38.51218
38.51218
38.35204
38.35204
38.31719
38.36028
38.46893
38.46893
38.4971
38.4971
38.35684
38.35684
38.3185
38.3185
38.4905
38.4905
38.4905
38.4905
38.46903
38.46903
38.46903
38.46903
38.36863
38.36863
38.36863
38.3442
38.3442
38.21271
38.21271
38.35647
38.35647
38.35647
38.68312
38.68312
38.68312
38.74007
38.74008
38.80157
38.80157
38.80157
38.74534
38.74534
38.70986
38.80774
38.80774
38.80774
38.80774
38.77562
38.77562
38.69612
38.69612
38.69612
38.77065
38.80857
38.86326
38.86326
38.86326
38.7461
38.88267
38.88267
38.76554
38.76554
38.84694
38.84694
38.84694
38.84694
38.87041
38.87041
38.6691
38.6691
38.68493
38.68493
38.68493
38.75094
38.75094
38.75094
38.75094
38.71916
38.78568
38.78568
38.78568
38.82663
38.82663
38.82663
38.83297
38.83297
38.83297
38.83297
38.73121
38.73121
38.73121
38.6258
38.6258
38.6258
38.88888
38.88888
38.88888
38.88888
38.73424
38.73424
38.67106
38.67106
38.67106
38.78298
38.78298
38.78298
38.72555
38.72555
38.76616
38.76616
38.76616
38.55176
38.55176
38.6014
38.6014
38.58935
38.58935
38.64875
38.64875
38.64875
38.64875
38.8755
38.8755
38.8755
38.69429
38.69429
38.68857
38.68857
38.68857
38.76356
38.76356
38.76356
38.76356
38.63305
38.63305
38.65654
38.65654
38.6894
38.6894
38.6894
38.6894
38.70721
38.70721
38.70721
38.70721
38.74952
38.74952
38.74952
38.74952
38.45009
38.45009
38.46333
38.46333
38.63715
38.63715
38.56871
38.68671
38.68671
38.68671
38.68671
38.62386
38.62386
38.68154
38.68154
38.68154
38.68154
38.4369
38.4369
38.37172
38.37172
38.48316
38.54034
38.54034
38.67539
38.67539
38.72449
38.72449
38.452
38.63609
38.63609
38.63609
38.63609
38.50351
38.65219
38.65219
38.59782
38.45116
38.43434
38.43434
38.43434
38.46609
38.46609
38.46609
38.36437
38.4612
38.53014
38.53014
38.48092
38.48092
38.51953
38.51953
38.30095
38.30095
38.28839
38.34578
38.34578
38.34578
38.43703
38.47125
38.31719
38.46893
38.46893
38.36025
38.49707
38.49707
38.48819
38.48819
38.31425
38.31425
38.40607
38.40607
38.40607
38.40607
38.2549
38.2549
38.2549
38.32194
38.32194
38.32194
38.32194
38.23204
38.23204
38.30131
38.30131
38.3013
38.3013
38.35814
38.35814
38.35814
38.35814
38.26247
38.3716
38.3716
38.3716
38.3716
38.3328
38.3328
38.22574
38.22574
38.74535
38.74535
38.80774
38.80774
38.80774
38.80774
38.70986
38.77562
38.77562
38.81502
38.81502
38.81502
38.81502
38.7806
38.7806
38.78059
38.78059
38.74951
38.70621
38.70621
38.70621
38.70621
38.67379
38.67379
38.80661
38.80661
38.78795
38.87595
38.87595
38.87595
38.87595
38.71779
38.86337
38.86337
38.84063
38.84063
38.84063
38.84063
38.82355
38.82355
38.75348
38.75348
38.75348
38.75348
38.66169
38.66169
38.72702
38.72702
38.78569
38.78569
38.78569
38.78569
38.76717
38.76717
38.80627
38.80627
38.80627
38.63097
38.63097
38.63097
38.63097
38.70463
38.70463
38.70463
38.60518
38.60518
38.78149
38.78149
38.78149
38.78149
38.64563
38.64563
38.75774
38.75774
38.76011
38.76011
38.76011
38.76011
38.74417
38.74417
38.60073
38.60073
38.60073
38.60073
38.56001
38.56001
38.66098
38.66098
38.66098
38.66098
38.62177
38.62177
38.62177
38.85986
38.85986
38.85986
38.75658
38.75658
38.75658
38.75658
38.64689
38.64689
38.6941
38.6941
38.70215
38.70215
38.70215
38.70215
38.71752
38.71752
38.71752
38.71752
38.66652
38.66652
38.66652
38.6787
38.6787
38.45496
38.45496
38.45496
38.45496
38.46635
38.46635
38.46635
38.46635
38.78813
38.78813
38.42603
38.42603
38.69632
38.69632
38.69632
38.69632
38.63558
38.63558
38.65726
38.65726
38.59962
38.43892
38.43892
38.43892
38.43892
38.37581
38.37581
38.37581
38.39939
38.39939
38.69909
38.69909
38.55262
38.55262
38.51583
38.726
38.726
38.70811
38.70811
38.4987
38.4987
38.56135
38.56135
38.45498
38.45582
38.45582
38.56922
38.41979
38.45888
38.45888
38.45888
38.45888
38.43522
38.43522
38.43522
38.43522
38.31719
38.53156
38.53156
38.50252
38.50252
38.50252
38.52084
38.52084
38.52084
38.52084
38.49124
38.49124
38.28748
38.28748
38.33813
38.33813
38.33813
38.33813
38.25581
38.3096
38.3096
38.3096
38.46835
38.46835
38.46835
38.43936
38.43936
38.43936
38.35679
38.35679
38.49046
38.49046
38.49046
38.49046
38.31844
38.31844
38.46896
38.46896
38.46896
38.46896
38.39768
38.39768
38.39768
38.39768
38.3766
38.3766
38.31578
38.31578
38.31578
38.31578
38.23631
38.23631
38.28755
38.28755
38.20044
38.37158
38.37158
38.37158
38.37158
38.26244
38.33277
38.33277
38.34146
38.34146
38.34144
38.34144
38.30495
38.19468
38.69611
38.69611
38.69611
38.7062
38.7062
38.7062
38.7062
38.67379
38.67379
38.76999
38.76999
38.76999
38.87858
38.87858
38.87858
38.87858
38.65419
38.65419
38.65419
38.65419
38.76689
38.76689
38.76689
38.76689
38.76553
38.76553
38.84693
38.84693
38.84693
38.84693
38.84063
38.84063
38.84063
38.84063
38.82354
38.82354
38.71737
38.71737
38.71737
38.71737
38.81871
38.81871
38.81871
38.81871
38.82113
38.82113
38.82113
38.66469
38.66469
38.80789
38.80789
38.80789
38.80649
38.80649
38.80649
38.80649
38.80649
38.77946
38.77946
38.67498
38.67498
38.67498
38.78748
38.78748
38.78748
38.78748
38.65309
38.65309
38.65309
38.65309
38.84107
38.84107
38.84107
38.67114
38.67114
38.69649
38.69649
38.83143
38.83143
38.83143
38.83143
38.64494
38.64494
38.64494
38.779
38.779
38.779
38.52574
38.52574
38.52574
38.52574
38.62969
38.62969
38.62969
38.85076
38.85076
38.85076
38.64194
38.64194
38.64194
38.64194
38.70845
38.70845
38.70845
38.73852
38.73852
38.73852
38.73852
38.62039
38.62039
38.62039
38.50296
38.50296
38.50296
38.50296
38.57653
38.57653
38.58889
38.58889
38.77409
38.77409
38.77521
38.77521
38.69489
38.69489
38.69489
38.69489
38.54407
38.54407
38.54407
38.54407
38.55665
38.55665
38.55665
38.55665
38.56741
38.56741
38.50938
38.75513
38.75513
38.7019
38.56427
38.56427
38.52608
38.52608
38.52608
38.52608
38.45339
38.45339
38.60395
38.60395
38.60395
38.59312
38.59312
38.48405
38.48405
38.48405
38.53227
38.53227
38.53227
38.53227
38.36379
38.35459
38.35459
38.35459
38.58621
38.58621
38.58621
38.58621
38.61846
38.61846
38.61846
38.61846
38.44612
38.44612
38.52145
38.52145
38.52145
38.52145
38.33817
38.33817
38.38006
38.22137
38.22137
38.40162
38.40162
38.47856
38.47856
38.47856
38.47856
38.44329
38.44329
38.44329
38.40884
38.40884
38.40884
38.3009
38.3009
38.3009
38.3009
38.3009
38.30324
38.30324
38.30324
38.34414
38.34414
38.36856
38.36856
38.36856
38.21266
38.21266
38.48813
38.48813
38.3142
38.3142
38.40602
38.40602
38.40602
38.40602
38.39766
38.39766
38.39766
38.39766
38.3766
38.3766
38.4283
38.4283
38.4283
38.26269
38.26269
38.26269
38.40097
38.40097
38.40097
38.40097
38.26269
38.26269
38.26269
38.23539
38.23539
38.22571
38.22571
38.19467
38.74488
38.74488
38.74488
38.68492
38.68492
38.68492
38.87038
38.87038
38.66908
38.66908
38.75092
38.75092
38.75092
38.75092
38.66168
38.66168
38.75346
38.75346
38.75346
38.75346
38.72701
38.72701
38.82114
38.82114
38.82114
38.6647
38.6647
38.81846
38.81846
38.76937
38.76937
38.76937
38.78341
38.78341
38.77946
38.77946
38.67499
38.67499
38.67499
38.69739
38.69739
38.6974
38.6974
38.67485
38.67485
38.78885
38.78885
38.78885
38.7392
38.7392
38.7392
38.7392
38.66683
38.66683
38.66683
38.7374
38.7374
38.7374
38.7374
38.55486
38.55486
38.81025
38.81025
38.57897
38.57897
38.60035
38.60035
38.60035
38.60035
38.6701
38.6701
38.6701
38.6701
38.57381
38.57381
38.6623
38.6623
38.67453
38.67453
38.67453
38.67453
38.47378
38.47378
38.47378
38.47378
38.62606
38.62606
38.6873
38.6873
38.6873
38.6873
38.68621
38.68621
38.68621
38.68621
38.70936
38.70936
38.51195
38.51195
38.51195
38.51195
38.53898
38.53898
38.53898
38.53898
38.40713
38.40713
38.54972
38.66468
38.66468
38.66468
38.66468
38.61728
38.61728
38.60894
38.60894
38.51151
38.51151
38.51151
38.51151
38.41884
38.41884
38.62849
38.62849
38.62849
38.55763
38.55763
38.55763
38.42952
38.42952
38.42952
38.50444
38.50444
38.3719
38.32038
38.32038
38.46385
38.46385
38.46385
38.46385
38.46121
38.53625
38.53625
38.53625
38.53625
38.51097
38.51097
38.51097
38.51097
38.50243
38.50243
38.37846
38.37846
38.37846
38.37846
38.37846
38.36051
38.36051
38.30953
38.30953
38.49446
38.49446
38.44813
38.44813
38.44813
38.48954
38.48954
38.48954
38.48954
38.43136
38.43136
38.43136
38.43136
38.43136
38.40889
38.40889
38.40889
38.30094
38.30094
38.30094
38.30094
38.30094
38.37071
38.37071
38.36619
38.36619
38.3707
38.3707
38.3564
38.3564
38.3564
38.232
38.232
38.25485
38.25485
38.25485
38.32189
38.32189
38.32189
38.32189
38.23629
38.23629
38.20044
38.31575
38.31575
38.31575
38.31575
38.28755
38.28755
38.23541
38.23541
38.71637
38.71637
38.71637
38.73118
38.73118
38.73118
38.83293
38.83293
38.83293
38.83293
38.62576
38.62576
38.62576
38.70461
38.70461
38.70461
38.63094
38.63094
38.63094
38.63094
38.60516
38.60516
38.78748
38.78748
38.78748
38.78748
38.6531
38.6531
38.6531
38.6531
38.70289
38.70289
38.70289
38.60949
38.60949
38.60949
38.59905
38.75331
38.75331
38.75331
38.75331
38.7255
38.7255
38.76611
38.76611
38.76611
38.76007
38.76007
38.76007
38.76007
38.74414
38.74414
38.64494
38.64494
38.64494
38.52576
38.52576
38.52576
38.52576
38.77901
38.77901
38.77901
38.62973
38.62973
38.62973
38.73746
38.73746
38.73746
38.73746
38.55488
38.55488
38.80554
38.80554
38.80554
38.80554
38.68214
38.68214
38.68214
38.60176
38.60176
38.60176
38.60176
38.7218
38.7218
38.79807
38.79807
38.73862
38.73862
38.73862
38.73862
38.67454
38.67454
38.67454
38.67454
38.57391
38.57391
38.66248
38.66248
38.47387
38.47387
38.47387
38.47387
38.66777
38.66777
38.66777
38.66777
38.63983
38.63983
38.63983
38.63612
38.63612
38.70962
38.70962
38.51207
38.51207
38.51207
38.51207
38.53912
38.53912
38.53912
38.53912
38.59321
38.59321
38.59897
38.59897
38.61199
38.61199
38.56446
38.56446
38.56446
38.51164
38.51164
38.51164
38.51164
38.60918
38.60918
38.41895
38.41895
38.49048
38.43689
38.62696
38.62696
38.62696
38.472
38.472
38.472
38.65617
38.65617
38.65617
38.53403
38.53236
38.53236
38.53236
38.53236
38.46386
38.46386
38.46386
38.46386
38.5046
38.5046
38.32046
38.32046
38.37199
38.47815
38.47815
38.47815
38.49445
38.49445
38.49445
38.37179
38.37179
38.52169
38.52169
38.52169
38.52169
38.52169
38.33707
38.33707
38.43427
38.43427
38.43427
38.46604
38.46604
38.46604
38.45884
38.45884
38.45884
38.45884
38.43519
38.43519
38.43519
38.43519
38.52147
38.52147
38.52147
38.52147
38.3801
38.33818
38.33818
38.22139
38.22139
38.30955
38.30955
38.36053
38.36053
38.41375
38.41375
38.41375
38.41375
38.30089
38.30089
38.34573
38.34573
38.34573
38.28831
38.3381
38.3381
38.3381
38.3381
38.3096
38.3096
38.3096
38.28743
38.28743
38.25579
38.30325
38.30325
38.30325
38.55171
38.55171
38.60135
38.60135
38.60069
38.60069
38.60069
38.60069
38.55998
38.55998
38.54405
38.54405
38.54405
38.54405
38.61046
38.61046
38.61046
38.61046
38.68851
38.68851
38.68851
38.69422
38.69422
38.76349
38.76349
38.76349
38.76349
38.64687
38.64687
38.75652
38.75652
38.75652
38.75652
38.69407
38.69407
38.62042
38.62042
38.62042
38.50304
38.50304
38.50304
38.50304
38.64947
38.64947
38.64947
38.64947
38.53143
38.53143
38.64592
38.64592
38.64592
38.64592
38.74944
38.74944
38.74944
38.74944
38.45004
38.45004
38.46327
38.46327
38.78809
38.78809
38.45492
38.45492
38.45492
38.45492
38.46631
38.46631
38.46631
38.46631
38.42601
38.42601
38.54418
38.54418
38.54418
38.54418
38.69492
38.69492
38.69492
38.69492
38.55677
38.55677
38.55677
38.55677
38.40728
38.40728
38.61892
38.61892
38.61892
38.61892
38.44784
38.44784
38.5687
38.5687
38.5687
38.68146
38.68146
38.68146
38.68146
38.43684
38.43684
38.37167
38.37167
38.69905
38.69905
38.43888
38.43888
38.43888
38.43888
38.39937
38.39937
38.37577
38.37577
38.37577
38.5262
38.5262
38.5262
38.5262
38.56431
38.56431
38.4535
38.4535
38.47711
38.47711
38.35885
38.35885
38.63602
38.63602
38.63602
38.63602
38.45193
38.50344
38.56131
38.56131
38.49864
38.49864
38.45495
38.35466
38.35466
38.35466
38.36381
38.36431
38.31717
38.67798
38.67798
38.67798
38.3936
38.70127
38.70127
38.77829
38.77829
38.77829
38.49715
38.31565
38.70136
38.70136
38.67821
38.67821
38.67821
38.39352
38.31558
38.54613
38.54613
)
;
        refGradient     uniform 0;
        valueFraction   nonuniform List<scalar> 
2347
(
0.4711915
0.4433319
0.5460211
0.544698
0.3969612
0.4995608
0.7536387
0.4081086
0.420406
0.6168608
0.6223931
0.6781356
0.4361337
0.3554264
0.5907556
0.6051601
0.52477
0.568106
0.6603265
0.6633974
0.5960431
0.5923101
0.5398032
0.7441093
0.659188
0.4944589
0.639436
0.4207544
0.5679072
0.6451667
0.6423621
0.4792057
0.3599503
0.5420195
0.523365
0.4752472
0.50215
0.4355287
0.6421867
0.6171502
0.4424116
0.399648
0.5915259
0.4922619
0.6386407
0.6487555
0.5011026
0.6562292
0.3963261
0.5795642
0.3963347
0.4806571
0.516159
0.6688413
0.6946373
0.6688501
0.6946356
0.4020595
0.5018868
0.6565343
0.428681
0.545933
0.5288614
0.5302222
0.5186955
0.5317946
0.5317973
0.415016
0.4059695
0.5865025
0.3790597
0.5278983
0.390033
0.228578
0.3649652
0.3027791
0.5075766
0.5868404
0.4923101
0.6386479
0.648839
0.6303992
0.6039478
0.4797271
0.5907738
0.6051591
0.3998006
0.4342173
0.6603206
0.6633922
0.5024291
0.496895
0.539819
0.3790658
0.5279172
0.3900405
0.327052
0.4820683
0.4960885
0.7020292
0.2285787
0.7473383
0.5652658
0.5344476
0.5420244
0.3599592
0.2846817
0.3969609
0.7536446
0.4995589
0.5209631
0.56278
0.5003563
0.7539621
0.7696556
0.5542061
0.5958616
0.790975
0.7892845
0.5731203
0.6558587
0.5678973
0.38153
0.7367003
0.5772895
0.6112844
0.6962119
0.4584131
0.141034
0.263233
0.2702981
0.3649644
0.3027782
0.1945798
0.4515591
0.2195504
0.450475
0.5233637
0.475246
0.6421736
0.5021498
0.6171414
0.4355278
0.4656815
0.6412351
0.4728409
0.6365938
0.4750703
0.5424941
0.4433261
0.5446897
0.4081057
0.6168553
0.4204032
0.62239
0.6062235
0.648002
0.6095387
0.6485152
0.4065944
0.7733675
0.7756827
0.4444558
0.6451499
0.6423549
0.4889394
0.4887973
0.2632322
0.2702978
0.4288556
0.4300683
0.4300684
0.420297
0.2384264
0.2066879
0.7473361
0.5652658
0.5344469
0.4818228
0.703773
0.7037755
0.4424077
0.3996466
0.591518
0.6781295
0.4361319
0.3554242
0.4427518
0.5054043
0.4360936
0.5045539
0.6878217
0.7049027
0.5466547
0.5334431
0.7591231
0.7601689
0.7441053
0.6394303
0.6591871
0.4944571
0.5707232
0.5238996
0.4791985
0.5543931
0.5627441
0.7262973
0.7128204
0.4820683
0.7020287
0.4960789
0.6062784
0.5799163
0.604072
0.2384264
0.2066879
0.1945805
0.2195511
0.4515563
0.4504714
0.5075754
0.5868379
0.4819535
0.6562191
0.501101
0.5034034
0.6147462
0.4816479
0.5247497
0.5680957
0.5960384
0.5923035
0.3678653
0.3668819
0.4207516
0.5918806
0.7536946
0.6893319
0.6228034
0.6962104
0.4584123
0.6040777
0.5799204
0.6062784
0.2846812
0.4656817
0.4728409
0.6412248
0.6365942
0.6303896
0.6039357
0.479725
0.5034095
0.6147443
0.4816538
0.4806426
0.5161516
0.4020187
0.6565483
0.5018765
0.4286797
0.5472346
0.5511347
0.5459359
0.5288598
0.53022
0.5186844
0.5760538
0.5768362
0.4150147
0.5865022
0.4059519
0.4946541
0.7536201
0.5918959
0.6228136
0.6891856
0.7366941
0.6112844
0.5772723
0.5543993
0.5627441
0.7128402
0.7262998
0.52096
0.562776
0.6062155
0.6095223
0.6479979
0.6484967
0.4427279
0.5053569
0.3997969
0.4342131
0.5003563
0.7539552
0.7696488
0.5542061
0.6878006
0.7048821
0.4360936
0.5045539
0.5024245
0.4968865
0.5958596
0.7909708
0.789282
0.5731179
0.7591038
0.7601475
0.5466575
0.5334465
0.3679266
0.3669392
0.6558517
0.4065944
0.7733629
0.7756666
0.4444558
0.5706743
0.5238774
0.3815218
0.4889314
0.4887905
0.2146835
0.2910017
0.2907829
0.3688215
0.3677653
0.4406216
0.3872269
0.3940837
0.4545138
0.4574021
0.3510192
0.416002
0.3700039
0.3259161
0.3442756
0.4107749
0.4279332
0.4842506
0.5033792
0.3650839
0.3595286
0.4501547
0.5249939
0.4490263
0.5267458
0.5012384
0.5036207
0.5202364
0.5229166
0.4649515
0.4870446
0.4140154
0.5440494
0.5464075
0.5459746
0.548389
0.5103722
0.5123564
0.3176438
0.3332622
0.3579801
0.357422
0.367388
0.3670663
0.4566648
0.4530229
0.532422
0.5322245
0.3324023
0.4169867
0.4878138
0.5515316
0.5538595
0.551258
0.5525609
0.5182003
0.516771
0.504631
0.5008635
0.4617169
0.3654795
0.3597474
0.3061973
0.2694978
0.3452485
0.4084954
0.422701
0.3911986
0.3475337
0.2580653
0.586437
0.4040347
0.3996707
0.6033885
0.4330732
0.3602248
0.5710629
0.3188114
0.5357546
0.413112
0.3673483
0.4899293
0.5475486
0.3639274
0.4297199
0.502462
0.6519882
0.5414093
0.4800273
0.4467625
0.5214675
0.5467374
0.6122793
0.3204412
0.616841
0.7803837
0.5115394
0.6650161
0.7588382
0.3998781
0.506983
0.3255204
0.3322669
0.6339476
0.6328486
0.3002991
0.5985295
0.5688506
0.470747
0.5064952
0.7265515
0.7154809
0.3661481
0.3513601
0.7906266
0.7174676
0.5205167
0.6696072
0.3075467
0.4610586
0.5249015
0.3080376
0.3585744
0.6514271
0.473413
0.5257225
0.3816259
0.6591319
0.5941126
0.5537623
0.4989993
0.7297354
0.4301689
0.526007
0.6880885
0.6743889
0.5968579
0.7443262
0.5019766
0.3981375
0.5965284
0.3715773
0.5785591
0.5320835
0.5733991
0.3026286
0.4414537
0.4784705
0.7421721
0.505142
0.6364001
0.3705755
0.4737586
0.580742
0.4229921
0.4848426
0.6268039
0.6790376
0.4615999
0.504226
0.5203863
0.5472764
0.3383879
0.5666167
0.6335772
0.6111666
0.5010072
0.5220958
0.4039053
0.3987816
0.5471814
0.5473633
0.7633875
0.5678946
0.5905751
0.7736582
0.6567801
0.6559123
0.8570965
0.7065806
0.7136903
0.8505464
0.5235377
0.5409371
0.561344
0.5620859
0.5840195
0.591795
0.3577826
0.6350558
0.6780541
0.4673483
0.496386
0.6890964
0.4808067
0.6961095
0.4078639
0.404151
0.5601288
0.5520406
0.5122333
0.8566487
0.7127004
0.7098845
0.8532193
0.5978548
0.76825
0.576466
0.571162
0.5650635
0.5106418
0.5235605
0.5059809
0.6997364
0.695781
0.4873435
0.3554777
0.6348367
0.4612881
0.6868053
0.3991673
0.2775693
0.4996573
0.7196596
0.5743926
0.3407849
0.7209309
0.7948851
0.5541696
0.5087596
0.3367117
0.4494354
0.4837935
0.511668
0.4400149
0.6001955
0.3873691
0.3594336
0.5820677
0.6774265
0.4472127
0.6156586
0.5731225
0.4432816
0.5099575
0.3761519
0.5637614
0.6386368
0.7053018
0.6374684
0.5270548
0.4705317
0.3818674
0.5235319
0.3866063
0.5094342
0.4176874
0.4458667
0.5090317
0.3723781
0.5483616
0.5635811
0.4153302
0.6293297
0.4673182
0.6762706
0.4914898
0.6101344
0.4893932
0.4839376
0.4470189
0.6557699
0.7047924
0.7293386
0.5350909
0.5963889
0.7366874
0.7701147
0.449965
0.4426989
0.3349081
0.3192919
0.2709733
0.4140638
0.4231331
0.450366
0.4497613
0.601402
0.407786
0.4053673
0.263477
0.3844369
0.416128
0.345202
0.2972812
0.4745541
0.422048
0.5193722
0.5169997
0.5815327
0.7199411
0.6711186
0.3624283
0.5253994
0.5274604
0.4888446
0.6954967
0.6807065
0.4942882
0.4710679
0.6206436
0.4356939
0.394757
0.5763152
0.5642298
0.598446
0.7054147
0.5498462
0.6805847
0.5321179
0.552268
0.6764298
0.5116736
0.6695262
0.3459395
0.4956248
0.7284072
0.6672767
0.6843948
0.7076033
0.3459431
0.4956452
0.7284807
0.6673032
0.7076428
0.6844662
0.5425493
0.5364368
0.6649339
0.6574758
0.6995501
0.6947168
0.548372
0.4215533
0.5583421
0.4664307
0.525001
0.3080565
0.3585979
0.473441
0.6514773
0.4363289
0.4363379
0.5499353
0.5499456
0.3792053
0.5801954
0.6284065
0.6871485
0.7257287
0.7015803
0.7360275
0.5573992
0.6065029
0.5042012
0.532712
0.4039063
0.3987833
0.5010343
0.5221086
0.5471931
0.5473774
0.5373188
0.517343
0.4454801
0.5210711
0.67737
0.3093942
0.5746589
0.3296054
0.4296672
0.4078653
0.404153
0.5601423
0.5520546
0.5122488
0.7103015
0.7102997
0.6799683
0.679968
0.4010754
0.4005278
0.4408582
0.4258419
0.4319862
0.2991497
0.6059396
0.4613085
0.3991831
0.6868211
0.2775871
0.3743576
0.3743641
0.4852918
0.2996382
0.5620972
0.5117326
0.755648
0.6952815
0.706546
0.5160719
0.6913821
0.7078339
0.6409921
0.4484704
0.3467181
0.5160846
0.6914148
0.6410068
0.7078642
0.4484849
0.3467212
0.527374
0.6959813
0.7061332
0.6155939
0.7358102
0.5644031
0.6810661
0.6111054
0.5266923
0.5604742
0.7174929
0.6403267
0.5945671
0.681527
0.4570472
0.5143566
0.4271168
0.4942301
0.5716763
0.5479757
0.7195358
0.5825741
0.7237537
0.3743048
0.5130165
0.7133923
0.5375043
0.5592217
0.3985389
0.6404637
0.5032768
0.6603016
0.6625454
0.53168
0.5290078
0.6314248
0.4876189
0.4787371
0.6402235
0.6786854
0.5515088
0.5296759
0.3722142
0.6581975
0.4666169
0.4728528
0.6206658
0.4866403
0.2935581
0.4267609
0.4554597
0.4610988
0.5745259
0.4144239
0.4218553
0.5386048
0.3199035
0.5143972
0.5369644
0.5145017
0.3086175
0.3086189
0.5144005
0.5145022
0.5369659
0.3362424
0.4793552
0.3385332
0.5845439
0.4802683
0.3918819
0.250082
0.5145277
0.4145843
0.4227464
0.4425047
0.3757547
0.3763434
0.6290347
0.6433324
0.6332601
0.6169014
0.5244567
0.4832117
0.3592608
0.5356446
0.4239499
0.4779998
0.4072161
0.3754881
0.2582551
0.3214049
0.3892442
0.3184469
0.4820064
0.5113172
0.3624373
0.5254236
0.4220545
0.4745818
0.5274639
0.4888562
0.6807289
0.6955013
0.5194055
0.5815411
0.6711449
0.7199457
0.5170129
0.6563395
0.511305
0.6339352
0.5225827
0.5022106
0.5696475
0.4250849
0.4419498
0.5415123
0.4801267
0.3639633
0.4297307
0.5025368
0.647911
0.413172
0.3674076
0.4861533
0.547573
0.255813
0.518679
0.2800209
0.3168529
0.4369977
0.6659393
0.605254
0.732573
0.6744825
0.59688
0.7443679
0.5537824
0.4990453
0.5257864
0.3816274
0.594146
0.6591546
0.7297469
0.4301705
0.6881166
0.5260128
0.4760235
0.5209249
0.6513862
0.6910111
0.347861
0.3836014
0.465549
0.5051606
0.4339158
0.562517
0.4589022
0.591301
0.6567744
0.6559098
0.7633967
0.5678993
0.5905704
0.773656
0.8570934
0.7065761
0.8505442
0.7136889
0.4627631
0.4969253
0.5018261
0.5465392
0.6306802
0.6506674
0.5728921
0.6683782
0.6016666
0.6736036
0.5978515
0.8566454
0.712699
0.7098828
0.8532162
0.7682468
0.5764631
0.4834785
0.4256818
0.6067633
0.6015979
0.6771046
0.6753398
0.5918555
0.533281
0.633907
0.7209515
0.5541943
0.7948955
0.4996546
0.719669
0.5744058
0.3407841
0.5939051
0.7324003
0.6561881
0.4748809
0.4328049
0.5642385
0.3432882
0.4701902
0.4176973
0.4458883
0.509066
0.386619
0.5094347
0.3723779
0.5483751
0.5635793
0.4153364
0.5273856
0.7061638
0.6156006
0.696006
0.735825
0.5665671
0.2773615
0.6882957
0.5461266
0.5488342
0.7744837
0.6282179
0.4531932
0.6806804
0.5562638
0.5646601
0.3331342
0.3743132
0.5716764
0.7195537
0.5479826
0.5825821
0.723757
0.5130264
0.7133952
0.537507
0.711716
0.6336746
0.5404569
0.7278729
0.5257755
0.6871471
0.4986372
0.5865784
0.7084532
0.5673614
0.7109664
0.5554305
0.6433452
0.4475727
0.6257871
0.4793301
0.5535128
0.5275792
0.5375482
0.5535152
0.5275794
0.5375487
0.3243948
0.3243954
0.2394063
0.3654083
0.3712694
0.3649171
0.5310762
0.4747788
0.3884871
0.3945677
0.3130641
0.3400538
0.5562344
0.5684729
0.4998028
0.5071022
0.4751006
0.508944
0.447688
0.4910829
0.3977641
0.4063019
0.4190095
0.310488
0.3500798
0.2726774
0.2803117
0.3716003
0.5744277
0.3935896
0.2258673
0.3768076
0.2258673
0.1483698
0.1483698
0.2433213
0.2433213
0.2835556
0.1676615
0.175601
0.1392486
0.2668221
0.2712707
0.3173798
0.2793378
0.228911
0.2386964
0.3723616
0.2728231
0.2807221
0.2634797
0.3844357
0.3385342
0.584543
0.4793547
0.3362417
0.4802676
0.3918819
0.3738539
0.4653936
0.5576749
0.5136603
0.6015584
0.2884565
0.5908544
0.7525276
0.452029
0.2930516
0.4016397
0.1810156
0.416605
0.4590343
0.5593551
0.4229926
0.5549865
0.2580751
0.5900155
0.4040379
0.399674
0.4942871
0.6206318
0.4710711
0.5615155
0.7120562
0.5264154
0.8177348
0.4403653
0.4180864
0.6296049
0.3039455
0.5361606
0.3227767
0.7837563
0.5108937
0.6651576
0.7518366
0.5416471
0.6122886
0.4522925
0.5154604
0.518229
0.6075788
0.6137811
0.3203373
0.3194271
0.5344542
0.4258936
0.4509249
0.627367
0.3734538
0.4466289
0.4546685
0.5145731
0.2146831
0.2910043
0.2907812
0.3677657
0.3688166
0.4406186
0.5019749
0.3981345
0.5965234
0.6546821
0.6836265
0.627093
0.5932051
0.6369606
0.365515
0.7549478
0.7769599
0.7617098
0.3259179
0.344269
0.3650763
0.3595246
0.4107747
0.427926
0.4842472
0.5033712
0.4501468
0.449021
0.5249856
0.5267362
0.586823
0.7845957
0.7885335
0.578073
0.1734861
0.2294432
0.2653785
0.2576806
0.3673841
0.3670619
0.3323974
0.4566597
0.4530173
0.532413
0.5322219
0.4169809
0.4878068
0.4919138
0.7812427
0.75681
0.5673089
0.2746591
0.2517036
0.163174
0.2409508
0.2694935
0.3452432
0.4084883
0.5087547
0.3367076
0.4494305
0.483789
0.5266647
0.3970197
0.7866527
0.7560378
0.7647182
0.5987363
0.6762621
0.4914949
0.6293175
0.4673082
0.5691682
0.3442202
0.4527243
0.4540729
0.5421271
0.3598467
0.4749506
0.2709774
0.414063
0.4231305
0.5592241
0.3985399
0.6404572
0.5032749
0.3357037
0.3819411
0.2058131
0.5357623
0.4726388
0.341044
0.2935597
0.4267587
0.2394063
0.3712698
0.3649168
0.365407
0.531075
0.4747776
0.6214547
0.3534291
0.3014875
0.3202167
0.4451099
0.4270355
0.4948475
0.4085822
0.5176645
0.3783122
0.3665457
0.6280366
0.4911553
0.2847327
0.4764051
0.2800574
0.3049729
0.2165324
0.2395156
0.2165322
0.2395149
0.3057105
0.3385415
0.3385412
0.3787687
0.2170875
0.3654409
0.3688461
0.4019256
0.4025904
0.3107495
0.353622
0.2045791
0.2128913
0.1676614
0.1756009
0.2668221
0.2712707
0.3173798
0.2793378
0.1392484
0.228911
0.2386964
0.3543769
0.3125783
0.3125783
0.2626267
0.2716245
0.2300657
0.2716245
0.2300657
0.20135
0.4006931
0.3162038
0.2932392
0.4051619
0.2640707
0.3577636
0.4161263
0.3452005
0.2972795
0.5145268
0.4145843
0.4227464
0.4425039
0.2500811
0.3757547
0.3763424
0.5827258
0.3060146
0.5875831
0.3414761
0.5382787
0.2678842
0.4832301
0.574305
0.5734107
0.4848508
0.1704891
0.3986096
0.5330311
0.4367855
0.6053017
0.4330752
0.3602257
0.5710625
0.3188084
0.5357495
0.4356926
0.5763035
0.3947536
0.556819
0.5490205
0.3573974
0.2998635
0.443117
0.4230242
0.6032969
0.5114647
0.2643476
0.6310632
0.6328438
0.3255183
0.3322649
0.3998727
0.5069742
0.5985208
0.3002971
0.488909
0.6486933
0.414311
0.6183203
0.362817
0.5769217
0.4695107
0.4398882
0.5273808
0.5318059
0.3910332
0.489459
0.3872216
0.3940806
0.4545099
0.4573975
0.3510159
0.4159959
0.3699997
0.3715742
0.5785554
0.5320819
0.3767311
0.7704799
0.7735373
0.4114235
0.5671704
0.6106398
0.7079116
0.3356727
0.5012338
0.5202266
0.5036161
0.5229131
0.5440393
0.5464039
0.5459639
0.5483826
0.4649452
0.4870389
0.4140111
0.5103665
0.5123479
0.1846985
0.2481027
0.2090964
0.2606505
0.2921414
0.2824305
0.2884723
0.3007182
0.4724578
0.5976852
0.2438289
0.2495517
0.5515216
0.5512529
0.5538539
0.5525569
0.5046226
0.5008579
0.5181927
0.5167658
0.46171
0.3016522
0.2772716
0.3107639
0.2829721
0.1737032
0.2609593
0.1914098
0.2575857
0.2370357
0.626307
0.4658225
0.4226923
0.3911935
0.3475275
0.5116605
0.4400086
0.6001899
0.3873592
0.6115816
0.6110093
0.7112181
0.3743607
0.5686027
0.4893784
0.4839311
0.6101239
0.4470095
0.5723143
0.3816931
0.5771506
0.3968228
0.6486673
0.5279135
0.3346244
0.4593442
0.4468361
0.4503601
0.4497557
0.6013934
0.407778
0.4053658
0.6602923
0.5316777
0.6625412
0.5290078
0.6314176
0.4876176
0.2253375
0.2346541
0.557335
0.3563399
0.5632663
0.3756344
0.1912653
0.4755238
0.5203598
0.3278537
0.455457
0.461099
0.5745254
0.4144226
0.5386042
0.4218519
0.3884856
0.3945672
0.5562331
0.4998015
0.5684726
0.5071018
0.3130641
0.3400533
0.4751006
0.5089434
0.4476873
0.4910829
0.5297319
0.4383099
0.4595698
0.394971
0.3992864
0.342804
0.3005466
0.316192
0.4982136
0.4519444
0.3359595
0.2753497
0.2648387
0.4096574
0.2284076
0.3654403
0.3688459
0.4019253
0.4025903
0.2170872
0.3107492
0.3536219
0.3817259
0.367966
0.3817262
0.3679662
0.3154418
0.1684576
0.3723595
0.2728231
0.2807221
0.4006921
0.3162038
0.2932392
0.4051632
0.2640669
0.3577615
0.4239492
0.4072154
0.4779936
0.629034
0.6332594
0.6168935
0.6433316
0.3214044
0.3754813
0.2582544
0.3892427
0.4832024
0.3592595
0.5244559
0.5356427
0.3738533
0.4653923
0.5576722
0.5136601
0.6015578
0.2884565
0.5827282
0.5875885
0.3060178
0.3414796
0.5382795
0.2678826
0.3393031
0.325336
0.3393003
0.3253328
0.5975352
0.580246
0.580246
0.6255009
0.5448837
0.7012425
0.4864974
0.3606097
0.3886393
0.5321165
0.5522591
0.676428
0.5642216
0.5984449
0.7054058
0.5498371
0.6805778
0.4367961
0.6579823
0.3619089
0.496345
0.4015767
0.546119
0.7780788
0.7754378
0.6735409
0.6611405
0.5497996
0.3910029
0.5304626
0.5065052
0.7265627
0.7154915
0.5688438
0.4707401
0.3661435
0.3513631
0.7906211
0.7174604
0.5205148
0.6696002
0.6497318
0.414575
0.3698616
0.743363
0.541767
0.7219058
0.5406398
0.2975259
0.4287514
0.5222441
0.3920887
0.6429824
0.3578474
0.7421696
0.505139
0.6363929
0.573391
0.302627
0.441447
0.4784594
0.3705734
0.5807312
0.4737508
0.7126894
0.7680435
0.4997068
0.6399235
0.3742707
0.56816
0.6061157
0.4959679
0.3799235
0.529057
0.4025379
0.3176381
0.3332546
0.3579723
0.3574176
0.5235295
0.5409257
0.5613328
0.5620799
0.5400196
0.5387326
0.7565402
0.756591
0.5783428
0.5941726
0.4462927
0.4534957
0.6231836
0.4839458
0.6258754
0.4848241
0.3654751
0.3597454
0.3061953
0.5711561
0.5650614
0.5106396
0.4369991
0.6834776
0.6301959
0.6278303
0.4938848
0.4844883
0.573683
0.4362309
0.6774203
0.4472065
0.6156528
0.3594326
0.5820658
0.5731144
0.50995
0.4432776
0.6697418
0.717481
0.662679
0.5053135
0.4389044
0.496814
0.3730799
0.4520848
0.5963818
0.7701069
0.7366813
0.4499625
0.6557636
0.7293302
0.7047877
0.5350794
0.4426913
0.3349064
0.7891852
0.7374402
0.6264872
0.5183589
0.3813271
0.293213
0.4634204
0.2528148
0.4502207
0.5296678
0.3722072
0.4787353
0.6402209
0.6786774
0.5515075
0.6581887
0.4728414
0.4666153
0.5312509
0.5666049
0.6851283
0.4273352
0.4706183
0.5500727
0.5633759
0.4739639
0.4494193
0.5887411
0.4176183
0.310488
0.3500798
0.3977641
0.4062927
0.4190086
0.2726774
0.2803111
0.6214542
0.3534291
0.3202167
0.3014869
0.4270355
0.4451097
0.4085822
0.4948444
0.4383099
0.394971
0.5297307
0.4595708
0.342804
0.39929
0.5440494
0.5470735
0.5470735
0.3741775
0.4000796
0.4208348
0.6074804
0.6662648
0.6662702
0.4952998
0.3741775
0.4208348
0.4000835
0.4377576
0.3013414
0.2045791
0.2128913
0.1684576
0.3184458
0.4820043
0.5113157
0.401639
0.1810156
0.4166005
0.5908526
0.7525241
0.4520278
0.2930511
0.4590347
0.5593549
0.5549818
0.4229927
0.1704889
0.398604
0.4832299
0.5743004
0.5734054
0.4848505
0.5330253
0.4367855
0.5448837
0.7012382
0.4864974
0.3606156
0.3886451
0.5116592
0.6695166
0.6339338
0.5022098
0.5225812
0.6563311
0.5113028
0.4367961
0.6579823
0.3619089
0.496345
0.4015767
0.4286837
0.6137388
0.4286837
0.6137446
0.307545
0.4610491
0.6995435
0.6947072
0.5483566
0.542548
0.6649269
0.5364224
0.6574642
0.6420807
0.6420862
0.4751222
0.7249613
0.7427916
0.546513
0.6107269
0.4542847
0.3224469
0.6267944
0.6790248
0.422979
0.4848218
0.4615912
0.5042125
0.5203755
0.5472705
0.3383471
0.566603
0.6111459
0.6335716
0.2982507
0.4236048
0.5004244
0.5367764
0.6204166
0.584786
0.6708422
0.6624147
0.471819
0.399546
0.4286008
0.4606033
0.5840098
0.59179
0.3577425
0.635036
0.6780442
0.4673397
0.4963897
0.689087
0.6961048
0.4807983
0.6693479
0.6864378
0.5525532
0.5020305
0.5086915
0.5572802
0.6072445
0.5384335
0.5231308
0.6099514
0.3689613
0.3613731
0.5235571
0.5059847
0.699732
0.695775
0.4873415
0.3554757
0.6348336
0.7077963
0.6616646
0.6124684
0.5292532
0.5350164
0.6138961
0.5462766
0.4935504
0.7052992
0.6374608
0.5270419
0.3761502
0.5637584
0.638636
0.4705246
0.381857
0.5235227
0.4958929
0.4204323
0.2926163
0.4003656
0.4510226
0.6198183
0.5858799
0.6737412
0.5271722
0.3192788
0.5604637
0.7174848
0.6403242
0.5945565
0.5643921
0.681057
0.6110966
0.5266779
0.6815252
0.4570252
0.6597784
0.568834
0.5128797
0.6596487
0.5688164
0.5299808
0.4296289
0.5279168
0.3307862
0.620663
0.4866386
0.5257743
0.6871406
0.4986361
0.7117147
0.6336739
0.7278675
0.5404539
0.7084479
0.5673607
0.7109651
0.5865767
0.5554158
0.5312583
0.6851325
0.5666049
0.427343
0.5633818
0.5500782
0.4739639
0.4706118
0.4747927
0.6573697
0.5796482
0.4518011
0.6573725
0.474773
0.3715994
0.5744258
0.3935889
0.2800572
0.3049699
0.5176631
0.3782996
0.3665457
0.628036
0.4911551
0.4764024
0.2847327
0.3359581
0.2753506
0.2284104
0.4982122
0.4519452
0.3005466
0.316192
0.4096599
0.2648387
0.4377516
0.3013306
0.5696389
0.4250835
0.4419485
0.4403655
0.4180862
0.6295933
0.561515
0.7120487
0.8177283
0.5264142
0.5361501
0.3039451
0.3227768
0.443117
0.4230242
0.6032973
0.5568096
0.5490215
0.3573977
0.2998635
0.5114657
0.2643476
0.546119
0.7780806
0.7754383
0.6735474
0.6611438
0.5498066
0.3910029
0.5304668
0.4215356
0.4664288
0.5583267
0.5186713
0.3168515
0.2800194
0.2558109
0.4369956
0.6659368
0.6052519
0.7325697
0.3194258
0.5344523
0.425893
0.450925
0.6273593
0.4889094
0.414311
0.6486877
0.6183138
0.362817
0.5769155
0.6497344
0.414575
0.3698677
0.5406437
0.4287548
0.522241
0.2975323
0.7433594
0.5417745
0.7218849
0.6429805
0.3920969
0.357817
0.7250078
0.7427909
0.6107331
0.5464973
0.4543062
0.3224495
0.6871346
0.7257227
0.7015782
0.736025
0.379164
0.5801879
0.6284214
0.5573924
0.5041976
0.6065158
0.5327079
0.4760203
0.5209208
0.6513824
0.6910074
0.7126809
0.4996729
0.7680282
0.6399054
0.6204484
0.5847879
0.6708778
0.6624741
0.2982367
0.4236245
0.5004483
0.5368418
0.471925
0.3995869
0.4607026
0.4286899
0.5373217
0.5173329
0.4454787
0.5210688
0.6773814
0.3093928
0.5746549
0.329604
0.4296647
0.6694104
0.6864941
0.5526604
0.502125
0.5087849
0.557386
0.6073636
0.5385244
0.6100593
0.5232406
0.5690753
0.5718975
0.4010738
0.400508
0.4408558
0.4258269
0.4319727
0.299124
0.6059316
0.6125845
0.5293603
0.5351242
0.6140122
0.7078565
0.6617159
0.5463904
0.4936384
0.5394516
0.485281
0.7556474
0.6952722
0.7065379
0.5620974
0.2996181
0.5117229
0.5938883
0.7323934
0.6561766
0.4748649
0.669728
0.7174708
0.5053119
0.6626816
0.619853
0.6737971
0.5859078
0.5271769
0.4959206
0.4204567
0.4004146
0.4511236
0.2926351
0.5143462
0.4942283
0.4271
0.6882837
0.5461112
0.5488316
0.5665554
0.2773594
0.774476
0.6282055
0.4531911
0.680671
0.556261
0.5646484
0.3331311
0.5691788
0.3442355
0.4527435
0.4541072
0.5421526
0.3598797
0.5723155
0.5771523
0.3817006
0.3968304
0.6486663
0.5279079
0.3346244
0.4593471
0.7891874
0.7374191
0.6264857
0.5183663
0.4634235
0.3813271
0.2932202
0.4500919
0.2528216
0.3307904
0.5277752
0.5298002
0.4296176
0.6433347
0.4475705
0.6257787
0.4793144
0.3356876
0.3819411
0.5357546
0.472627
0.341044
0.2057945
0.5573285
0.5632665
0.3563399
0.3756344
0.4755264
0.5203618
0.3278537
0.2253311
0.2346475
0.1912653
0.4494262
0.5887638
0.4176142
0.3734521
0.4466259
0.4546606
0.5145612
0.4695047
0.4398813
0.5273722
0.5317881
0.3910271
0.4894446
0.3478593
0.4655451
0.383599
0.5051554
0.4339133
0.5625117
0.4588992
0.5912903
0.627091
0.5931938
0.6369533
0.6546784
0.6836182
0.365515
0.7549463
0.7617048
0.7769555
0.5671571
0.6106269
0.3767311
0.7704773
0.7735241
0.4114235
0.7079018
0.3356727
0.5681179
0.606091
0.3742707
0.495945
0.3799051
0.529057
0.4025429
0.5018231
0.63067
0.546536
0.6506568
0.4627591
0.4969206
0.5728891
0.6683679
0.6016632
0.6735959
0.5868208
0.7845893
0.7885292
0.578073
0.1734861
0.2294432
0.2653774
0.2576806
0.4724578
0.5976852
0.1846985
0.2090964
0.2481027
0.2606505
0.2921414
0.2824305
0.2884723
0.3007186
0.2438289
0.2495531
0.5783462
0.4463038
0.5941781
0.4535049
0.7565208
0.7565712
0.5400196
0.5387356
0.62319
0.4839568
0.625884
0.4848449
0.369007
0.3614343
0.6067599
0.677097
0.6015909
0.6753348
0.4834704
0.425673
0.5918487
0.5332729
0.6338973
0.4919138
0.78124
0.7568039
0.5673065
0.2746582
0.2517026
0.163174
0.2409498
0.6263095
0.4658225
0.3016524
0.3107642
0.2772717
0.2829727
0.257587
0.2370373
0.1737032
0.2609592
0.1914098
0.6302045
0.4939053
0.6278343
0.484506
0.6834359
0.4369991
0.5736652
0.4362294
0.4327946
0.5642298
0.3432766
0.4701827
0.3970197
0.7866492
0.7560339
0.7647109
0.5266575
0.5987309
0.7112053
0.3743607
0.6115799
0.6109931
0.5685925
0.4967871
0.3730623
0.4520729
0.4388772
0.4749429
0.4468372
0.3246901
0.3620806
0.5686985
0.23887
0.3775668
0.3542072
0.6453955
0.4772668
0.6454128
0.4111245
0.2508437
0.3775657
0.354206
0.3246834
0.3620772
0.5686921
0.2388681
0.2508353
0.5151602
0.5071356
)
;
        value           nonuniform List<scalar> 
2347
(
38.93884
38.92716
38.96037
38.95115
38.9377
38.93141
38.96087
38.96497
38.95521
38.98251
38.97381
38.91476
38.89863
38.88722
38.94658
38.95053
38.88501
38.88008
38.91076
38.90359
38.85424
38.84644
38.83342
38.80869
38.80185
38.79493
38.78696
38.74737
38.77967
38.7953
38.78707
38.73019
38.90774
38.9427
38.90938
38.89747
38.92104
38.90585
38.95403
38.9459
38.86618
38.87962
38.91382
38.89475
38.88297
38.9077
38.86829
38.89856
38.87487
38.92465
38.87479
38.83294
38.84661
38.89374
38.896
38.8937
38.89597
38.80569
38.80393
38.85223
38.77795
38.77412
38.76894
38.75149
38.74465
38.77331
38.77329
38.70922
38.68818
38.73834
38.58164
38.65978
38.5897
38.93833
38.93602
38.92713
38.8548
38.90642
38.89459
38.88287
38.9072
38.85822
38.82437
38.81372
38.94647
38.95045
38.83151
38.84349
38.91074
38.90358
38.80197
38.79285
38.83345
38.58165
38.65984
38.58973
38.57914
38.53007
38.5238
38.54356
38.9384
38.96649
38.95265
38.96094
38.94312
38.90918
38.84751
38.93737
38.96006
38.93127
38.87374
38.87689
38.83387
38.87498
38.87596
38.84127
38.80785
38.83743
38.83287
38.801
38.73379
38.77966
38.63728
38.60069
38.56455
38.54765
38.53637
38.49705
38.57837
38.58141
38.56587
38.93608
38.92717
38.90558
38.92478
38.88419
38.91543
38.90984
38.89785
38.95456
38.9229
38.94636
38.90648
38.87426
38.8942
38.86001
38.88805
38.93929
38.9622
38.92779
38.95159
38.96506
38.98257
38.9553
38.97389
38.88013
38.88283
38.87236
38.87579
38.73727
38.74372
38.73715
38.72734
38.79523
38.78699
38.63923
38.62844
38.58137
38.56581
38.60316
38.58986
38.58985
38.57135
38.52892
38.49813
38.96648
38.95265
38.96092
38.9227
38.93756
38.93757
38.86659
38.87972
38.91393
38.91479
38.89869
38.88723
38.82686
38.83096
38.78851
38.78966
38.80849
38.80845
38.77846
38.77011
38.79185
38.7849
38.80862
38.78689
38.80179
38.79486
38.68812
38.65362
38.7301
38.48683
38.49571
38.5046
38.52375
38.52998
38.54348
38.52372
38.45792
38.47851
38.50881
38.52888
38.49812
38.90556
38.88419
38.92476
38.91543
38.85479
38.90641
38.83175
38.89856
38.8683
38.78835
38.8152
38.73392
38.88497
38.88004
38.85418
38.84638
38.70481
38.69495
38.74729
38.56928
38.60783
38.57323
38.54698
38.53629
38.49698
38.50889
38.47854
38.45795
38.84747
38.87423
38.85999
38.89417
38.88802
38.85818
38.82434
38.81368
38.78838
38.81526
38.73393
38.8329
38.84658
38.80564
38.85218
38.80388
38.7779
38.74889
38.75244
38.77406
38.76888
38.75143
38.74458
38.73131
38.72354
38.70916
38.73826
38.68812
38.58189
38.60793
38.56938
38.54702
38.57328
38.60061
38.54757
38.56447
38.48689
38.49573
38.52381
38.50463
38.87367
38.87681
38.88006
38.87231
38.88276
38.87573
38.82689
38.831
38.83144
38.84342
38.83379
38.87491
38.87587
38.84119
38.80854
38.80851
38.7885
38.78965
38.80189
38.79278
38.80776
38.83734
38.83278
38.80091
38.79191
38.78495
38.77846
38.77011
38.70512
38.69526
38.73371
38.73719
38.74365
38.73708
38.72729
38.68815
38.65364
38.63719
38.63915
38.62839
38.91463
38.91845
38.90038
38.96568
38.90465
38.95482
38.96116
38.94627
38.95276
38.93752
38.95278
38.9423
38.86596
38.91649
38.9202
38.90395
38.90767
38.95065
38.94927
38.91965
38.9211
38.90721
38.94731
38.90688
38.94628
38.94842
38.93471
38.94707
38.93292
38.93625
38.93292
38.86744
38.94329
38.92997
38.94219
38.92822
38.92703
38.92514
38.8719
38.87229
38.86576
38.86267
38.91072
38.90391
38.89475
38.89014
38.93249
38.92715
38.85576
38.8424
38.88387
38.92775
38.91393
38.92267
38.90861
38.91108
38.90541
38.88125
38.86547
38.86689
38.8514
38.84647
38.79875
38.80438
38.79082
38.84337
38.84129
38.83466
38.84211
38.90981
38.94471
38.89875
38.92472
38.93839
38.91708
38.90227
38.93129
38.90419
38.93378
38.90816
38.88528
38.9421
38.95023
38.88284
38.88714
38.90038
38.93328
38.93091
38.91389
38.94789
38.97213
38.96443
38.96835
38.94732
38.98148
38.95027
38.93109
38.96592
38.97314
38.93418
38.95799
38.94557
38.93476
38.9716
38.96407
38.93506
38.96711
38.92302
38.91774
38.90603
38.91904
38.9252
38.87164
38.85069
38.92019
38.91779
38.88072
38.89196
38.85448
38.858
38.88446
38.8796
38.89164
38.91872
38.90076
38.90419
38.89686
38.9332
38.92429
38.94844
38.94411
38.94473
38.92253
38.92817
38.94069
38.9521
38.9139
38.96539
38.93924
38.96544
38.98657
38.95497
38.97443
38.90724
38.90367
38.86459
38.85013
38.86693
38.92322
38.90542
38.90844
38.86755
38.86682
38.86145
38.86424
38.88692
38.88655
38.8947
38.82344
38.83487
38.81034
38.82555
38.81515
38.84489
38.82683
38.86712
38.91127
38.918
38.87392
38.87226
38.91761
38.9146
38.94699
38.93187
38.93414
38.94944
38.92782
38.92734
38.93584
38.92918
38.92737
38.93841
38.88621
38.88704
38.88266
38.88022
38.87361
38.87068
38.81705
38.86595
38.85919
38.81525
38.80941
38.85255
38.81149
38.85006
38.86032
38.85671
38.90072
38.89884
38.84752
38.91346
38.90878
38.90623
38.91284
38.88377
38.88333
38.86898
38.86658
38.86307
38.81181
38.81489
38.79618
38.83305
38.82771
38.79017
38.74423
38.79586
38.78345
38.80528
38.74083
38.72839
38.81295
38.82939
38.76307
38.74339
38.79997
38.8035
38.75345
38.79697
38.7802
38.78448
38.82734
38.82256
38.80934
38.83119
38.81024
38.75843
38.74482
38.76788
38.75369
38.7422
38.75215
38.69096
38.71906
38.71773
38.73146
38.71375
38.72507
38.71089
38.68036
38.65518
38.62027
38.64371
38.70867
38.75954
38.67766
38.70901
38.73182
38.6654
38.69261
38.70786
38.66385
38.80379
38.74641
38.74025
38.70274
38.78635
38.73646
38.72207
38.72501
38.67621
38.68854
38.71193
38.67411
38.66693
38.68563
38.67489
38.62411
38.63561
38.5851
38.64969
38.67291
38.65992
38.69464
38.68752
38.67541
38.68957
38.67455
38.59325
38.90864
38.92785
38.92089
38.90925
38.91125
38.89858
38.85356
38.89199
38.9059
38.88236
38.92083
38.91574
38.86944
38.8984
38.89554
38.89154
38.92758
38.91323
38.91515
38.92764
38.96258
38.89484
38.90437
38.9481
38.87896
38.87391
38.91344
38.873
38.89436
38.8858
38.87342
38.87569
38.88479
38.90545
38.86864
38.90095
38.92313
38.93756
38.91182
38.95179
38.86862
38.90091
38.92285
38.93745
38.95167
38.91135
38.82844
38.82688
38.83152
38.84161
38.86199
38.87828
38.85185
38.83331
38.85099
38.79034
38.88408
38.87945
38.89151
38.90065
38.91855
38.88214
38.88206
38.88846
38.88841
38.81077
38.85664
38.86677
38.87834
38.88572
38.84956
38.85581
38.82132
38.8289
38.79719
38.80409
38.87384
38.87219
38.91117
38.91791
38.91752
38.91452
38.7895
38.79315
38.7691
38.7661
38.8138
38.78531
38.80782
38.77984
38.77126
38.86025
38.85665
38.90065
38.89877
38.84747
38.83806
38.83804
38.82596
38.82594
38.72792
38.7045
38.75798
38.75058
38.72857
38.71201
38.73521
38.78341
38.7408
38.80528
38.72836
38.71698
38.71697
38.66447
38.6842
38.69868
38.66782
38.71562
38.70381
38.66775
38.72576
38.74578
38.71834
38.71212
38.66038
38.59582
38.72574
38.74577
38.71212
38.71836
38.66038
38.59582
38.67057
38.69041
38.67029
38.6302
38.68543
38.60994
38.6284
38.61076
38.57257
38.625
38.64443
38.60484
38.57878
38.57394
38.57772
38.61868
38.57149
38.5694
38.64858
38.65777
38.66979
38.62271
38.6612
38.59303
38.61163
38.63902
38.59906
38.65371
38.58973
38.67091
38.61384
38.66343
38.65622
38.60915
38.60528
38.65002
38.59827
38.57059
38.56792
38.57343
38.52705
38.57664
38.51289
38.55626
38.51976
38.51477
38.58265
38.54179
38.59584
38.60775
38.59961
38.59325
38.5762
38.59205
38.52001
38.5697
38.9031
38.90281
38.92308
38.92294
38.92583
38.92588
38.90293
38.92297
38.92314
38.94523
38.95126
38.95839
39.00306
38.96761
38.97366
38.93427
38.95855
38.96748
38.9547
38.9487
38.95639
38.95261
38.91005
38.91276
38.92546
38.94769
38.8656
38.91786
38.84079
38.88327
38.90622
38.92087
38.92008
38.90702
38.82334
38.90459
38.88802
38.83849
38.89623
38.87813
38.86958
38.89852
38.8536
38.8987
38.89573
38.89171
38.9134
38.92777
38.8922
38.88275
38.91616
38.9213
38.90711
38.86894
38.84667
38.86023
38.83787
38.84542
38.85231
38.82933
38.82418
38.93039
38.91308
38.88274
38.88824
38.89981
38.93239
38.90771
38.88446
38.94017
38.94906
38.79828
38.81298
38.79473
38.81447
38.8172
38.85022
38.83215
38.8537
38.95167
38.91363
38.96505
38.9483
38.9439
38.90376
38.89655
38.92401
38.93223
38.94454
38.92226
38.94047
38.92797
38.84295
38.85313
38.86707
38.87123
38.81074
38.82258
38.85647
38.86003
38.82866
38.86077
38.84004
38.86305
38.92778
38.92729
38.94687
38.93172
38.93403
38.94934
38.93577
38.9291
38.93834
38.92731
38.82982
38.81853
38.84142
38.84781
38.86333
38.86439
38.83426
38.85113
38.82766
38.84861
38.88379
38.91344
38.90875
38.90621
38.91282
38.88334
38.86898
38.77304
38.76364
38.80895
38.80161
38.82816
38.82087
38.77636
38.76895
38.78477
38.80001
38.75345
38.80353
38.81296
38.82941
38.76311
38.74339
38.70445
38.74761
38.73076
38.65576
38.70168
38.73171
38.62611
38.67669
38.67771
38.709
38.73187
38.70872
38.75953
38.66545
38.69266
38.70786
38.66386
38.67061
38.6703
38.63022
38.69046
38.68549
38.58979
38.579
38.61302
38.56102
38.5731
38.60135
38.61249
38.59654
38.6215
38.57778
38.57115
38.54444
38.59307
38.64863
38.66984
38.65779
38.62275
38.66124
38.61167
38.63906
38.59909
38.558
38.52514
38.5719
38.57709
38.51383
38.56172
38.51144
38.52951
38.5421
38.49326
38.52528
38.52461
38.57819
38.55461
38.58022
38.53211
38.57899
38.59584
38.57935
38.57902
38.59584
38.57937
38.55837
38.55839
38.57598
38.59099
38.58745
38.57338
38.60342
38.59294
38.58126
38.57777
38.50356
38.58463
38.59405
38.5903
38.58507
38.57497
38.53142
38.59313
38.57554
38.52667
38.50068
38.49341
38.48814
38.51223
38.49895
38.4856
38.45181
38.49337
38.52654
38.47075
38.95345
39.00512
38.95345
38.98896
38.98897
38.97617
38.97618
39.05456
38.98421
38.9655
38.97027
38.9724
38.95688
39.04457
38.99117
38.9582
38.99385
38.9768
38.92611
38.95948
38.90884
38.92811
38.95845
39.00309
38.95129
38.94529
38.96766
38.97368
38.92687
38.91069
38.97804
38.93266
38.92269
38.92554
38.93859
38.93148
38.87073
38.84797
38.89563
38.90808
38.93712
38.88475
38.87701
38.84971
38.91394
38.91149
38.94583
38.90053
38.92722
38.9157
38.96323
38.92967
38.87206
38.91425
38.86923
38.89699
38.88068
38.8423
38.89899
38.82329
38.8848
38.85358
38.95104
38.93267
38.96712
38.97448
38.96322
38.96734
38.94779
38.94373
38.97402
38.95989
38.98263
38.9475
38.85076
38.87349
38.84847
38.87377
38.88805
38.85975
38.87095
38.86964
38.88204
38.91436
38.9183
38.90014
38.90453
38.96565
38.95477
38.9391
38.9655
38.98658
38.86289
38.86327
38.87278
38.88829
38.89088
38.85533
38.86623
38.86724
38.87848
38.91634
38.9201
38.91957
38.92105
38.90383
38.90759
38.95058
38.94921
38.90714
38.90684
38.94725
38.94623
38.82472
38.86046
38.8589
38.83104
38.82872
38.8297
38.80728
38.8192
38.91068
38.90389
38.85576
38.89471
38.89011
38.93244
38.92711
38.84239
38.88383
38.7474
38.80388
38.79759
38.77798
38.79568
38.78675
38.73946
38.77608
38.80439
38.79082
38.84333
38.79697
38.7802
38.78446
38.82729
38.69184
38.74166
38.7476
38.73982
38.75318
38.71273
38.74025
38.70275
38.80373
38.74634
38.60657
38.57445
38.52999
38.5654
38.60353
38.55765
38.64857
38.67291
38.65991
38.69457
38.65374
38.58976
38.67085
38.61379
38.52686
38.4484
38.54311
38.53163
38.50147
38.47344
38.59587
38.6077
38.576
38.58747
38.57339
38.59095
38.60338
38.5929
38.55394
38.54904
38.47539
38.49647
38.48312
38.50704
38.52039
38.53324
38.49665
38.49494
38.43519
38.48343
38.43541
38.47756
38.48448
38.45731
38.51029
38.5615
38.58897
38.56149
38.58894
38.54926
38.57075
38.57073
38.61314
38.57517
38.56702
38.55481
38.60904
38.59533
38.55962
38.59995
38.50936
38.53693
38.98421
38.9655
38.9724
38.95688
39.04457
38.99116
38.97027
38.9582
38.99384
39.03431
38.98499
38.98498
38.95583
38.98576
38.95412
38.98575
38.95412
38.95434
38.96817
38.94968
38.91807
38.94204
38.91826
38.94923
38.92114
38.90944
38.91142
38.9586
38.9675
38.95472
38.94873
38.93431
38.9564
38.95264
38.96694
38.92167
38.9487
38.90509
38.95242
38.90772
38.87999
38.90832
38.90103
38.86752
38.89132
38.92489
38.90089
38.86661
38.93987
38.91935
38.90308
38.93218
38.90478
38.93431
38.89508
38.94837
38.90487
38.87614
38.87022
38.84378
38.82899
38.80018
38.86054
38.88586
38.87696
38.83222
38.97275
38.96438
38.94576
38.93496
38.93463
38.9582
38.96726
38.93517
38.86336
38.87715
38.85012
38.87135
38.85225
38.87422
38.86202
38.85325
38.87429
38.86438
38.85935
38.86829
38.96114
38.94628
38.95273
38.9375
38.95279
38.94229
38.86595
38.95504
38.97448
38.90729
38.85108
38.86887
38.86303
38.83794
38.87065
38.87262
38.84964
38.82743
38.94837
38.94702
38.93468
38.93289
38.94323
38.92993
38.94214
38.92817
38.93623
38.93288
38.86742
38.92699
38.92509
38.82448
38.82172
38.80283
38.80677
38.79563
38.80819
38.79682
38.77783
38.8444
38.84553
38.80772
38.79056
38.9277
38.92263
38.91387
38.90856
38.88121
38.86541
38.91103
38.90536
38.86683
38.78294
38.77536
38.76484
38.76019
38.73554
38.76649
38.7234
38.7798
38.7714
38.7693
38.75603
38.84124
38.8346
38.84204
38.82251
38.80927
38.83112
38.81017
38.70309
38.69358
38.71969
38.71421
38.68996
38.73639
38.72198
38.78627
38.72492
38.59035
38.55178
38.58089
38.53741
38.59303
38.5826
38.53758
38.51948
38.63096
38.68744
38.67533
38.68948
38.67445
38.59316
38.66337
38.60909
38.65613
38.60521
38.64992
38.59819
38.53664
38.5183
38.51874
38.46775
38.50519
38.45091
38.52532
38.44409
38.50676
38.45019
38.59955
38.59317
38.57613
38.59197
38.56962
38.51993
38.58121
38.5777
38.594
38.58503
38.59023
38.57492
38.50348
38.58455
38.53135
38.59306
38.57548
38.52661
38.50805
38.52317
38.4862
38.50001
38.48766
38.50161
38.47227
38.45458
38.47464
38.45044
38.49932
38.47194
38.45753
38.44926
38.47902
38.56699
38.55477
38.60904
38.59531
38.57512
38.55957
38.59992
38.59164
38.57316
38.59161
38.57315
38.58089
38.50413
38.97678
38.92611
38.95947
38.96816
38.94967
38.91807
38.94204
38.91826
38.94924
38.90624
38.92007
38.92087
38.91014
38.9255
38.94771
38.91281
38.90458
38.90702
38.82333
38.888
38.91787
38.84079
38.86564
38.88327
38.92685
38.91067
38.97802
38.93264
38.92267
38.92553
38.96692
38.9487
38.92166
38.90509
38.95243
38.90772
38.88659
38.86657
38.88659
38.86657
38.88101
38.87656
38.87657
38.85317
38.87456
38.90425
38.89066
38.85129
38.81511
38.88586
38.87345
38.87572
38.87905
38.87397
38.91349
38.87304
38.8944
38.83395
38.84629
38.80339
38.79372
38.76213
38.82776
38.87538
38.87147
38.8663
38.83284
38.82229
38.7551
38.78278
38.90618
38.91931
38.92533
38.92309
38.91782
38.87176
38.85072
38.92022
38.91783
38.88074
38.89197
38.8336
38.80234
38.80669
38.84895
38.83519
38.851
38.82791
38.78979
38.75628
38.79051
38.795
38.79044
38.7652
38.92323
38.90542
38.90843
38.90369
38.86459
38.85013
38.86692
38.86755
38.86143
38.86681
38.82454
38.82389
38.78965
38.79237
38.7921
38.83034
38.83109
38.8072
38.74175
38.81018
38.74619
38.87188
38.87226
38.86572
38.86263
38.88619
38.88701
38.88262
38.88017
38.8034
38.79493
38.81406
38.81358
38.80181
38.80393
38.74672
38.74944
38.7932
38.74408
38.7908
38.73077
38.85135
38.84642
38.7987
38.86653
38.86302
38.81175
38.70019
38.72365
38.76883
38.76042
38.71261
38.70763
38.71532
38.65486
38.76781
38.75362
38.74212
38.75837
38.74476
38.75207
38.71898
38.69088
38.59794
38.62232
38.59012
38.58788
38.63716
38.66549
38.59064
38.62658
38.66684
38.6748
38.68555
38.62402
38.67613
38.71184
38.68846
38.67403
38.63552
38.58501
38.59797
38.60798
38.58954
38.55499
38.49339
38.51692
38.55375
38.49761
38.48306
38.57654
38.5128
38.5705
38.56784
38.57334
38.52696
38.55617
38.51468
38.51967
38.48252
38.45648
38.48375
38.45272
38.42551
38.45651
38.44324
38.39265
38.44792
38.49659
38.43896
38.51216
38.49888
38.5006
38.49333
38.48806
38.48552
38.45174
38.55388
38.54897
38.4964
38.47532
38.50699
38.48306
38.5332
38.52034
38.52314
38.5
38.50802
38.4862
38.5016
38.48766
38.5044
38.49104
38.49103
38.47078
38.44194
38.43883
38.47721
38.483
38.48303
38.43849
38.47078
38.43883
38.44194
38.46667
38.40302
38.5093
38.53689
38.50412
38.83849
38.89621
38.87811
38.8956
38.90807
38.9371
38.93856
38.93146
38.8707
38.84794
38.88472
38.87699
38.91391
38.84968
38.89132
38.92489
38.87996
38.9083
38.90102
38.86751
38.90088
38.8666
38.87456
38.90426
38.89067
38.8513
38.81511
38.8848
38.90546
38.86021
38.84539
38.83784
38.8689
38.84664
38.83395
38.84628
38.80339
38.79372
38.76214
38.76778
38.78697
38.7678
38.78699
38.85449
38.858
38.86196
38.87826
38.85183
38.82843
38.8315
38.82685
38.84159
38.76077
38.76079
38.74332
38.77916
38.8255
38.78425
38.76666
38.73732
38.72946
38.88654
38.89469
38.86422
38.8869
38.82343
38.83485
38.81032
38.82552
38.81511
38.84486
38.86709
38.82679
38.76111
38.75494
38.77508
38.77707
38.75602
38.74353
38.74481
38.76117
38.72564
38.72253
38.72307
38.72049
38.87357
38.87063
38.81701
38.86591
38.85915
38.81521
38.80936
38.8525
38.85
38.81145
38.77572
38.77536
38.70823
38.7102
38.71235
38.71107
38.70314
38.71478
38.70858
38.70387
38.73068
38.71846
38.81483
38.79612
38.83299
38.82765
38.79011
38.74417
38.7958
38.68763
38.67722
38.68413
38.69186
38.68204
38.67669
38.61948
38.61733
38.72499
38.71082
38.68028
38.71766
38.73139
38.71368
38.6551
38.62019
38.64363
38.61871
38.58571
38.56485
38.56667
38.5651
38.55037
38.53873
38.56248
38.52634
38.64961
38.62492
38.64434
38.60475
38.57869
38.60986
38.62832
38.61068
38.57249
38.57386
38.57764
38.48696
38.44651
38.48443
38.48696
38.4465
38.51884
38.46077
38.49262
38.50124
38.58256
38.5417
38.51374
38.56163
38.51136
38.55792
38.52506
38.577
38.57182
38.54202
38.49318
38.5252
38.52943
38.52453
38.48258
38.48382
38.45651
38.45278
38.44326
38.45657
38.39267
38.42551
38.45767
38.45849
38.47578
38.42601
38.45849
38.45766
38.49329
38.52646
38.47068
38.45724
38.51024
38.49658
38.49487
38.43514
38.48337
38.43535
38.48443
38.47751
38.49927
38.47194
38.47902
38.47461
38.45043
38.47223
38.45458
38.44926
38.45753
38.46675
38.40302
38.85228
38.82929
38.82413
38.88064
38.84227
38.89895
38.87202
38.9142
38.89694
38.86918
38.88475
38.82324
38.85352
38.80018
38.86053
38.88584
38.8761
38.87019
38.84373
38.82895
38.87693
38.83218
38.82776
38.87538
38.87146
38.8663
38.83284
38.82229
38.75512
38.78281
38.83327
38.7903
38.85095
38.81294
38.81442
38.79468
38.79824
38.81715
38.85017
38.8321
38.85364
38.85071
38.87343
38.84841
38.87371
38.888
38.86331
38.85008
38.8771
38.87131
38.85222
38.87418
38.8336
38.80231
38.8067
38.82792
38.75631
38.79057
38.7898
38.84894
38.8352
38.85101
38.79051
38.79503
38.76529
38.77919
38.82558
38.76669
38.78433
38.73732
38.72946
38.8783
38.88568
38.84952
38.85577
38.81073
38.8566
38.86672
38.82127
38.79713
38.82885
38.80403
38.8429
38.85307
38.86701
38.87116
38.82461
38.78975
38.82397
38.79251
38.75602
38.74358
38.74489
38.76116
38.76122
38.75511
38.77528
38.77733
38.72563
38.72269
38.72049
38.72329
38.78944
38.7931
38.76904
38.76604
38.81374
38.78525
38.80775
38.77977
38.7712
38.77601
38.77566
38.70825
38.71041
38.71259
38.71109
38.70318
38.71502
38.70391
38.70883
38.74996
38.75097
38.72785
38.70443
38.75791
38.75052
38.7285
38.71194
38.73513
38.68416
38.6921
38.68228
38.67672
38.68792
38.6775
38.61949
38.61754
38.66115
38.6644
38.71554
38.70373
38.66767
38.6986
38.68413
38.66775
38.70438
38.74753
38.73068
38.65568
38.59809
38.62238
38.58799
38.59018
38.55037
38.56247
38.53879
38.52634
38.61891
38.58586
38.56684
38.56509
38.56498
38.6186
38.56932
38.57141
38.61294
38.56094
38.57301
38.58971
38.57892
38.60127
38.61241
38.59646
38.62142
38.5777
38.57107
38.54436
38.60648
38.57436
38.52992
38.56532
38.60346
38.55759
38.59028
38.58084
38.55172
38.53737
38.593
38.58257
38.53756
38.51949
38.59797
38.608
38.58956
38.55501
38.55378
38.49338
38.51694
38.48307
38.49763
38.50125
38.49263
38.51886
38.46076
38.5781
38.55452
38.58014
38.53203
38.52678
38.44834
38.53158
38.5014
38.47339
38.54305
38.51869
38.50517
38.46771
38.4509
38.44412
38.50675
38.45019
38.53658
38.51827
38.5253
38.44797
38.49663
38.43895
38.85969
38.87088
38.86958
38.88198
38.86196
38.8532
38.87422
38.86432
38.85931
38.86825
38.81068
38.8564
38.82251
38.85996
38.8286
38.8607
38.83997
38.86298
38.8727
38.88822
38.8908
38.86282
38.8632
38.85525
38.86616
38.8784
38.86717
38.8706
38.87257
38.85101
38.86881
38.86297
38.83788
38.8496
38.82739
38.83039
38.83114
38.79208
38.80726
38.74193
38.81025
38.74644
38.84134
38.86326
38.84774
38.86431
38.82974
38.81846
38.83418
38.85105
38.82758
38.84853
38.82463
38.86038
38.85881
38.83096
38.82864
38.82962
38.80719
38.81912
38.84436
38.84548
38.82441
38.80278
38.82164
38.80672
38.79555
38.80812
38.79677
38.77779
38.80768
38.79053
38.80189
38.74698
38.80402
38.74972
38.81411
38.81363
38.8034
38.79493
38.79329
38.74436
38.7909
38.73105
38.73098
38.71877
38.80887
38.82807
38.80153
38.82078
38.77296
38.76356
38.77628
38.76886
38.78468
38.74732
38.80379
38.79751
38.77789
38.79559
38.78667
38.73938
38.77599
38.76926
38.75598
38.78285
38.7648
38.77528
38.76015
38.77976
38.77136
38.73546
38.7664
38.72335
38.76893
38.71289
38.76052
38.70791
38.7237
38.70017
38.71541
38.65512
38.7016
38.73162
38.62603
38.67661
38.74158
38.74752
38.73974
38.7531
38.69176
38.71265
38.71964
38.71417
38.70301
38.69352
38.68991
38.66554
38.59083
38.62662
38.63718
38.64849
38.63091
38.87712
38.86335
38.89005
38.59259
38.86448
38.8777
38.88187
38.87307
38.88192
38.59578
38.5128
38.86462
38.87778
38.87729
38.86383
38.8902
38.5925
38.51271
38.74224
38.7359
)
;
        Tnbr            T;
        thicknessLayers 0();
        kappaLayers     0();
        kappaMethod     solidThermo;
        kappa           none;
        alphaAni        Anialpha;
    }
}


// ************************************************************************* //
