/*--------------------------------*- C++ -*----------------------------------*\
| =========                 |                                                 |
| \\      /  F ield         | OpenFOAM: The Open Source CFD Toolbox           |
|  \\    /   O peration     | Version:  5.x                                   |
|   \\  /    A nd           | Web:      www.OpenFOAM.org                      |
|    \\/     M anipulation  |                                                 |
\*---------------------------------------------------------------------------*/
FoamFile
{
    version     2.0;
    format      ascii;
    class       volScalarField;
    location    "40/tumor";
    object      T;
}
// * * * * * * * * * * * * * * * * * * * * * * * * * * * * * * * * * * * * * //

dimensions      [0 0 0 1 0 0 0];

internalField   nonuniform List<scalar> 
1504
(
38.55901
38.76545
38.83388
38.66673
39.23431
39.34031
38.9885
38.72121
39.39309
39.53155
39.06949
38.65777
39.3529
39.49276
39.02587
38.55358
39.23175
39.37232
38.92665
38.40288
39.02604
39.17709
38.7623
38.19412
38.74312
38.89094
38.475
38.39625
38.52754
38.14571
37.99786
38.12528
38.76552
39.34134
39.48983
39.08619
39.23393
39.95207
40.10036
39.65765
38.78879
39.39286
40.11809
40.26456
39.82596
38.84321
39.35268
40.07946
40.22586
39.78651
38.83156
39.23146
39.95728
40.10305
39.66579
38.72979
39.02568
39.75293
39.89908
39.46269
38.55241
38.74306
39.46135
39.60774
39.17055
38.29353
38.39633
39.08858
39.23181
38.80216
37.99792
38.63271
38.77506
38.34451
38.12145
38.23608
37.91473
37.78517
38.83375
39.48972
39.62749
39.21134
39.34005
40.10024
40.24878
39.80203
38.90764
39.53131
40.26446
40.41194
39.97041
38.93706
38.55888
39.49251
40.22576
40.37354
39.93105
38.91849
39.37208
40.10293
40.24984
39.81009
38.81583
39.17686
39.89896
40.04484
39.60998
38.65634
38.89077
39.60767
39.75413
39.31921
38.44947
38.52741
39.23168
39.37936
38.94307
38.15416
38.12519
38.77494
38.92729
38.46838
38.23601
38.40626
37.97905
37.78513
37.88273
39.08606
39.21127
38.77703
38.98835
39.65746
39.80208
39.35844
38.64923
39.06933
39.82577
39.97046
39.52706
38.60384
39.02571
39.78632
39.93107
39.48438
38.56728
38.92649
39.66559
39.81004
39.37087
38.47719
38.76214
39.4625
39.6099
39.17454
38.33342
38.47486
39.17039
39.31907
38.84446
38.1456
38.80201
38.94298
38.5308
38.34439
38.46835
38.02467
37.91465
37.97904
38.78865
38.90748
38.64935
38.84305
38.9369
38.60424
38.83139
38.91833
38.56778
38.72963
38.81568
38.4776
38.55226
38.6562
38.33364
38.29341
38.44938
38.1541
38.71241
38.71242
38.6493
38.68984
38.78883
38.90775
38.91513
39.01438
38.90778
38.78887
39.01441
38.91514
38.64928
38.68983
38.6039
38.59721
38.543
38.84315
38.93717
38.85813
38.93686
38.543
38.9372
38.84315
38.93688
38.85813
38.6039
38.59724
38.56735
38.53016
38.55899
38.48395
38.83151
38.91858
38.79796
38.8803
38.48397
38.91862
38.83149
38.88033
38.79795
38.56739
38.5302
38.47726
38.41322
38.72979
38.81596
38.63894
38.74882
38.816
38.72977
38.74886
38.63893
38.4773
38.41325
38.33348
38.24853
38.55246
38.65647
38.44891
38.55369
38.65652
38.55245
38.55373
38.44891
38.33351
38.24855
38.29355
38.44957
38.18084
38.32589
38.44959
38.29354
38.32591
38.18085
38.15423
38.15426
38.78828
38.85556
38.8556
38.78842
38.73149
38.77707
38.7315
39.12025
38.83385
39.01483
39.13011
39.08612
39.21134
39.39377
39.55774
38.7656
39.13011
39.01504
39.21137
39.08641
39.55762
39.39451
38.7315
38.7771
39.12026
38.73155
38.64941
38.69016
38.9885
38.75353
39.10576
38.98859
39.35849
39.10679
39.51302
38.66677
39.10576
38.75358
39.35842
38.98869
39.51296
39.1069
38.64942
38.69019
38.6043
38.59772
39.06948
38.69767
39.05397
39.07102
39.52709
39.05576
39.51482
38.72124
39.054
38.69773
39.5271
39.07107
39.51485
39.05579
38.60432
38.59775
38.56785
38.53065
39.02583
38.60449
38.98173
39.0277
39.48438
38.9835
39.43649
38.65782
38.98179
38.60453
39.48445
39.02771
39.43657
38.9835
38.56787
38.53066
38.47766
38.41352
38.92662
38.48872
38.85406
38.9281
39.37084
38.85514
39.28527
38.55361
38.85409
38.48877
39.37095
38.9281
39.28536
38.85514
38.47767
38.41352
38.33369
38.24868
38.76228
38.30567
38.64191
38.76295
39.17451
38.64222
39.03052
38.40291
38.64192
38.30571
39.17461
38.76295
39.0306
38.64222
38.33369
38.24868
38.47502
38.28341
38.47511
38.84445
38.28333
38.69759
38.8909
38.58758
38.70188
39.17035
39.31921
38.99838
39.14108
38.74312
38.70184
38.58758
39.31928
39.17033
39.14113
38.99835
38.19411
38.28335
38.84448
38.4751
38.6976
38.28333
38.14574
37.99469
38.14571
38.53082
37.9947
38.31466
38.52755
38.19066
38.3362
38.80158
38.9431
38.56549
38.72103
38.39627
38.33619
38.19072
38.94316
38.80154
38.72107
38.56546
37.99468
38.53083
38.14573
38.31465
37.99475
38.02472
37.89033
38.12529
37.93545
38.34438
38.4684
38.10418
38.23896
37.9979
37.9354
38.46844
38.34431
38.23899
38.10414
38.02468
37.89028
37.91481
37.97907
37.80422
37.97906
37.91483
37.80421
38.78837
38.85554
39.00881
39.0842
39.08417
39.17398
39.08422
39.00885
39.17401
39.08422
38.78832
38.85558
38.7123
39.08637
39.01486
39.39454
38.83375
39.21127
39.12986
39.5575
38.76548
39.39392
39.01478
39.21137
38.83383
39.5578
39.13001
38.71234
38.7888
38.91521
38.90758
39.01423
38.9152
38.90761
39.01425
38.84321
38.8582
38.937
38.54293
38.9367
38.85819
38.93705
38.93675
38.54299
38.83158
38.79802
38.55892
38.91842
38.48388
38.88014
38.798
38.91848
38.55899
38.88018
38.48394
38.72982
38.63894
38.81579
38.74867
38.63889
38.81583
38.74868
38.55244
38.4489
38.65632
38.55358
38.44889
38.65633
38.55359
38.29354
38.18084
38.44948
38.32582
39.17048
38.58756
38.99901
38.89073
39.31905
38.70177
39.14101
38.74308
38.99893
38.58757
39.31914
38.89075
39.14108
38.70177
38.18082
38.44949
38.32583
38.15417
38.80218
38.19075
38.56586
38.52748
38.94301
38.33615
38.72096
38.39639
38.5659
38.19087
38.94308
38.52749
38.72102
38.33617
38.15418
38.34456
38.10427
38.12526
38.46837
37.93542
38.23894
37.99802
38.10412
38.46841
38.12531
38.23897
37.93548
37.91486
37.97905
37.8042
38.23603
37.80575
37.98163
38.236
38.40618
37.98161
38.11216
38.12136
37.98157
37.80584
38.40623
38.23598
38.11218
37.98163
37.97905
37.80421
37.78526
37.78524
37.88272
37.88273
37.78524
38.85552
38.78833
39.08416
39.17397
39.00875
39.08415
39.174
39.0842
39.08417
39.0088
38.85555
38.78826
38.71228
39.21124
39.1299
39.55745
38.76548
39.08627
39.01488
39.39435
38.83381
39.55774
39.13003
39.0861
38.76541
39.39374
39.01477
38.71234
38.9076
39.01423
38.78873
38.91499
39.01426
38.78875
38.91503
38.93701
38.54287
38.9367
38.84299
38.85796
38.93677
38.54295
38.84305
38.85802
38.91843
38.48384
38.88014
38.83132
38.79778
38.55897
38.88021
38.48391
38.83138
38.79782
38.81582
38.74869
38.72961
38.63878
38.74869
38.72964
38.63881
38.65636
38.55358
38.5523
38.44878
38.55359
38.55233
38.44881
38.44946
38.32579
38.29342
38.18073
39.31912
38.70169
39.14098
38.74296
39.17016
38.58744
38.99819
38.89079
39.14116
38.70179
39.17029
38.74302
38.99835
38.5875
38.32579
38.29345
38.18077
38.15416
38.943
38.33607
38.72093
38.39614
38.80139
38.1906
38.56532
38.5275
38.72094
38.33617
38.80153
38.39622
38.56544
38.19071
38.46834
37.93533
38.2389
37.9978
38.34419
38.10404
38.12531
38.23899
37.93549
38.3443
37.99794
38.10411
37.97899
37.80415
37.91474
38.40619
37.98152
38.11214
38.12128
38.23592
37.80577
37.98157
38.23599
38.11219
37.98162
38.23596
38.12129
37.9816
37.80579
37.80416
37.91476
37.8827
37.7852
37.78525
37.78523
38.78822
38.8555
38.85552
38.78835
38.77698
38.73138
39.12012
38.73142
39.21125
39.39376
39.55764
38.76536
38.8337
39.01462
39.12981
39.08635
39.55751
39.39452
38.83371
38.76547
39.12979
39.01481
39.12021
38.73143
38.73144
38.64916
38.6897
39.35825
39.1056
39.51279
38.66664
38.98854
38.75345
39.10673
38.98844
39.51298
39.10569
38.98853
38.66667
39.10672
38.75347
38.68977
38.60378
38.59711
39.52693
39.05384
39.51467
38.72111
39.07091
38.6976
39.05563
39.0694
39.51483
39.05389
39.07094
38.72114
39.05568
38.69763
38.59714
38.56726
38.53007
39.48427
38.98162
39.43639
38.65769
39.02754
38.6044
38.98334
39.02575
39.43653
38.98165
39.02761
38.65771
38.98342
38.60446
38.53008
38.47717
38.41312
39.37077
38.85393
39.28517
38.55348
38.92793
38.48864
38.85498
38.92654
39.28534
38.85399
38.92802
38.55354
38.85507
38.48872
38.41314
38.33339
38.24843
39.17443
38.64177
39.03043
38.40278
38.76279
38.30558
38.64207
38.76221
39.03056
38.64187
38.76289
38.40286
38.64218
38.30569
38.24846
38.84433
38.28322
38.69745
38.194
38.47497
38.28321
39.319
38.99878
39.14094
38.74292
38.89058
38.58743
38.70163
39.17044
39.1411
38.99898
38.89063
38.74297
38.70169
38.58749
38.47501
38.6976
38.28342
38.47509
38.19413
38.28334
38.53069
37.99457
38.31452
38.14562
37.99465
38.94293
38.56576
38.72089
38.39626
38.52736
38.19075
38.33606
38.80213
38.72088
38.5658
38.52742
38.3963
38.33612
38.1908
38.14577
38.3146
37.99475
38.14574
37.99476
38.02458
37.89019
38.46831
38.10402
38.23888
37.99793
38.12522
37.93541
38.34448
38.23896
38.10419
38.12528
37.998
37.93546
37.89026
37.97898
37.80415
37.91481
37.80414
38.7122
38.71223
38.6493
38.69006
38.90743
38.91504
39.01408
38.78872
39.01412
38.91511
38.69009
38.60419
38.59761
38.93687
38.85802
38.93657
38.54287
38.84311
38.93661
38.85809
38.54288
38.59765
38.56773
38.53053
38.91829
38.79783
38.88001
38.55886
38.48382
38.83145
38.88006
38.79789
38.5589
38.48384
38.53057
38.47754
38.41339
38.81565
38.63874
38.74851
38.72968
38.74854
38.63881
38.41344
38.33357
38.24857
38.65617
38.44875
38.55345
38.55232
38.55348
38.44881
38.24862
38.44937
38.18071
38.32571
38.29345
38.32572
38.18077
38.15408
39.34025
39.37835
39.50868
39.65725
39.80209
39.80254
39.94608
39.23447
39.50874
39.37842
39.8022
39.65796
39.94618
39.80281
39.53151
39.38291
39.52256
39.82523
39.97052
39.81613
39.96182
39.39313
39.52264
39.3829
39.97061
39.82533
39.96188
39.81619
39.4927
39.30196
39.44138
39.78564
39.93113
39.73504
39.88009
39.3529
39.44151
39.30192
39.9312
39.78565
39.88015
39.73504
39.37227
39.14114
39.2853
39.66514
39.81014
39.57526
39.72098
39.23172
39.28538
39.14107
39.81019
39.66513
39.72102
39.57524
39.17702
38.87462
39.04511
39.46257
39.61003
39.32564
39.47565
39.02602
39.04527
38.87462
39.6101
39.46252
39.47572
39.32562
39.4898
39.70093
39.85254
39.48974
39.62748
39.8524
39.99993
39.34139
39.85252
39.70099
39.62752
39.48985
39.99999
39.85262
39.65828
39.37811
39.80325
39.33988
39.80212
39.50841
39.9461
40.1002
40.0938
40.23999
40.10032
40.24877
40.24017
40.38742
39.9521
40.24023
40.09375
40.24884
40.10021
40.38748
40.24
39.23391
39.80303
39.37811
39.80215
39.33996
39.94608
39.50844
39.82604
39.38269
39.81698
39.53127
39.97053
39.52232
39.96182
40.26447
40.10981
40.25626
40.26462
40.41194
40.25638
40.40395
40.11813
40.2563
40.10984
40.41201
40.2645
40.404
40.25632
39.39286
39.81702
39.38265
39.97053
39.53125
39.96182
39.52229
39.78645
39.30174
39.73575
39.49246
39.93111
39.44116
39.88004
40.22579
40.02844
40.17437
40.22591
40.37354
40.17446
40.32185
40.07944
40.17452
40.02828
40.37359
40.22585
40.3219
40.17442
39.35266
39.73593
39.30169
39.93114
39.49241
39.88009
39.44111
39.66569
39.14074
39.57552
39.37202
39.81006
39.28504
39.7209
40.10297
39.86598
40.01161
40.10302
40.24984
40.01167
40.15777
39.95722
40.01165
39.86592
40.24988
40.10298
40.15781
40.01163
39.23142
39.57559
39.14065
39.81012
39.37195
39.72096
39.285
39.46259
38.87445
39.32557
39.17675
39.60993
39.0449
39.47556
39.89906
39.61744
39.7641
39.89918
40.04483
39.76438
39.91017
39.75292
39.76423
39.61737
40.0449
39.8991
39.91024
39.76434
39.02565
39.32583
38.87446
39.61002
39.17671
39.47565
39.0449
39.60763
39.28575
39.42995
39.60776
39.75401
39.42994
39.57679
39.46123
39.43019
39.28545
39.75412
39.6077
39.5769
39.42988
39.23175
38.86931
39.01297
39.23165
39.37922
39.01286
39.16204
39.08852
39.01296
38.86943
39.37936
39.23157
39.16213
39.01282
38.77501
38.36953
38.51902
38.77494
38.92713
38.51898
38.67561
38.63265
38.51923
38.36928
38.92722
38.77486
38.67567
38.5189
39.62746
39.85237
39.9999
39.34126
39.48974
39.70082
39.85247
39.48982
39.99997
39.85257
39.48976
39.34133
39.85244
39.70093
39.80204
39.5085
39.94601
39.23428
39.65778
39.37822
39.80262
40.24874
40.24011
40.38736
39.95193
40.10009
40.09358
40.23989
40.10017
40.38747
40.23993
40.10029
39.95203
40.24012
40.09366
39.3401
39.94601
39.5085
39.65718
39.23421
39.80245
39.37821
39.97045
39.52239
39.96172
39.39292
39.82514
39.3827
39.816
40.41191
40.25621
40.40391
40.11797
40.26441
40.10968
40.25623
40.26441
40.40395
40.2562
40.26458
40.11803
40.25634
40.10972
39.5313
39.96173
39.52234
39.82513
39.39292
39.81603
39.38269
39.93103
39.44126
39.87997
39.35269
39.78546
39.30171
39.73485
40.37351
40.17441
40.32182
40.07928
40.22577
40.02812
40.17432
40.22572
40.32188
40.17427
40.22586
40.07929
40.17439
40.0281
39.49246
39.88008
39.44113
39.78552
39.35268
39.73492
39.3017
39.81
39.28514
39.72084
39.23152
39.66493
39.14088
39.57505
40.24982
40.01152
40.15774
39.95706
40.10289
39.86575
40.01152
40.10287
40.15773
40.0115
40.10295
39.95703
40.01159
39.86573
39.37202
39.72098
39.28507
39.66502
39.23151
39.57514
39.14088
39.60992
39.04506
39.47555
39.02583
39.46233
38.87444
39.32545
40.04479
39.76415
39.91014
39.75275
39.899
39.61723
39.76427
39.89893
39.91031
39.76405
39.89908
39.75272
39.76435
39.61725
39.17681
39.47564
39.04495
39.46244
39.02586
39.32556
38.87449
39.75405
39.43009
39.57682
39.4611
39.60765
39.28531
39.42979
39.60761
39.57693
39.42987
39.60775
39.46114
39.42987
39.28534
39.37927
39.01283
39.16205
39.08837
39.23144
38.86928
39.01268
39.23164
39.16233
39.01286
39.23154
39.08837
39.01276
38.86928
38.92715
38.51914
38.67561
38.63252
38.77474
38.36918
38.51881
38.77489
38.67576
38.51892
38.77482
38.63253
38.51887
38.36919
39.80199
39.80285
39.94592
39.23371
39.33972
39.37792
39.50821
39.65822
39.94606
39.80316
39.33974
39.23383
39.50825
39.37797
39.97038
39.81682
39.96168
39.39265
39.53103
39.38244
39.52207
39.82594
39.96178
39.81687
39.53108
39.39269
39.52212
39.38248
39.93099
39.73574
39.87992
39.35245
39.49218
39.30148
39.44088
39.78633
39.88006
39.73563
39.49224
39.35246
39.44093
39.30149
39.80995
39.5754
39.72079
39.23122
39.37172
39.14046
39.28477
39.66558
39.72093
39.5754
39.37178
39.23122
39.28482
39.14048
39.60985
39.32565
39.47549
39.02547
39.1765
38.87429
39.04471
39.46248
39.47555
39.3255
39.17655
39.02549
39.04475
38.87432
)
;

boundaryField
{
    tumor_to_gland
    {
        type            compressible::turbulentTemperatureCoupledBaffleMixed;
        refValue        nonuniform List<scalar> 
1228
(
38.01762
38.01762
38.12853
38.12853
38.12853
38.12853
37.8492
37.8492
37.8492
37.8492
37.95757
37.95757
37.95757
37.95757
38.42098
38.42098
38.42098
38.50287
38.50287
38.50287
38.50287
38.42237
38.42237
38.42237
38.21866
38.21866
38.21866
38.21866
37.86279
37.86279
37.86279
37.86279
37.80877
37.80877
37.80877
37.64119
37.64119
37.73275
37.73275
37.73275
37.73275
37.73275
38.61349
38.61349
38.61349
38.61349
38.32333
38.32333
38.32333
38.32333
38.01766
38.01766
37.84923
37.84923
37.84923
37.84923
37.91693
37.91693
37.91693
37.63067
37.63067
37.64121
37.64121
37.53371
37.53371
37.53371
38.42091
38.42091
38.42091
38.4763
38.4763
38.12845
38.12845
38.12845
38.12845
37.9575
37.9575
37.9575
37.9575
38.02635
38.02635
38.02635
38.02635
38.02635
38.02635
37.7332
37.73269
37.73269
37.73269
37.73269
37.73269
37.60914
37.60914
37.37519
38.6134
38.6134
38.6134
38.6134
38.3569
38.50277
38.50277
38.50277
38.50277
38.28767
38.28767
38.11922
38.11922
38.11922
37.72987
37.72987
37.72987
37.80868
37.80868
37.80868
37.7201
37.7201
37.53365
37.53365
37.53365
37.60912
37.60912
38.32324
38.32324
38.32324
38.32324
38.47623
38.47623
38.2879
38.2879
38.11945
38.11945
38.11945
37.91684
37.91684
37.91684
38.0263
38.0263
38.0263
38.0263
38.0263
38.0263
37.72993
37.72993
37.72993
37.63059
37.63059
37.73316
38.26938
38.26938
38.2694
38.2694
38.22101
38.22101
38.08971
38.08971
38.08971
38.32329
38.32329
38.32329
38.32329
38.47636
38.47636
38.52348
38.52348
38.52348
38.52348
38.52348
38.0897
38.0897
38.0897
38.47635
38.47635
38.32333
38.32333
38.32333
38.32333
38.52347
38.52347
38.52347
38.52347
38.52347
38.22101
38.22101
38.28771
38.28771
37.9403
37.9403
37.9403
38.24037
38.24037
38.24037
38.12851
38.12851
38.12851
38.12851
37.97063
37.97063
37.97063
37.97063
38.0773
38.0773
38.0773
38.01763
38.01763
38.0773
38.0773
38.0773
37.97063
37.97063
37.97063
37.97063
38.2877
38.2877
38.24041
38.24041
38.24041
37.94034
37.94034
37.94034
38.11924
38.11924
38.11924
37.87697
37.87697
37.87697
37.95756
37.95756
37.95756
37.95756
37.76924
37.76924
37.76924
38.14749
38.14749
38.14749
38.14749
38.14749
38.14749
38.14749
38.14749
37.84919
37.84919
37.84919
37.84919
37.76923
37.76923
37.76923
38.14748
38.14748
38.14748
38.14748
38.14748
38.14748
38.14748
38.14748
38.11927
38.11927
38.11927
37.877
37.877
37.877
37.72989
37.72989
37.72989
37.91689
37.91689
37.91689
38.0264
38.0264
38.0264
38.0264
38.0264
38.0264
37.77019
37.77019
37.86702
37.86702
37.86702
38.02641
38.02641
38.02641
38.02641
38.02641
38.02641
37.91692
37.91692
37.91692
37.86703
37.86703
37.86703
37.7702
37.7702
37.72987
37.72987
37.72987
37.63068
37.63068
37.73325
37.5945
37.73326
37.63066
37.63066
37.59449
38.35991
38.35992
38.30715
38.30715
38.35692
38.30717
38.30717
38.42095
38.42095
38.42095
38.57167
38.57167
38.57167
38.57167
38.57167
38.61346
38.61346
38.61346
38.61346
38.57178
38.57178
38.57178
38.57178
38.57178
38.61357
38.61357
38.61357
38.61357
38.30717
38.30717
38.35693
38.30717
38.30717
38.22111
38.22111
38.50285
38.50285
38.50285
38.50285
38.3432
38.3432
38.50288
38.50288
38.50288
38.50288
38.34324
38.34324
38.50292
38.50292
38.50292
38.50292
38.22112
38.22112
37.94038
37.94038
37.94038
38.28794
38.28794
38.24065
38.24065
38.24065
38.42236
38.42236
38.42236
37.94041
37.94041
37.94041
38.28795
38.28795
38.24067
38.24067
38.24067
38.11947
38.11947
38.11947
37.87707
37.87707
37.87707
38.00025
38.00025
38.00025
38.21866
38.21866
38.21866
38.21866
38.00029
38.00029
38.00029
38.11949
38.11949
38.11949
37.8771
37.8771
37.8771
37.72995
37.72995
37.72995
37.97461
37.97461
37.97461
37.97461
37.97463
37.97463
37.97463
37.97463
37.86277
37.86277
37.86277
37.86277
37.97453
37.97453
37.97453
37.97453
37.97465
37.97465
37.97465
37.97465
37.72997
37.72997
37.72997
37.80882
37.80882
37.80882
37.62893
37.80883
37.80883
37.80883
37.62893
37.83994
37.83994
37.83994
37.83994
37.83994
37.84006
37.84006
37.84006
37.84006
37.84006
37.62885
37.80885
37.80885
37.80885
37.62898
37.7328
37.7328
37.7328
37.7328
37.7328
37.55075
37.55075
37.55075
37.74632
37.74632
37.74632
37.74632
37.64125
37.64125
37.55063
37.55063
37.55063
37.74632
37.74632
37.74632
37.74632
37.53376
37.53376
37.53376
37.60916
37.60916
37.60916
37.60916
37.53378
37.53378
37.53378
38.35989
38.45438
38.45438
38.45438
38.56837
38.56837
38.56836
38.56836
38.68275
38.56838
38.56838
38.45441
38.45441
38.45441
38.68277
38.56838
38.56838
38.35991
38.26933
38.26933
38.61351
38.61351
38.61351
38.61351
38.57171
38.57171
38.57171
38.57171
38.57171
38.42091
38.42091
38.42091
38.5717
38.5717
38.5717
38.5717
38.5717
38.42095
38.42095
38.42095
38.26935
38.26935
38.32331
38.32331
38.32331
38.32331
38.52356
38.52356
38.52356
38.52356
38.52356
38.47628
38.47628
38.08968
38.08968
38.08968
38.52355
38.52355
38.52355
38.52355
38.52355
38.47631
38.47631
38.08968
38.08968
38.08968
37.97067
37.97067
37.97067
37.97067
38.12847
38.12847
38.12847
38.12847
38.07726
38.07726
38.07726
38.01768
38.01768
37.97071
37.97071
37.97071
37.97071
38.12853
38.12853
38.12853
38.12853
38.07733
38.07733
38.07733
38.14756
38.14756
38.14756
38.14756
38.14756
38.14756
38.14756
38.14756
37.95752
37.95752
37.95752
37.95752
37.76921
37.76921
37.76921
37.84925
37.84925
37.84925
37.84925
38.14754
38.14754
38.14754
38.14754
38.14754
38.14754
38.14754
38.14754
37.95758
37.95758
37.95758
37.95758
37.76921
37.76921
37.76921
37.91691
37.91691
37.91691
37.7702
37.7702
38.02635
38.02635
38.02635
38.02635
38.02635
38.02635
37.86698
37.86698
37.86698
37.77019
37.77019
38.02638
38.02638
38.02638
38.02638
38.02638
38.02638
37.86697
37.86697
37.86697
37.63068
37.63068
37.73322
37.59446
37.83997
37.83997
37.83997
37.83997
37.83997
37.84016
37.84016
37.84016
37.84016
37.84016
37.73323
37.5945
37.74635
37.74635
37.74635
37.74635
37.73278
37.73278
37.73278
37.73278
37.73278
37.55073
37.55073
37.55073
37.64134
37.64134
37.74613
37.74613
37.74613
37.74613
37.73286
37.73286
37.73286
37.73286
37.73286
37.55082
37.55082
37.55082
37.53377
37.53377
37.53377
37.60914
37.60914
37.4236
37.60354
37.60354
37.60354
37.60352
37.60352
37.60352
37.60342
37.60342
37.60342
37.42368
37.60352
37.60352
37.60352
37.60916
37.60916
37.37521
37.37525
38.35988
38.56834
38.56834
38.68274
38.45436
38.45436
38.45436
38.56833
38.56833
38.68275
38.56836
38.56836
38.56835
38.56835
38.45437
38.45437
38.45437
38.35989
38.26932
38.26932
38.61348
38.61348
38.61348
38.61348
38.57168
38.57168
38.57168
38.57168
38.57168
38.4209
38.4209
38.4209
38.61343
38.61343
38.61343
38.61343
38.57163
38.57163
38.57163
38.57163
38.57163
38.26935
38.26935
38.47625
38.47625
38.08963
38.08963
38.08963
38.32323
38.32323
38.32323
38.32323
38.52336
38.52336
38.52336
38.52336
38.52336
38.08966
38.08966
38.08966
38.32324
38.32324
38.32324
38.32324
38.52341
38.52341
38.52341
38.52341
38.52341
38.07722
38.07722
38.07722
38.01755
38.01755
37.97055
37.97055
37.97055
37.97055
38.12849
38.12849
38.12849
38.12849
38.0773
38.0773
38.0773
38.0176
38.0176
37.97061
37.97061
37.97061
37.97061
37.76917
37.76917
37.76917
37.84911
37.84911
37.84911
37.84911
38.14737
38.14737
38.14737
38.14737
38.14737
38.14737
38.14737
38.14737
37.95754
37.95754
37.95754
37.95754
37.76919
37.76919
37.76919
37.84915
37.84915
37.84915
37.84915
38.14742
38.14742
38.14742
38.14742
38.14742
38.14742
38.14742
38.14742
38.02632
38.02632
38.02632
38.02632
38.02632
38.02632
37.86695
37.86695
37.86695
37.91683
37.91683
37.91683
37.77011
37.77011
37.86693
37.86693
37.86693
37.91685
37.91685
37.91685
37.77015
37.77015
37.73319
37.59443
37.63058
37.63058
37.83997
37.83997
37.83997
37.83997
37.83997
37.84014
37.84014
37.84014
37.84014
37.84014
37.59444
37.63064
37.63064
37.55058
37.55058
37.55058
37.64117
37.64117
37.74624
37.74624
37.74624
37.74624
37.73283
37.73283
37.73283
37.73283
37.73283
37.55082
37.55082
37.55082
37.64135
37.64135
37.74627
37.74627
37.74627
37.74627
37.60911
37.60911
37.53371
37.53371
37.53371
37.60338
37.60338
37.60338
37.42364
37.60348
37.60348
37.60348
37.60352
37.60352
37.60352
37.60351
37.60351
37.60351
37.42367
37.53371
37.53371
37.53371
37.37523
38.35986
38.35987
38.35686
38.30708
38.30708
38.30709
38.30709
38.42088
38.42088
38.42088
38.5716
38.5716
38.5716
38.5716
38.5716
38.61348
38.61348
38.61348
38.61348
38.42086
38.42086
38.42086
38.57166
38.57166
38.57166
38.57166
38.57166
38.3071
38.3071
38.30711
38.30711
38.22092
38.22092
38.50282
38.50282
38.50282
38.50282
38.34314
38.34314
38.50279
38.50279
38.50279
38.50279
38.50281
38.50281
38.50281
38.50281
38.34315
38.34315
38.22097
38.22097
38.2876
38.2876
38.2403
38.2403
38.2403
37.94025
37.94025
37.94025
38.42225
38.42225
38.42225
38.4223
38.4223
38.4223
38.24034
38.24034
38.24034
37.94026
37.94026
37.94026
38.11917
38.11917
38.11917
37.87692
37.87692
37.87692
38.21856
38.21856
38.21856
38.21856
38.00019
38.00019
38.00019
38.21865
38.21865
38.21865
38.21865
38.0003
38.0003
38.0003
37.87696
37.87696
37.87696
37.72979
37.72979
37.72979
37.97443
37.97443
37.97443
37.97443
37.86267
37.86267
37.86267
37.86267
37.97455
37.97455
37.97455
37.97455
37.97466
37.97466
37.97466
37.97466
37.86283
37.86283
37.86283
37.86283
37.97467
37.97467
37.97467
37.97467
37.62877
37.80876
37.80876
37.80876
37.6289
37.84007
37.84007
37.84007
37.84007
37.84007
37.84017
37.84017
37.84017
37.84017
37.84017
37.80885
37.80885
37.80885
37.62899
37.80886
37.80886
37.80886
37.62899
37.74605
37.74605
37.74605
37.74605
37.64127
37.64127
37.73279
37.73279
37.73279
37.73279
37.73279
37.55077
37.55077
37.55077
37.7463
37.7463
37.7463
37.7463
37.7328
37.7328
37.7328
37.7328
37.7328
37.64137
37.64137
37.55079
37.55079
37.55079
37.60911
37.60911
37.53372
37.53372
37.53372
38.26927
38.26927
38.2693
38.2693
38.22102
38.22102
38.4762
38.4762
38.52344
38.52344
38.52344
38.52344
38.52344
38.08962
38.08962
38.08962
38.32326
38.32326
38.32326
38.32326
38.52349
38.52349
38.52349
38.52349
38.52349
38.08963
38.08963
38.08963
38.22108
38.22108
38.28785
38.28785
37.94032
37.94032
37.94032
38.24056
38.24056
38.24056
38.0176
38.0176
38.12845
38.12845
38.12845
38.12845
37.97062
37.97062
37.97062
37.97062
38.07725
38.07725
38.07725
38.12846
38.12846
38.12846
38.12846
38.01764
38.01764
38.07726
38.07726
38.07726
37.97065
37.97065
37.97065
37.97065
38.24062
38.24062
38.24062
37.94034
37.94034
37.94034
38.11939
38.11939
38.11939
37.87701
37.87701
37.87701
38.14743
38.14743
38.14743
38.14743
38.14743
38.14743
38.14743
38.14743
37.84917
37.84917
37.84917
37.84917
37.9575
37.9575
37.9575
37.9575
37.76915
37.76915
37.76915
38.14749
38.14749
38.14749
38.14749
38.14749
38.14749
38.14749
38.14749
37.9575
37.9575
37.9575
37.9575
37.8492
37.8492
37.8492
37.8492
37.76916
37.76916
37.76916
37.87707
37.87707
37.87707
37.72988
37.72988
37.72988
38.02629
38.02629
38.02629
38.02629
38.02629
38.02629
37.77011
37.77011
37.8669
37.8669
37.8669
37.91687
37.91687
37.91687
37.86689
37.86689
37.86689
37.77015
37.77015
37.73316
37.59444
37.63065
37.63065
37.5944
37.72017
37.72017
37.72016
37.72016
37.72008
37.72008
)
;
        refGradient     uniform 0;
        valueFraction   nonuniform List<scalar> 
1228
(
0.3728183
0.3570388
0.456125
0.4584785
0.1450329
0.4407759
0.202841
0.402475
0.3749307
0.3673071
0.1043198
0.453334
0.4484676
0.4537796
0.3519363
0.3748516
0.3739564
0.4278627
0.7233456
0.4197593
0.5041911
0.5362914
0.5387117
0.5735135
0.6000745
0.5522824
0.5615569
0.5459027
0.2256138
0.3330238
0.5407556
0.5406831
0.3706317
0.6499769
0.2670803
0.2370126
0.498231
0.4661144
0.5999459
0.4246568
0.2361029
0.6627982
0.551867
0.2835283
0.5406488
0.5076032
0.3503648
0.2787041
0.5070174
0.3427575
0.3727362
0.3569531
0.4024137
0.2028416
0.3748534
0.3672405
0.3338523
0.3106214
0.2393863
0.416469
0.2429892
0.2370154
0.4982324
0.267908
0.3341589
0.3551684
0.3519233
0.3748499
0.3739548
0.4812285
0.2200653
0.4561085
0.4584728
0.4407535
0.1450304
0.104317
0.4533155
0.4484529
0.4537722
0.5567208
0.5958525
0.5958188
0.477636
0.5105292
0.4287964
0.141239
0.4661125
0.599936
0.2361025
0.4246563
0.6627974
0.4491432
0.1771485
0.2371056
0.283525
0.5406358
0.551855
0.5076001
0.2665736
0.7233348
0.4197524
0.4278583
0.5041864
0.3323334
0.3481571
0.3484008
0.3659814
0.3409458
0.3480817
0.1629316
0.4110004
0.3706268
0.649971
0.2670781
0.4725932
0.328966
0.2679078
0.3341586
0.3551681
0.4491423
0.1771483
0.3503582
0.5070058
0.3427516
0.2787012
0.4811858
0.2200609
0.3323231
0.3481291
0.3484085
0.3660176
0.3409464
0.3338468
0.3106187
0.2393831
0.5567156
0.5958401
0.5958038
0.5105257
0.477634
0.4287951
0.4109304
0.1629315
0.348083
0.416463
0.2429881
0.1412397
0.1969379
0.3074178
0.3074179
0.1969387
0.1859663
0.3110904
0.3262541
0.4045135
0.394601
0.3427663
0.2787668
0.3504402
0.5070533
0.2200802
0.4812445
0.4018667
0.5572392
0.4851738
0.695783
0.648898
0.3262562
0.3946038
0.4045203
0.220082
0.4812482
0.3427645
0.350445
0.2787691
0.5070658
0.6957729
0.4851726
0.6488939
0.4018629
0.5572341
0.1859719
0.3110971
0.3481599
0.3323394
0.311546
0.3136901
0.3333006
0.3751257
0.3706127
0.3950966
0.4584714
0.4561221
0.1450329
0.4407734
0.2130455
0.4169701
0.2238215
0.4120189
0.105499
0.1436917
0.1257418
0.3728257
0.3570442
0.1436917
0.105499
0.1257418
0.2238216
0.2130456
0.4169729
0.4120203
0.3481676
0.3323453
0.3751286
0.3706157
0.3950985
0.3136917
0.311552
0.3332975
0.36599
0.3484093
0.3409535
0.3147365
0.2709852
0.1890079
0.1043198
0.4533336
0.4537796
0.4484675
0.3986071
0.3866663
0.3612595
0.5704125
0.6502715
0.5262211
0.443757
0.6223376
0.7262828
0.5673881
0.7180829
0.202841
0.4024764
0.3749312
0.3673071
0.3866663
0.3986071
0.3612595
0.6502715
0.5704125
0.7262829
0.6223376
0.7180829
0.5673881
0.5262211
0.443757
0.3659914
0.3484093
0.3409535
0.3147365
0.2709852
0.1890079
0.1629335
0.3480843
0.4110049
0.3106291
0.3338518
0.2393852
0.5958229
0.5958624
0.5105326
0.5567275
0.4287987
0.4776394
0.1640309
0.2963291
0.287229
0.3345722
0.1785856
0.5958624
0.5958229
0.5567275
0.5105326
0.4776394
0.4287987
0.3106291
0.3338518
0.2393852
0.3345722
0.287229
0.1785856
0.1640309
0.2963291
0.4110049
0.1629335
0.3480843
0.4164401
0.2429881
0.1412397
0.3920032
0.1412397
0.2429881
0.4164401
0.3920032
0.1963651
0.1963669
0.3151052
0.3296924
0.2665736
0.3296969
0.3150862
0.3739554
0.3748498
0.3519364
0.3636982
0.5532705
0.6210422
0.5983029
0.6484362
0.5076012
0.2835265
0.5406369
0.5518584
0.5983079
0.3637098
0.6484553
0.5532899
0.621057
0.540642
0.2835395
0.5076088
0.5518747
0.315112
0.3297043
0.2665833
0.3296995
0.3150772
0.1859286
0.3110681
0.5041895
0.4278583
0.4197425
0.7233306
0.2744482
0.4097746
0.5043022
0.4197265
0.4278279
0.723323
0.2744524
0.4097821
0.4197124
0.5043023
0.4278337
0.723321
0.1859388
0.3110793
0.3116234
0.3137692
0.3333772
0.3481334
0.3323293
0.3751769
0.3706852
0.3951425
0.53872
0.536294
0.5735146
0.3137702
0.3116291
0.333374
0.3481493
0.332335
0.3751795
0.3706864
0.3951436
0.3660268
0.3484172
0.3409537
0.3147283
0.2709718
0.1890075
0.3861597
0.4143855
0.3498658
0.6000789
0.5615503
0.5522831
0.545904
0.4143867
0.3861604
0.3498658
0.3660274
0.3484177
0.3409537
0.3147283
0.2709718
0.1890075
0.1629335
0.410936
0.348087
0.5252861
0.6368672
0.5484956
0.5001364
0.5252878
0.6367979
0.5483453
0.5001345
0.5407556
0.3330238
0.2256138
0.5406836
0.6368672
0.5001364
0.5252861
0.5484956
0.5252878
0.6367982
0.5483453
0.5001345
0.348087
0.1629335
0.4109364
0.6499769
0.3706317
0.2670803
0.205218
0.6500013
0.3706298
0.2670848
0.2052211
0.6989147
0.3832091
0.4681547
0.5874229
0.804327
0.6989147
0.804327
0.5874229
0.4681547
0.3832091
0.205218
0.3706298
0.2670848
0.6500013
0.2052211
0.4246568
0.5999459
0.4661144
0.2361029
0.6627982
0.1437962
0.4710378
0.3868811
0.4739038
0.5991213
0.3851856
0.7470368
0.2370126
0.498231
0.1437962
0.4710378
0.3868811
0.5991213
0.4739038
0.7470368
0.3851856
0.2679083
0.3551683
0.334159
0.4491441
0.1771485
0.4491441
0.1771485
0.2679083
0.3551683
0.334159
0.1963659
0.2429435
0.2429474
0.2934638
0.3235559
0.3905078
0.323557
0.3905067
0.4773666
0.3235578
0.3905088
0.2429485
0.2934658
0.2429445
0.4773681
0.3905146
0.3235658
0.1963744
0.1969275
0.3074039
0.5075964
0.5518656
0.2835371
0.5406404
0.3636917
0.6210511
0.553243
0.6484042
0.5982936
0.3739449
0.3748506
0.351916
0.6210476
0.5532244
0.3637008
0.648401
0.5983049
0.3748575
0.3739548
0.3519356
0.3074172
0.1969297
0.2787003
0.3427589
0.5070216
0.3503637
0.401766
0.5571431
0.485078
0.6488182
0.6957663
0.2200636
0.4811998
0.4044049
0.3262254
0.3945662
0.4850744
0.4017669
0.5571409
0.6488092
0.6957561
0.2200683
0.4812069
0.4044101
0.32623
0.394565
0.4169141
0.213046
0.4119677
0.2238223
0.4583644
0.4560897
0.440735
0.1450322
0.1054982
0.1436906
0.125741
0.3569589
0.3727414
0.4119682
0.4169161
0.2130461
0.2238224
0.4583706
0.4560896
0.4407411
0.1450322
0.1054982
0.1436906
0.125741
0.5703437
0.5261755
0.4437462
0.6502052
0.6222929
0.5673782
0.7262679
0.7180784
0.1043191
0.4536907
0.4533023
0.4484406
0.3985168
0.386638
0.3612293
0.3748566
0.4024142
0.2028416
0.3672373
0.6222929
0.5703437
0.5261755
0.4437462
0.6502006
0.5673782
0.7262679
0.7180784
0.1043191
0.453688
0.453301
0.4484375
0.3985138
0.3866345
0.3612293
0.3106214
0.3338523
0.2393863
0.1640318
0.2963304
0.5958079
0.5958496
0.510529
0.4287974
0.5567222
0.4776384
0.2872279
0.3345713
0.1785864
0.1640318
0.2963303
0.510529
0.5958079
0.5958495
0.4287974
0.5567221
0.4776382
0.2872279
0.3345711
0.1785864
0.416469
0.2429892
0.1412404
0.3919985
0.6989388
0.3832127
0.4681636
0.5874389
0.804325
0.4681636
0.6989388
0.5874389
0.804325
0.3832127
0.1412404
0.3919985
0.4739041
0.5991231
0.385185
0.7470368
0.4246578
0.5999402
0.6627989
0.4661145
0.2361032
0.4710386
0.1437964
0.3868807
0.2370154
0.4982324
0.385185
0.4739041
0.5991231
0.7470368
0.5999402
0.4246578
0.6627989
0.4661145
0.2361032
0.4710386
0.1437964
0.3868807
0.267908
0.3551684
0.3341589
0.4491436
0.1771486
0.2338365
0.3562449
0.4631004
0.137432
0.356245
0.4631001
0.137432
0.137432
0.3562449
0.4631004
0.2338365
0.4631001
0.356245
0.137432
0.4491436
0.1771486
0.2371056
0.2371056
0.1963657
0.3235566
0.3905061
0.477366
0.2429474
0.2934632
0.2429433
0.3905065
0.3235553
0.4773676
0.390514
0.3235654
0.3905079
0.3235572
0.2934649
0.2429438
0.2429478
0.1963741
0.3074087
0.1969263
0.5406393
0.2835362
0.5076061
0.5518627
0.598295
0.3637052
0.648442
0.6210484
0.5532867
0.3748573
0.3519352
0.3739547
0.5518584
0.540648
0.2835274
0.5076008
0.6210422
0.5983024
0.3636972
0.6484342
0.5532697
0.3074166
0.1969283
0.2200616
0.4812271
0.3262427
0.3945874
0.4045147
0.3427519
0.5070541
0.3504379
0.2787662
0.6957564
0.4851626
0.6488843
0.4018586
0.557229
0.3262445
0.3945831
0.4045078
0.2787663
0.5070513
0.3427577
0.3504365
0.6957716
0.4018659
0.4851686
0.6488886
0.5572372
0.1436879
0.1054962
0.125739
0.3728175
0.3570333
0.2238173
0.2130426
0.4169609
0.4120076
0.4407571
0.4561053
0.458466
0.1450304
0.1054962
0.1436879
0.125739
0.3728111
0.3570332
0.2130426
0.41696
0.2238173
0.4120077
0.3866518
0.3985999
0.361242
0.2028381
0.4024636
0.3749196
0.3672971
0.6502616
0.7262674
0.7180755
0.6223288
0.5673819
0.5704085
0.5262174
0.4437553
0.4533118
0.104317
0.4484529
0.4537723
0.361242
0.3866517
0.3986
0.2028381
0.4024642
0.3749203
0.3672973
0.726266
0.5262158
0.6502604
0.7180742
0.6223273
0.5673804
0.570407
0.4437537
0.5958525
0.5958188
0.5567207
0.4776358
0.5105292
0.4287964
0.3345688
0.2872269
0.1785848
0.3338462
0.2393816
0.3106267
0.1640278
0.2963278
0.1785848
0.3345689
0.2872269
0.3338459
0.2393813
0.3106264
0.2963281
0.1640279
0.1412389
0.391994
0.2429869
0.4164341
0.80432
0.6989094
0.5874181
0.3832073
0.4681525
0.80432
0.6989094
0.5874181
0.3832073
0.4681525
0.391994
0.2429871
0.4164343
0.143796
0.471037
0.3868805
0.2370113
0.4982296
0.5991195
0.7470363
0.385184
0.4739029
0.599936
0.4661125
0.2361025
0.4246563
0.6627974
0.3868805
0.143796
0.471037
0.2370113
0.4982296
0.7470363
0.5991195
0.385184
0.4739029
0.4491432
0.1771485
0.3551683
0.2679074
0.334159
0.1374319
0.3562449
0.4631004
0.2338365
0.4631001
0.137432
0.3562449
0.4631004
0.3562449
0.1374319
0.4631001
0.137432
0.3562449
0.2338365
0.334159
0.3551683
0.2679074
0.2371056
0.1963642
0.196366
0.2665695
0.3296932
0.3151077
0.3296884
0.315073
0.3748486
0.3739534
0.3519315
0.6210391
0.5532213
0.3636954
0.5982989
0.6483876
0.5518656
0.5406411
0.283538
0.507596
0.3748505
0.3519233
0.3739442
0.6210511
0.5983001
0.3636908
0.6484027
0.5532418
0.3296924
0.3151044
0.3296969
0.3150847
0.1859679
0.3110905
0.4197056
0.7233101
0.5042979
0.4278293
0.2744464
0.4097689
0.4278573
0.7233291
0.4197411
0.5041877
0.4278254
0.7233218
0.4197241
0.5043004
0.2744458
0.4097659
0.1859654
0.3110879
0.3481599
0.3323356
0.3751181
0.3706039
0.3950863
0.3136835
0.3115427
0.3332889
0.5387074
0.5362876
0.573505
0.5387039
0.53629
0.5735077
0.3706034
0.3751168
0.3950877
0.3136851
0.3115391
0.3332937
0.3659794
0.3483992
0.3409458
0.3147304
0.2709799
0.1890052
0.6000692
0.5615386
0.5522725
0.5458986
0.4143806
0.3861444
0.3498611
0.6000724
0.5615528
0.5522796
0.5459045
0.4143793
0.3861425
0.3498593
0.2709796
0.3147302
0.1890051
0.4110007
0.3480819
0.1629318
0.636862
0.5001319
0.5484896
0.5252848
0.5407492
0.3330192
0.2256109
0.5406771
0.5252854
0.6367922
0.5483386
0.5001284
0.636862
0.5484896
0.5252848
0.5001319
0.3330177
0.5407473
0.5406752
0.2256097
0.6367922
0.5252854
0.5483386
0.5001284
0.2052157
0.3706238
0.2670822
0.6499949
0.2052188
0.4681614
0.6989336
0.5874341
0.8043225
0.3832109
0.6989336
0.8043225
0.5874341
0.4681614
0.3832109
0.649971
0.3706268
0.2670781
0.2052157
0.6499949
0.3706238
0.2670822
0.2052188
0.385185
0.4739029
0.5991209
0.7470362
0.4982305
0.237014
0.5999376
0.6627977
0.4246573
0.4661134
0.2361029
0.471037
0.143796
0.3868798
0.7470362
0.5991209
0.4739029
0.385185
0.5999376
0.6627977
0.4661134
0.4246573
0.2361029
0.4982305
0.237014
0.3868798
0.471037
0.143796
0.4491423
0.1771483
0.3341586
0.2679078
0.3551681
0.3074136
0.1969255
0.3074083
0.1969262
0.1859348
0.3110727
0.2200601
0.4811886
0.4850652
0.4017626
0.5571357
0.6957403
0.6487993
0.3262176
0.4044045
0.3945499
0.2786984
0.5070201
0.342757
0.3503594
0.6957554
0.4017633
0.4850719
0.6488087
0.5571401
0.3262163
0.3945495
0.4043992
0.1859263
0.3110644
0.3481417
0.3323247
0.3137619
0.3116198
0.3333653
0.3751674
0.3706744
0.3951332
0.3569465
0.3727331
0.4583649
0.4560744
0.4407224
0.1450313
0.4119559
0.4169027
0.2130442
0.2238198
0.1054971
0.1436892
0.12574
0.4407235
0.4560741
0.458359
0.1450313
0.3727289
0.3569482
0.1054972
0.1436892
0.12574
0.4169052
0.2130443
0.4119574
0.2238199
0.3706763
0.3751689
0.3951335
0.3137643
0.3116166
0.3333705
0.3660166
0.3484076
0.3409449
0.3147208
0.2709656
0.1890042
0.6222779
0.5703378
0.6501916
0.5261702
0.4437429
0.7262528
0.5673705
0.7180699
0.3748455
0.4024024
0.2028398
0.3672301
0.104318
0.4532864
0.4536828
0.4484196
0.3985087
0.3866166
0.3612129
0.7262529
0.5261709
0.6501927
0.570339
0.6222783
0.71807
0.5673706
0.4437436
0.4532872
0.1043181
0.4484199
0.4536836
0.4024033
0.2028399
0.3748467
0.3672311
0.3612128
0.3866169
0.3985094
0.2709667
0.3147221
0.1890051
0.3480833
0.4109304
0.1629308
0.5105258
0.5958039
0.5958401
0.5567153
0.4287953
0.4776336
0.1640292
0.2963291
0.2872261
0.3345668
0.1785856
0.3106193
0.3338465
0.2393824
0.1785856
0.3345671
0.2872258
0.2963291
0.1640286
0.1412397
0.3919956
0.2429881
0.416463
0.3919956
0.4726104
0.3289764
0.4726104
0.3289764
0.472607
0.328975
)
;
        value           nonuniform List<scalar> 
1228
(
38.58176
38.54977
38.6114
38.55557
38.4848
38.58193
38.35714
38.41761
38.40129
38.35066
38.43123
38.42829
38.39553
38.3313
38.68957
38.69357
38.63773
38.5877
38.64503
38.63654
38.58506
38.56193
38.57606
38.54075
38.39524
38.36984
38.38898
38.3426
38.12193
38.16028
38.14551
38.14559
38.02323
38.01573
37.94796
37.91655
37.87582
37.94458
37.97574
37.88774
37.89093
37.85955
38.6875
38.73984
38.72535
38.68912
38.62692
38.55988
38.66503
38.58012
38.58191
38.54989
38.41772
38.35709
38.4014
38.35073
38.16998
38.14775
38.12024
38.07969
38.02967
37.9166
37.87588
37.81622
37.71826
37.71141
38.68946
38.6935
38.63763
38.701
38.66172
38.61129
38.55546
38.58181
38.48468
38.43111
38.42817
38.39542
38.33119
38.21537
38.24071
38.19836
38.18457
38.15869
38.1165
38.09777
37.9445
37.97566
37.89085
37.88765
37.85947
37.81558
37.77377
37.76634
38.73974
38.72527
38.6874
38.68902
38.66619
38.64492
38.63643
38.58759
38.58494
38.5002
38.55108
38.35421
38.38133
38.31478
38.09941
38.16654
38.17075
38.02313
38.01563
37.94787
37.88307
37.83745
37.81614
37.7182
37.71135
37.81556
37.77376
38.62679
38.66491
38.58
38.55976
38.7009
38.66163
38.50054
38.55138
38.35456
38.38171
38.31506
38.16987
38.14764
38.12014
38.21531
38.24064
38.19834
38.15867
38.18451
38.11647
38.17087
38.16668
38.09943
38.07959
38.02958
38.09771
38.62653
38.66139
38.66142
38.62655
38.57116
38.54537
38.64207
38.58242
38.65069
38.58015
38.55976
38.62689
38.66502
38.66179
38.70107
38.59985
38.59802
38.66105
38.64093
38.66169
38.64209
38.6507
38.58242
38.6618
38.70109
38.58018
38.62693
38.55975
38.66513
38.64093
38.66106
38.66169
38.59983
38.59802
38.57115
38.54536
38.55114
38.50025
38.43591
38.46165
38.38486
38.4648
38.44768
38.41722
38.55556
38.61138
38.4848
38.58191
38.42282
38.48938
38.4291
38.47821
38.49587
38.49176
38.43495
38.58177
38.54977
38.49178
38.49587
38.43496
38.42912
38.42282
38.48938
38.4782
38.55113
38.50025
38.46483
38.44773
38.41726
38.46171
38.43596
38.38491
38.38139
38.35427
38.31484
38.24638
38.21194
38.1808
38.43122
38.42825
38.3313
38.3955
38.29398
38.37176
38.33783
38.26285
38.32036
38.23701
38.2054
38.30156
38.28761
38.27924
38.26289
38.35715
38.4176
38.40127
38.35065
38.37178
38.29397
38.33787
38.32035
38.26286
38.28762
38.30155
38.26289
38.27924
38.23702
38.20541
38.38143
38.35431
38.31488
38.24641
38.21197
38.18082
38.1666
38.09949
38.17076
38.14764
38.16999
38.12026
38.19844
38.24077
38.15877
38.21545
38.11657
38.18465
38.11634
38.04295
38.09314
38.17466
38.10588
38.2408
38.19845
38.21547
38.15877
38.18466
38.11658
38.14766
38.17
38.12026
38.17468
38.09314
38.1059
38.11634
38.04296
38.17074
38.16662
38.09948
38.07964
38.02972
38.09784
38.04785
38.09786
38.02973
38.07964
38.04784
38.75938
38.7594
38.59897
38.62319
38.66621
38.62319
38.59899
38.63763
38.69354
38.68954
38.696
38.64385
38.6501
38.67761
38.72807
38.68909
38.73981
38.72532
38.68748
38.67769
38.69613
38.7282
38.64391
38.65017
38.7254
38.73993
38.68922
38.68754
38.59898
38.6232
38.66623
38.6232
38.59903
38.57129
38.54564
38.58503
38.5877
38.63653
38.64497
38.57929
38.58658
38.58503
38.63655
38.58778
38.645
38.57933
38.58662
38.6366
38.58506
38.58781
38.64501
38.57129
38.54565
38.43588
38.46162
38.38484
38.55144
38.5006
38.4652
38.44808
38.41761
38.57608
38.56194
38.54077
38.46167
38.43593
38.38489
38.55146
38.50061
38.46522
38.4481
38.41762
38.38177
38.35461
38.31512
38.24662
38.21213
38.18094
38.24924
38.28799
38.20086
38.39526
38.389
38.36986
38.34262
38.28804
38.24928
38.2009
38.38179
38.35462
38.31513
38.24662
38.21213
38.18094
38.16674
38.17089
38.0995
38.08039
38.15756
38.11568
38.06206
38.0804
38.15764
38.1157
38.06206
38.14549
38.1603
38.12192
38.14558
38.1575
38.062
38.08034
38.1156
38.08041
38.15765
38.11571
38.06208
38.0995
38.16674
38.1709
38.01576
38.02327
37.94799
37.92282
38.01578
38.02326
37.94799
37.92282
38.00857
37.93995
37.92438
37.9863
37.93781
38.00866
37.93791
37.9864
37.92442
37.94002
37.92279
38.02327
37.94803
38.01581
37.92287
37.88773
37.97577
37.9446
37.89097
37.85959
37.88391
37.84594
37.81634
37.82458
37.89163
37.85289
37.80643
37.91659
37.87584
37.88385
37.84587
37.8163
37.89162
37.82456
37.80643
37.8529
37.81627
37.71143
37.71822
37.81561
37.77384
37.81561
37.77384
37.81629
37.71144
37.71828
38.75935
38.70832
38.70839
38.84714
38.7636
38.88362
38.76358
38.8836
38.94021
38.76363
38.88364
38.70842
38.84717
38.70835
38.94023
38.88363
38.76361
38.75938
38.62644
38.66131
38.68915
38.6875
38.73989
38.72534
38.69606
38.65012
38.64387
38.72811
38.67759
38.63766
38.69351
38.68946
38.65013
38.64389
38.69602
38.72808
38.67762
38.69354
38.63764
38.68952
38.66137
38.62647
38.55986
38.58009
38.66506
38.62692
38.59996
38.59823
38.6611
38.6618
38.64094
38.66169
38.70097
38.58254
38.64197
38.65062
38.66109
38.59996
38.59824
38.66179
38.64094
38.66172
38.70099
38.58253
38.64198
38.65064
38.48949
38.42277
38.47831
38.42906
38.55567
38.61131
38.58183
38.48473
38.4958
38.4917
38.43488
38.5499
38.5819
38.47831
38.4895
38.42283
38.42912
38.55569
38.61135
38.58188
38.48479
38.49587
38.49177
38.43495
38.26304
38.23716
38.20552
38.32043
38.30162
38.27928
38.28763
38.26291
38.43115
38.33134
38.42817
38.39542
38.29405
38.37168
38.33776
38.40137
38.41771
38.35714
38.3507
38.30159
38.26303
38.23715
38.20551
38.3204
38.27926
38.28762
38.2629
38.43122
38.33134
38.42822
38.39545
38.29402
38.37169
38.33776
38.14775
38.16999
38.12026
38.11634
38.0429
38.19841
38.24071
38.15874
38.11655
38.21538
38.18458
38.09312
38.1746
38.10582
38.11631
38.0429
38.15875
38.19842
38.24072
38.11654
38.2154
38.1846
38.09311
38.1746
38.10582
38.07967
38.02968
38.09779
38.04781
38.0086
37.94
37.92439
37.98636
37.93783
37.92451
38.00875
37.98651
37.93799
37.94013
38.09779
38.04784
37.82459
37.89169
37.85293
37.80645
37.88776
37.97574
37.85961
37.94458
37.89094
37.84598
37.88388
37.81633
37.9167
37.87589
37.85278
37.82446
37.89151
37.80628
37.9758
37.88784
37.85962
37.94463
37.891
37.84596
37.88393
37.81636
37.81631
37.71143
37.71823
37.81559
37.77382
37.72026
37.73599
37.71481
37.76491
37.73598
37.71481
37.76489
37.76482
37.73595
37.71481
37.72034
37.71485
37.73599
37.7649
37.8156
37.77384
37.76635
37.76636
38.75933
38.76356
38.88358
38.9402
38.70834
38.84709
38.70826
38.88358
38.76355
38.94022
38.88362
38.76359
38.8836
38.76357
38.84713
38.7083
38.70837
38.75936
38.66131
38.62643
38.72532
38.73984
38.68911
38.68745
38.67758
38.69601
38.72808
38.65007
38.6438
38.69351
38.6895
38.63759
38.68745
38.7253
38.73979
38.68906
38.65006
38.67756
38.69596
38.72802
38.6438
38.66136
38.62647
38.66167
38.70095
38.64196
38.65058
38.5823
38.58006
38.66501
38.62681
38.55964
38.64081
38.66094
38.66156
38.59971
38.5979
38.64199
38.65062
38.58234
38.5597
38.66497
38.58009
38.62683
38.64085
38.59978
38.66097
38.66161
38.59795
38.49166
38.49575
38.43484
38.58165
38.54965
38.429
38.4227
38.48926
38.47808
38.58185
38.61133
38.5555
38.48476
38.49583
38.49175
38.43492
38.5817
38.5497
38.42278
38.48931
38.42909
38.47813
38.37167
38.29386
38.33775
38.35703
38.41748
38.40115
38.35054
38.32023
38.28751
38.26278
38.30143
38.27912
38.26275
38.23691
38.2053
38.42819
38.43119
38.39544
38.33121
38.33775
38.37168
38.29388
38.3571
38.41752
38.40118
38.35056
38.28754
38.23694
38.32027
38.26282
38.30147
38.27916
38.26278
38.20533
38.24069
38.19834
38.21536
38.18456
38.15867
38.11647
38.17458
38.09304
38.1058
38.16989
38.12016
38.14755
38.11624
38.04287
38.1058
38.17457
38.09305
38.16991
38.12018
38.14757
38.04288
38.11626
38.09777
38.04775
38.02964
38.07954
37.93782
38.00856
37.9863
37.93992
37.92433
37.93797
38.0087
37.98643
37.94006
37.92449
38.04781
38.02965
38.0796
37.88378
37.84579
37.81624
37.9165
37.87575
37.89154
37.80635
37.85282
37.82447
37.97578
37.94462
37.89099
37.88778
37.85958
37.81635
37.88393
37.84592
37.91663
37.87586
37.80638
37.89157
37.85282
37.82451
37.81555
37.77378
37.71138
37.81621
37.71822
37.76478
37.7359
37.71475
37.72028
37.7148
37.76485
37.73593
37.71482
37.73594
37.76489
37.71481
37.76487
37.73592
37.72028
37.71821
37.71137
37.8162
37.76633
38.75931
38.75934
38.66613
38.6231
38.59887
38.6231
38.59892
38.69347
38.63754
38.68942
38.65002
38.64378
38.69591
38.67751
38.72796
38.68748
38.72532
38.73987
38.68912
38.69348
38.68942
38.63762
38.65008
38.67755
38.69602
38.72807
38.64383
38.62315
38.59892
38.62315
38.59894
38.57103
38.54525
38.63648
38.64489
38.58495
38.58769
38.57921
38.58651
38.58764
38.64491
38.63648
38.58497
38.58772
38.64494
38.6365
38.58496
38.57924
38.58652
38.57111
38.54531
38.55101
38.50013
38.46471
38.44761
38.41714
38.4616
38.43585
38.3848
38.57596
38.56183
38.54066
38.576
38.56187
38.5407
38.44763
38.46474
38.41715
38.46161
38.43586
38.38483
38.38132
38.35419
38.31476
38.2463
38.21186
38.18071
38.39515
38.38889
38.36975
38.34251
38.28792
38.24917
38.20079
38.39521
38.38895
38.36982
38.34258
38.288
38.24925
38.20089
38.21189
38.24631
38.18074
38.17063
38.09938
38.16651
38.15739
38.0619
38.1155
38.08023
38.14538
38.16019
38.12181
38.14547
38.0803
38.15754
38.11561
38.06197
38.15758
38.1157
38.08041
38.06209
38.1603
38.14552
38.14561
38.12194
38.15766
38.08042
38.11572
38.06208
37.92269
38.02317
37.94794
38.01571
37.92277
37.92441
38.00866
37.98641
37.9379
37.94004
38.00873
37.93798
37.98648
37.9245
37.94011
38.01577
38.02329
37.94803
37.92286
38.01578
38.02327
37.94803
37.92286
37.8527
37.82438
37.89142
37.80621
37.8758
37.91661
37.97572
37.85954
37.88776
37.94455
37.89093
37.84588
37.88386
37.8163
37.8064
37.89162
37.82452
37.85286
37.97575
37.85959
37.94459
37.8878
37.89096
37.87591
37.91668
37.81633
37.84596
37.8839
37.81554
37.77378
37.71822
37.81624
37.71136
38.66126
38.62635
38.66128
38.62638
38.57118
38.54554
38.6616
38.70086
38.66096
38.59984
38.59811
38.64082
38.66167
38.64185
38.58242
38.65052
38.55981
38.66502
38.58003
38.62685
38.64086
38.59989
38.66102
38.66172
38.59816
38.64189
38.65055
38.58246
38.57123
38.54558
38.55134
38.5005
38.46156
38.43582
38.38477
38.46511
38.44798
38.4175
38.54977
38.58178
38.55557
38.61123
38.58176
38.48468
38.47819
38.48938
38.42271
38.429
38.49575
38.49165
38.43483
38.58178
38.61126
38.55561
38.4847
38.58184
38.54982
38.49577
38.49169
38.43485
38.48942
38.42274
38.47823
38.42905
38.44803
38.46515
38.41755
38.46158
38.43583
38.3848
38.38167
38.3545
38.31501
38.24651
38.21202
38.18083
38.30147
38.26291
38.32029
38.23703
38.2054
38.2875
38.27914
38.26278
38.40125
38.41759
38.35703
38.35058
38.4311
38.4281
38.33122
38.39534
38.29391
38.37158
38.33765
38.28756
38.2371
38.32035
38.26297
38.30153
38.26284
38.2792
38.20545
38.42812
38.43112
38.39536
38.33125
38.41763
38.35706
38.40129
38.35062
38.33767
38.37161
38.29394
38.21208
38.24656
38.18089
38.09939
38.17079
38.16663
38.15864
38.19831
38.24062
38.2153
38.11644
38.1845
38.11621
38.04281
38.09301
38.1745
38.10573
38.14769
38.16991
38.12018
38.10574
38.17451
38.09304
38.04284
38.11625
38.09769
38.04775
38.02961
38.07963
38.04777
37.88314
37.83753
37.88312
37.8375
37.88303
37.83742
)
;
        Tnbr            T;
        thicknessLayers 0();
        kappaLayers     0();
        kappaMethod     solidThermo;
        kappa           none;
        alphaAni        Anialpha;
    }
}


// ************************************************************************* //
