/*--------------------------------*- C++ -*----------------------------------*\
| =========                 |                                                 |
| \\      /  F ield         | OpenFOAM: The Open Source CFD Toolbox           |
|  \\    /   O peration     | Version:  5.x                                   |
|   \\  /    A nd           | Web:      www.OpenFOAM.org                      |
|    \\/     M anipulation  |                                                 |
\*---------------------------------------------------------------------------*/
FoamFile
{
    version     2.0;
    format      ascii;
    class       volScalarField;
    location    "30/tumor";
    object      T;
}
// * * * * * * * * * * * * * * * * * * * * * * * * * * * * * * * * * * * * * //

dimensions      [0 0 0 1 0 0 0];

internalField   nonuniform List<scalar> 
636
(
38.96709
38.94014
39.16725
39.14306
38.80293
38.77478
38.93211
39.7507
39.30098
38.87007
39.79316
40.19952
40.02187
39.2923
39.83016
40.24322
40.0941
39.40847
39.22301
39.85293
39.72555
39.16673
38.62592
39.14198
39.09865
38.53965
39.01434
38.99317
39.75136
40.13108
39.96294
39.27072
38.96712
40.20033
40.60531
40.44382
39.78972
38.85889
39.16723
40.24376
40.65759
40.5019
39.94058
39.05433
38.80289
39.85305
40.29781
40.14438
39.66148
38.6458
39.14193
39.58106
39.40112
38.99938
38.88998
38.78214
38.42203
38.99308
38.98322
39.30086
39.96232
39.82458
39.23317
38.94007
40.02139
40.44347
40.29068
39.75533
38.82409
39.14288
40.09343
40.50162
40.34386
39.91001
39.03428
38.77441
39.72442
40.14421
39.98146
39.62203
38.67107
39.09813
39.40094
39.23886
38.94939
38.78203
38.69373
38.42195
38.35649
38.86994
39.27052
39.23318
38.79661
39.29218
39.78955
39.75565
39.19578
39.40819
39.94034
39.90999
39.32821
39.16489
39.66111
39.62176
39.05971
38.53896
38.99908
38.94916
38.39286
38.85881
38.82415
39.05424
39.03426
38.64567
38.67104
38.97904
38.97762
39.03962
39.18204
39.24311
38.95961
39.17813
38.96059
38.91637
38.94795
39.18921
39.0593
39.32055
39.01429
39.11844
39.17418
39.39614
39.44896
39.52193
39.58573
39.10002
38.88886
39.37794
39.21068
39.48134
39.32345
38.88206
38.98365
38.96964
38.84638
39.09915
39.35674
38.99209
39.26058
39.2108
39.03708
39.08788
39.56468
39.62061
39.45507
39.52521
38.9388
39.0091
38.79711
39.52801
39.36408
39.40886
39.2655
39.01066
38.92913
38.8081
39.06007
38.76736
38.86986
39.26126
39.29949
39.02939
39.0863
39.22031
39.06481
39.00919
38.85262
38.76483
38.55102
38.69582
38.77066
38.70636
38.54717
39.00032
39.00804
39.07859
39.20457
39.28669
38.98243
39.19982
38.97389
38.97909
39.11166
39.11267
39.41867
39.11183
39.41079
39.41906
39.63646
39.07081
39.57634
39.44592
39.55433
39.43523
39.81438
39.70887
39.03317
39.0381
39.35633
38.89357
38.94794
39.05926
39.18923
38.91635
39.32054
38.84846
39.39235
38.95571
39.54979
39.11623
39.68348
39.26332
38.80611
39.09907
38.99197
38.96961
39.35669
38.84636
39.26053
38.98499
39.34839
38.88556
39.71511
39.29158
39.64247
39.17595
38.85869
38.71313
38.80807
39.06016
38.76746
39.48119
38.86527
39.26852
39.48211
39.72187
39.26922
39.54954
38.7301
38.91891
38.50548
39.44386
38.98349
39.17986
38.73697
38.87389
38.54464
38.87408
39.19506
38.54468
38.80511
39.18072
38.72592
38.76573
39.39635
39.42645
39.0169
39.04527
38.92012
38.68741
38.50228
39.32887
39.15554
38.96268
38.77491
38.82547
38.45672
38.44829
38.50668
38.65664
38.68754
38.49815
38.50889
38.60762
38.43162
38.42848
39.00819
39.20475
39.07874
39.28685
39.08942
39.37323
39.43047
39.08941
39.2256
39.43047
39.5236
39.34714
39.21647
39.06844
39.40567
39.2846
38.94772
39.01218
38.97772
39.18213
39.03969
39.2432
38.89222
39.52573
39.10817
39.34697
38.95332
39.60357
39.17824
39.39618
39.11845
39.52198
39.01429
39.44898
39.17416
39.58574
39.30976
39.91108
39.43835
39.8493
39.36904
39.96955
39.51911
39.01425
38.90571
39.06952
39.56469
39.03705
39.45502
39.21074
39.62056
39.08777
39.52506
38.90566
39.10106
38.96408
39.2612
39.02933
38.86971
39.29921
39.08605
39.16257
39.40134
38.90978
39.70952
39.21024
39.45023
38.96163
38.72572
38.69577
38.77049
39.39629
38.72588
39.01686
39.18056
39.42633
38.7656
39.04517
38.58001
38.62046
39.03598
38.61503
38.65699
38.65661
38.49813
38.68746
38.50882
38.92169
38.68419
38.69427
38.92166
38.97033
38.69424
38.74457
38.60559
38.58104
38.41994
38.83526
38.64794
38.63673
38.45722
38.49473
38.49471
38.60246
38.46594
38.98238
39.19972
38.97374
39.06836
39.34699
39.40553
39.21628
39.28444
39.31984
39.18623
39.18621
38.9945
38.92261
38.95955
39.17802
38.96046
39.55409
39.57615
39.81397
39.07062
39.4349
39.44562
39.70843
38.86673
39.49028
39.08202
39.003
39.31404
38.84412
39.37778
39.09991
39.48112
39.21051
38.88878
39.32323
39.29527
39.88045
39.42053
39.54069
39.08442
39.69331
39.24072
38.99284
38.76608
39.52765
39.00883
39.40821
38.93867
39.36364
38.79712
39.26426
39.46796
39.8311
39.36963
39.71645
39.23628
39.63613
39.13974
38.90099
38.7979
38.68705
39.21919
39.00832
39.05806
38.8476
39.13991
39.35955
38.88863
39.43108
38.94316
39.14938
38.68405
38.50496
38.70589
38.54583
39.32839
38.68712
38.96241
38.91935
39.15498
38.5019
38.77459
38.54455
38.56559
38.75866
38.37047
38.37537
38.60745
38.42834
38.43142
38.83518
38.58094
38.63667
38.60546
38.64784
38.41981
38.45714
38.53652
38.50959
38.35364
38.5365
38.35529
38.35362
38.46589
38.94758
39.01207
38.92261
39.03792
39.03302
39.35611
38.89345
39.34678
39.52549
39.60329
38.8921
38.95321
39.10803
39.17811
39.00334
39.4902
39.31507
38.86674
39.08202
38.8443
38.94034
38.88198
38.98357
39.54959
39.39219
39.68324
38.84839
39.11611
38.95562
39.26319
39.84918
39.9109
39.96941
39.30964
39.36895
39.43821
39.51901
39.54258
39.88059
39.69409
39.29537
39.08471
39.42056
39.2408
38.77491
39.34854
38.91168
38.77481
38.9115
39.01057
38.92903
39.71479
39.34779
39.64199
38.98489
39.29141
38.88546
39.17574
39.71673
39.83099
39.63639
39.46793
39.23632
39.36957
39.1398
38.89269
39.23582
38.79946
38.89263
38.79941
38.76727
38.54864
39.44304
38.91614
39.17892
38.73
38.98319
38.50502
38.73659
39.70926
39.40096
39.44994
39.16234
39.21006
38.90953
38.96142
39.43145
39.35909
39.14997
39.13981
38.94324
38.88845
38.68414
38.61363
38.78519
38.37702
38.6136
38.37702
38.82496
38.448
38.45642
39.03573
38.62025
38.65682
38.5798
38.61486
38.75876
38.5655
38.37539
38.54442
38.3705
38.80605
38.90566
39.01416
39.06946
38.99286
38.76613
38.85861
38.71306
39.10099
38.90555
38.964
38.7979
38.90097
38.68706
38.72562
38.50497
39.48321
39.86165
39.35695
39.99888
39.55184
39.91782
39.44514
39.99871
39.86138
39.91763
39.48305
39.55171
39.35676
39.44499
)
;

boundaryField
{
    tumor_to_gland
    {
        type            compressible::turbulentTemperatureCoupledBaffleMixed;
        refValue        nonuniform List<scalar> 
1125
(
38.66723
38.66723
38.66723
38.66723
38.66723
38.66723
38.51348
38.51348
38.51348
38.65201
38.65201
38.65201
38.65201
38.61751
38.61751
38.27929
38.27929
38.27929
38.55392
38.55392
38.55392
38.55392
38.42702
38.42702
38.42702
38.42702
38.76362
38.76362
38.76362
38.76362
38.65265
38.65265
38.65265
38.66586
38.66586
38.66586
38.66586
38.66586
38.652
38.652
38.652
38.652
38.61749
38.61749
38.2793
38.2793
38.2793
38.32576
38.32576
38.32576
38.32576
38.7637
38.7637
38.7637
38.7637
38.66728
38.66728
38.66728
38.66728
38.66728
38.66728
38.31997
38.31997
38.31997
38.31997
38.24502
38.24502
38.55384
38.55384
38.55384
38.55384
38.16698
38.16698
38.16698
38.16698
38.00096
38.00096
38.00096
38.00096
38.00096
38.00096
37.81239
37.81239
37.81239
37.81239
38.65258
38.65258
38.65258
38.82159
38.82159
38.82159
38.82159
38.51344
38.51344
38.51344
38.16978
38.16978
38.16978
38.08724
38.08724
38.42701
38.42701
38.42701
38.42701
37.99556
37.99556
37.99556
37.99556
37.81234
37.81234
37.81234
37.81234
38.66576
38.66576
38.66576
38.66576
38.66576
38.46901
38.46901
38.46901
38.46901
38.38678
38.38678
38.02631
38.02631
38.16686
38.16686
38.16686
38.16686
37.99554
37.99554
37.99554
37.99554
38.31993
38.31993
38.31993
38.31993
38.16979
38.16979
38.16979
38.24497
38.24497
38.08723
38.08723
38.37275
38.37275
38.35968
38.35968
38.37472
38.37472
38.37472
38.3997
38.3997
38.3997
38.3997
38.47052
38.47052
38.47052
38.47052
38.45522
38.45522
38.45522
38.45522
38.49712
38.49712
38.49712
38.49712
38.48028
38.48028
38.48028
38.48028
38.33273
38.33273
38.33273
38.35171
38.35171
38.35171
38.35171
38.33757
38.33757
38.21112
38.21112
38.21112
38.42722
38.42722
38.4081
38.4081
38.29078
38.29078
38.27014
38.27014
38.28338
38.28338
38.15583
38.15583
38.15583
38.67849
38.67849
38.67849
38.74048
38.74048
38.74048
38.74048
38.72579
38.72579
38.72579
38.72579
38.64875
38.64875
38.64875
38.5424
38.5424
38.5424
38.51696
38.51696
38.51696
38.7794
38.7794
38.7794
38.7794
38.75226
38.75226
38.75226
38.75226
38.65803
38.65803
38.65803
38.65803
38.65803
38.65803
38.75342
38.75342
38.75342
38.75342
38.75342
38.45534
38.45534
38.45534
38.69838
38.69838
38.69838
38.69838
38.69838
38.39941
38.39941
38.74362
38.74362
38.74362
38.74362
38.3994
38.3994
38.67839
38.67839
38.67839
38.67839
38.57976
38.57976
38.57976
38.57976
38.60084
38.60084
38.60084
38.60084
38.27858
38.27858
38.27858
38.64143
38.64143
38.64143
38.64143
38.24429
38.24429
38.3486
38.34858
38.58328
38.58328
38.58328
38.58328
38.51568
38.51568
38.51568
38.52358
38.52358
38.52358
38.39586
38.39586
38.39586
38.57989
38.57989
38.57989
38.57989
38.40105
38.40105
38.48645
38.48645
38.48645
38.48645
38.20368
38.20368
38.20368
38.42346
38.42346
38.42346
38.42346
38.42346
38.52804
38.52804
38.52804
38.52804
38.27098
38.27098
38.24596
38.24596
38.15405
38.12849
38.12849
38.27739
38.27739
38.27739
38.27739
38.32843
38.32843
38.32843
38.32843
38.30061
38.30061
38.30061
38.30061
38.47606
38.47606
38.47606
38.47606
38.56826
38.56826
38.56826
38.55482
38.55482
38.55482
38.44588
38.44588
38.44588
38.44588
38.67856
38.67856
38.67856
38.68289
38.68289
38.68289
38.78013
38.78013
38.78013
38.78013
38.68294
38.68294
38.68294
38.75044
38.75044
38.75044
38.75044
38.72649
38.72649
38.72649
38.72649
38.63465
38.63465
38.63465
38.59518
38.59518
38.59518
38.59518
38.75228
38.75228
38.75228
38.75228
38.51697
38.51697
38.51697
38.54243
38.54243
38.54243
38.77943
38.77943
38.77943
38.77943
38.40168
38.40168
38.40168
38.43636
38.43636
38.43636
38.66902
38.66902
38.66902
38.66902
38.66902
38.37472
38.37472
38.37472
38.39969
38.39969
38.39969
38.39969
38.67837
38.67837
38.67837
38.67837
38.52446
38.52446
38.52446
38.52446
38.54069
38.54069
38.54069
38.54069
38.22436
38.22436
38.22436
38.23632
38.23632
38.23632
38.23632
38.33756
38.33756
38.21112
38.21112
38.21112
38.51568
38.51568
38.51568
38.45479
38.45479
38.33409
38.33409
38.33409
38.15697
38.15697
38.01261
38.01261
38.42348
38.42348
38.42348
38.42348
38.42348
38.48645
38.48645
38.48645
38.48645
38.20367
38.20367
38.20367
38.08273
38.08273
38.08273
38.23316
38.23316
38.23316
38.30194
38.30194
38.30194
38.30194
38.30194
38.00156
38.00156
38.07936
38.07936
38.07936
38.07936
38.07936
38.07934
38.07934
38.07934
38.07934
38.07934
38.34173
38.34173
38.34173
38.34173
38.21704
38.21704
38.21704
38.21704
38.21704
38.21704
38.18735
38.18735
38.18735
38.18735
38.18735
38.18735
38.22024
38.22024
38.22024
38.22024
38.00075
38.00075
38.00075
38.00075
38.25596
38.25596
38.25596
38.25596
38.25596
37.96418
37.96418
37.96418
37.96418
37.89268
37.89268
37.89268
37.89268
37.89268
37.86019
37.86019
37.86019
37.86019
38.56826
38.56826
38.56826
38.55479
38.55479
38.55479
38.65565
38.65565
38.65565
38.65565
38.63869
38.63869
38.63869
38.63869
38.63866
38.63866
38.63866
38.63866
38.62702
38.62702
38.62702
38.62702
38.52942
38.52942
38.52942
38.52942
38.51052
38.51052
38.51052
38.51052
38.74055
38.74055
38.74055
38.74055
38.72578
38.72578
38.72578
38.72578
38.75044
38.75044
38.75044
38.75044
38.70477
38.70477
38.70477
38.70477
38.6895
38.6895
38.6895
38.6895
38.65636
38.65636
38.65636
38.65636
38.63807
38.63807
38.63807
38.63807
38.37276
38.37276
38.35968
38.35968
38.65802
38.65802
38.65802
38.65802
38.65802
38.65802
38.56139
38.56139
38.56139
38.56139
38.56139
38.56139
38.54503
38.54503
38.54503
38.54503
38.54503
38.54503
38.22995
38.22995
38.21235
38.21235
38.47053
38.47053
38.47053
38.47053
38.49711
38.49711
38.49711
38.49711
38.45521
38.45521
38.45521
38.45521
38.48028
38.48028
38.48028
38.48028
38.3329
38.3329
38.3329
38.3329
38.30044
38.30044
38.30044
38.30044
38.31173
38.31173
38.31173
38.31173
38.4272
38.4272
38.29077
38.29077
38.40811
38.40811
38.27017
38.27017
38.09114
38.09114
38.22139
38.22139
38.06704
38.06704
38.27092
38.27092
38.52783
38.52783
38.52783
38.52783
38.24585
38.24585
38.36573
38.36573
38.36573
38.36573
38.07198
38.07198
38.3409
38.3409
38.3409
38.3409
38.04367
38.04367
38.32836
38.32836
38.32836
38.32836
38.30044
38.30044
38.30044
38.30044
38.21699
38.21699
38.21699
38.21699
38.21699
38.21699
38.18724
38.18724
38.18724
38.18724
38.18724
38.18724
38.11157
38.11157
38.11157
38.11157
38.11157
38.11157
38.07633
38.07633
38.07633
38.07633
38.07633
38.07633
38.1356
38.1356
38.1356
38.1356
37.89266
37.89266
37.89266
37.89266
37.89266
37.86014
37.86014
37.86014
37.86014
37.96617
37.96617
37.96617
37.96617
37.96614
37.96614
37.96614
37.96614
37.93021
37.93021
37.93021
37.93021
37.77985
37.77985
37.77985
37.77985
38.44584
38.44584
38.44584
38.44584
38.52937
38.52937
38.52937
38.52937
38.5105
38.5105
38.5105
38.5105
38.64869
38.64869
38.64869
38.63455
38.63455
38.63455
38.72638
38.72638
38.72638
38.72638
38.70468
38.70468
38.70468
38.70468
38.68946
38.68946
38.68946
38.68946
38.53418
38.53418
38.53418
38.53418
38.53418
38.53418
38.53418
38.53418
38.6577
38.6577
38.6577
38.6577
38.55339
38.55339
38.55339
38.55339
38.75334
38.75334
38.75334
38.75334
38.75334
38.69828
38.69828
38.69828
38.69828
38.69828
38.45532
38.45532
38.45532
38.38898
38.38898
38.38898
38.61954
38.61954
38.61954
38.61954
38.61954
38.58851
38.58851
38.58851
38.58851
38.58851
38.31808
38.31808
38.31808
38.33276
38.33276
38.33276
38.35179
38.35179
38.35179
38.35179
38.57977
38.57977
38.57977
38.57977
38.60096
38.60096
38.60096
38.60096
38.42806
38.42806
38.42806
38.42806
38.42207
38.42207
38.42207
38.17399
38.17399
38.17399
38.17399
38.28358
38.28358
38.15617
38.15617
38.15617
38.52429
38.52429
38.52429
38.39964
38.39964
38.39964
38.33403
38.33403
38.18556
38.18556
37.93742
37.93742
38.12853
38.12853
38.15818
38.15818
38.27724
38.27724
38.27724
38.27724
38.21644
38.21644
38.21644
38.21644
37.91679
37.91679
37.94142
38.10176
38.10176
38.10176
38.00062
38.00062
38.00062
38.00062
38.25582
38.25582
38.25582
38.25582
38.25582
38.21999
38.21999
38.21999
38.21999
37.96406
37.96406
37.96406
37.96406
38.11148
38.11148
38.11148
38.11148
38.11148
38.11148
38.07627
38.07627
38.07627
38.07627
38.07627
38.07627
38.17591
38.17591
38.17591
38.17591
37.87701
37.87701
37.87701
37.87701
38.09962
38.09962
38.09962
37.877
37.877
37.877
37.877
37.77982
37.77982
37.77982
37.77982
38.59509
38.59509
38.59509
38.59509
38.65628
38.65628
38.65628
38.65628
38.63805
38.63805
38.63805
38.63805
38.55344
38.55344
38.55344
38.55344
38.43629
38.43629
38.43629
38.40163
38.40163
38.40163
38.66895
38.66895
38.66895
38.66895
38.66895
38.56133
38.56133
38.56133
38.56133
38.56133
38.56133
38.54501
38.54501
38.54501
38.54501
38.54501
38.54501
38.58855
38.58855
38.58855
38.58855
38.58855
38.38902
38.38902
38.38902
38.61962
38.61962
38.61962
38.61962
38.61962
38.3181
38.3181
38.3181
38.6414
38.6414
38.6414
38.6414
38.27878
38.27878
38.27878
38.24437
38.24437
38.52442
38.52442
38.52442
38.52442
38.54067
38.54067
38.54067
38.54067
38.42807
38.42807
38.42807
38.42807
38.42207
38.42207
38.42207
38.47201
38.47201
38.58018
38.58018
38.58018
38.58018
38.40242
38.40242
38.45479
38.45479
38.33411
38.33411
38.33411
38.33402
38.33402
38.18555
38.18555
38.22538
38.22538
38.23294
38.23294
38.23294
38.0827
38.0827
38.0827
38.30179
38.30179
38.30179
38.30179
38.30179
38.00145
38.00145
38.36562
38.36562
38.36562
38.36562
38.34083
38.34083
38.34083
38.34083
38.07188
38.07188
38.04359
38.04359
38.10176
38.10176
38.10176
38.21644
38.21644
38.21644
38.21644
37.94141
37.91677
37.91677
38.13552
38.13552
38.13552
38.13552
38.22993
38.22993
38.21234
38.21234
38.22433
38.22433
38.22433
38.23629
38.23629
38.23629
38.23629
38.30044
38.30044
38.30044
38.30044
38.33286
38.33286
38.33286
38.33286
38.31171
38.31171
38.31171
38.31171
38.17399
38.17399
38.17399
38.17399
38.15694
38.15694
38.01257
38.01257
38.22136
38.22136
38.09108
38.09108
38.067
38.067
37.9374
37.9374
38.62825
38.62825
38.62825
38.5325
38.5325
38.5325
38.41199
38.41199
38.41199
38.20553
38.20553
38.24507
38.24507
38.24507
38.24507
38.16663
38.16663
38.16663
38.16663
38.24506
38.24506
38.24506
38.24506
38.08115
38.08115
38.08115
38.08115
38.16639
38.16639
38.16639
38.16639
38.53246
38.53246
38.53246
38.40445
38.40445
38.40445
38.20645
38.20645
38.081
38.081
38.081
38.081
)
;
        refGradient     uniform 0;
        valueFraction   nonuniform List<scalar> 
1125
(
0.4221572
0.3325559
0.3929285
0.5022199
0.5387481
0.4434037
0.2963019
0.436099
0.2671888
0.2553111
0.3566239
0.5557758
0.431507
0.2755534
0.451751
0.3213549
0.2739288
0.469528
0.3929755
0.4679911
0.5926858
0.6324702
0.395794
0.6300081
0.5845408
0.4910267
0.3118533
0.3784205
0.5098446
0.551708
0.3168308
0.4654093
0.3105214
0.46296
0.560749
0.5664997
0.4528267
0.5596099
0.3566252
0.4315059
0.5557863
0.2553145
0.4516971
0.2755553
0.3213555
0.2739728
0.4696036
0.479228
0.3932906
0.393298
0.425124
0.3118537
0.5098518
0.3784235
0.5517081
0.4221587
0.3325569
0.502207
0.3929317
0.538753
0.4434053
0.2205436
0.3190206
0.2715986
0.3619843
0.3369681
0.3833142
0.3929745
0.5926833
0.4679889
0.6324684
0.4279275
0.4343975
0.4415438
0.4449722
0.2772022
0.1099248
0.1094426
0.1099248
0.1094426
0.1621047
0.1175968
0.1412005
0.159988
0.146693
0.3168277
0.4653949
0.3105164
0.5302997
0.6575671
0.6575688
0.4526496
0.2962995
0.4360853
0.2671841
0.2058337
0.2763471
0.1586854
0.3290953
0.2208077
0.3957926
0.5845363
0.6270455
0.4875762
0.407265
0.4083934
0.3008924
0.3068276
0.1175968
0.1412005
0.159988
0.146693
0.4629592
0.5664854
0.5607415
0.4528228
0.5596146
0.3741469
0.4634115
0.3740199
0.4633166
0.4910052
0.4909836
0.301125
0.3011697
0.4343948
0.4449615
0.4279314
0.4415396
0.40838
0.3068146
0.4072525
0.3008804
0.2205428
0.2715969
0.3190197
0.3619836
0.2058364
0.2763501
0.1586914
0.3369675
0.3833133
0.3290934
0.2208009
0.1589191
0.199915
0.1497424
0.2111124
0.1850569
0.1680525
0.2647361
0.3381187
0.1944226
0.3089375
0.2337509
0.2024931
0.2637586
0.310811
0.3589138
0.1979068
0.2778953
0.3691266
0.3047358
0.3885598
0.3575482
0.4015472
0.4132517
0.3798674
0.4107164
0.3562358
0.4223048
0.2004284
0.2747817
0.1571796
0.3480616
0.3234452
0.1932853
0.2228709
0.1730499
0.279582
0.156846
0.2011813
0.4108459
0.3280623
0.3699747
0.3805278
0.32265
0.1746089
0.2309759
0.17233
0.2447666
0.292881
0.1615266
0.1739483
0.1909145
0.4348863
0.2868702
0.3208494
0.4402256
0.2973093
0.3774233
0.3391306
0.4155218
0.3953527
0.287959
0.431603
0.3329413
0.3058975
0.3406443
0.4217832
0.2890191
0.2809211
0.4293363
0.308695
0.2775236
0.4519597
0.4122036
0.4918231
0.6534447
0.6581038
0.4322534
0.4708953
0.5510327
0.5460086
0.4039724
0.407575
0.5469187
0.3253799
0.4907907
0.4524142
0.4408014
0.6657219
0.4706486
0.5397723
0.6498464
0.3161462
0.4573507
0.2560159
0.4206009
0.4839262
0.554298
0.5565806
0.5252884
0.3335392
0.3282232
0.4557714
0.5733121
0.4557726
0.5733091
0.3335383
0.3282172
0.2950465
0.4801949
0.3654015
0.4904101
0.2882586
0.568989
0.3411868
0.4190587
0.3393115
0.4640167
0.3826337
0.463121
0.3290449
0.3243791
0.3863448
0.4846923
0.5877044
0.4424571
0.5622467
0.3193312
0.3149363
0.3013412
0.3013009
0.6147335
0.4443423
0.6147219
0.4443381
0.3324996
0.3212473
0.5188907
0.2933539
0.4965761
0.4503624
0.3466045
0.5808734
0.3867231
0.6680041
0.623762
0.6504292
0.5973379
0.4545004
0.4205749
0.3693871
0.5963872
0.3742721
0.5359704
0.2738453
0.2103775
0.4521214
0.4121423
0.5164024
0.5725272
0.5875683
0.4987741
0.392322
0.4843107
0.6405483
0.6155074
0.2283776
0.3012339
0.3144014
0.2839444
0.2112995
0.2792445
0.1815201
0.4306823
0.4205705
0.3883651
0.5276251
0.3653595
0.4358778
0.4099892
0.4329847
0.4481591
0.4185122
0.4472504
0.4097378
0.1720969
0.2988689
0.377955
0.377958
0.1944582
0.4355589
0.22901
0.1782382
0.4283108
0.2443902
0.1893479
0.3828272
0.2798165
0.3592978
0.4402688
0.3208505
0.2868723
0.3398811
0.2970786
0.4582078
0.3947996
0.4923431
0.5506551
0.550678
0.3398841
0.2970794
0.4582139
0.396053
0.560722
0.3041929
0.4986644
0.3782342
0.5070617
0.5544279
0.5275023
0.3475293
0.4631244
0.2756668
0.4503673
0.4733968
0.3432478
0.2706595
0.4322635
0.470927
0.5460551
0.5510765
0.3087165
0.2775248
0.4519727
0.2890318
0.2809232
0.4293363
0.4122072
0.4918367
0.6581098
0.6534436
0.3175189
0.285597
0.4466968
0.2992626
0.2943413
0.4262284
0.4060645
0.5200236
0.6669082
0.5592022
0.6604975
0.1850586
0.1680555
0.2647407
0.3381232
0.1944257
0.2337542
0.308942
0.4801949
0.2950497
0.4904025
0.3654048
0.3765658
0.4347452
0.559398
0.2479411
0.4792579
0.2931191
0.4796357
0.3536729
0.1934345
0.1779773
0.265696
0.3414448
0.2101087
0.2438372
0.3147785
0.1730511
0.2795838
0.1568458
0.2011823
0.410855
0.3325011
0.321216
0.5189197
0.4718311
0.265035
0.3266972
0.4164972
0.5640567
0.1825018
0.2860002
0.1633593
0.20626
0.4121498
0.5164419
0.5725781
0.5876119
0.4987786
0.3693869
0.5964086
0.3743095
0.5359769
0.2738718
0.4521493
0.2103789
0.2413809
0.3804672
0.3184767
0.4664965
0.4293592
0.343466
0.3695006
0.6384513
0.5106213
0.4317382
0.5869841
0.2073333
0.2725095
0.312672
0.4018729
0.2075593
0.3368774
0.2817752
0.3126676
0.2075535
0.4018655
0.3368694
0.2817684
0.3016011
0.2991848
0.2991848
0.4891518
0.482708
0.4952032
0.3877428
0.4122994
0.2438571
0.250933
0.5062787
0.4763241
0.4254997
0.2721882
0.3755677
0.223586
0.4921825
0.434698
0.3987435
0.4660281
0.4203351
0.3143317
0.3624767
0.2014502
0.4227066
0.2956257
0.3559554
0.5166021
0.3004401
0.3056849
0.2411505
0.3929843
0.3589544
0.1515791
0.1643752
0.234271
0.1133517
0.1140258
0.09402672
0.1782275
0.1361483
0.1209756
0.1944582
0.4355629
0.2290098
0.1782379
0.24439
0.4283032
0.2187276
0.2709058
0.2709057
0.3339626
0.1997586
0.2859671
0.3467749
0.2493027
0.1997584
0.285967
0.3467747
0.2493027
0.1681076
0.3582301
0.2623778
0.262378
0.2129443
0.4139937
0.2457028
0.4455203
0.1878733
0.249023
0.4434532
0.4101188
0.339131
0.4155249
0.2973101
0.3774266
0.4316037
0.395353
0.3329405
0.287958
0.3960536
0.5607194
0.3041918
0.4986544
0.5122219
0.5495024
0.2959661
0.3621359
0.5555272
0.3773123
0.5169123
0.278842
0.3704971
0.432773
0.290606
0.3634689
0.4476077
0.38187
0.3516209
0.2671006
0.1589205
0.1999164
0.1497435
0.2111135
0.4039724
0.4075743
0.5469167
0.452414
0.3253784
0.4907825
0.4186099
0.3603499
0.5082093
0.4083184
0.5414234
0.4338452
0.3943239
0.4226566
0.5495318
0.4432766
0.34687
0.4975212
0.1694391
0.2018381
0.1538602
0.2129903
0.2024947
0.3108162
0.2637601
0.3589173
0.3885647
0.3575531
0.4015504
0.4132551
0.1979081
0.2778965
0.3691287
0.3047347
0.3798647
0.4107183
0.4223062
0.3562351
0.395081
0.3715264
0.4070531
0.4198708
0.2084723
0.2855074
0.3721023
0.3106747
0.3923656
0.4159799
0.4285913
0.3647352
0.3280637
0.3699751
0.1746081
0.2309741
0.3805269
0.3226478
0.1723287
0.2447644
0.1830671
0.2478208
0.3926897
0.3601873
0.2309006
0.2584456
0.2283783
0.3012328
0.3923204
0.4843082
0.6405445
0.6155045
0.3143998
0.2839436
0.394383
0.6363971
0.6529053
0.4792686
0.3074525
0.3208968
0.4537508
0.6595687
0.4919709
0.6383645
0.3344234
0.299474
0.3653602
0.4358767
0.409988
0.432983
0.4481576
0.4472482
0.4185115
0.4097365
0.4827008
0.4951958
0.387736
0.2438523
0.4122927
0.2509281
0.5062773
0.425499
0.2721882
0.4763233
0.3755774
0.223586
0.4713785
0.4785684
0.4096089
0.279091
0.4302335
0.2808368
0.4898551
0.4415535
0.297637
0.4592046
0.3955077
0.2542671
0.4547706
0.4579586
0.419258
0.4208128
0.1515775
0.1643735
0.2342688
0.1133505
0.1140246
0.09402668
0.1782274
0.1209755
0.1361482
0.07144057
0.1200662
0.1856422
0.117702
0.07144054
0.1200661
0.1856421
0.117702
0.06503548
0.2075854
0.1368415
0.1368415
0.1164007
0.1723191
0.1597876
0.1254296
0.1893492
0.3828192
0.2798158
0.3592956
0.2129442
0.2457029
0.4139894
0.4455178
0.1878733
0.2490232
0.4434515
0.4101196
0.3406415
0.3058945
0.421762
0.3475227
0.4631161
0.2756655
0.3782331
0.5070553
0.554402
0.5274879
0.5122144
0.5494989
0.2959655
0.3621335
0.5555246
0.5169126
0.3773124
0.278844
0.4695705
0.3188875
0.2804155
0.4486397
0.4695718
0.3188875
0.2804193
0.4486788
0.3603355
0.5488973
0.5382609
0.5383292
0.3578641
0.2922176
0.4268413
0.4455161
0.4408033
0.6657112
0.4706426
0.6498421
0.5397723
0.4205997
0.4839195
0.5565575
0.525281
0.554292
0.3161405
0.4573435
0.2560077
0.3143008
0.4373348
0.2787263
0.4338611
0.6746851
0.5079647
0.6575433
0.5188933
0.4506654
0.5790654
0.4716932
0.5399627
0.5414278
0.3324836
0.4503705
0.2687756
0.2004295
0.2747798
0.1571796
0.3480565
0.3234436
0.1932853
0.2228683
0.5689828
0.2882587
0.3411779
0.419049
0.3393115
0.3826281
0.4640074
0.463116
0.5614576
0.2745455
0.3684391
0.4413033
0.3317674
0.3648093
0.4751532
0.3558055
0.3271346
0.2050447
0.2357558
0.2928768
0.1615226
0.1739472
0.1909113
0.4320536
0.2933449
0.4965716
0.4503567
0.3468192
0.5686865
0.3889991
0.351033
0.4708137
0.2651112
0.4124997
0.2173134
0.1444118
0.2792437
0.1815201
0.3887613
0.211993
0.4306812
0.3883651
0.5276243
0.4141614
0.4406789
0.6050781
0.5185296
0.3394091
0.2892752
0.1971776
0.2311974
0.4526132
0.389045
0.4340065
0.4203344
0.3143311
0.3624821
0.2014652
0.4227066
0.3559554
0.2956528
0.5166084
0.3004401
0.4921818
0.4346971
0.4660408
0.3987426
0.2411639
0.35896
0.3056845
0.3929761
0.409618
0.4302335
0.279091
0.2808368
0.4713711
0.4785531
0.4415471
0.2976316
0.3955016
0.2542622
0.4898355
0.459177
0.4717558
0.348967
0.2792334
0.348967
0.4045625
0.2872374
0.3799937
0.2414522
0.473085
0.4286746
0.4286641
0.3799902
0.2414494
0.4045448
0.2872196
0.1164007
0.1723191
0.1254296
0.1597876
0.3432467
0.4503544
0.4733954
0.2706563
0.3704965
0.432771
0.2906044
0.3634548
0.4476078
0.3516228
0.3818633
0.2670911
0.3578675
0.4269105
0.292214
0.4455144
0.2992604
0.294339
0.4262151
0.317516
0.2856012
0.4466888
0.4060615
0.520021
0.6604867
0.666903
0.5592018
0.4186093
0.3603488
0.4083091
0.5082006
0.5414054
0.4338437
0.3943252
0.4226526
0.5495221
0.3468648
0.4974935
0.4432768
0.4506791
0.5791336
0.4717219
0.5400568
0.5413484
0.3142998
0.4373342
0.2787268
0.4338665
0.6746876
0.5079702
0.6575512
0.518903
0.3325043
0.4504048
0.2686511
0.4846815
0.587694
0.4424605
0.5622453
0.3290376
0.3243758
0.3863414
0.3193306
0.3149313
0.376568
0.5593904
0.4347438
0.2479401
0.4792555
0.4796274
0.2931182
0.3536717
0.561476
0.3682994
0.4411969
0.2745574
0.4751404
0.3317762
0.3648028
0.4954829
0.4954657
0.668003
0.6237598
0.6504273
0.5973282
0.4492696
0.4205595
0.4718163
0.2650343
0.4164878
0.5640476
0.3266968
0.4708031
0.3510265
0.4125368
0.2651194
0.4380779
0.438087
0.4664957
0.4293584
0.3434651
0.2413802
0.3804656
0.3184762
0.3694998
0.6384441
0.5106202
0.5869778
0.4317378
0.2073328
0.2725082
0.3943826
0.6363924
0.6528885
0.4792664
0.4537525
0.6595552
0.6383045
0.4919706
0.3074519
0.3208895
0.334419
0.2994573
0.4526192
0.4340648
0.3890376
0.4406835
0.6050347
0.518538
0.3394146
0.2312634
0.2892654
0.1971683
0.4579503
0.4547694
0.4207969
0.4192432
0.1694385
0.2018366
0.1538616
0.2129905
0.1934332
0.1779769
0.2656942
0.341443
0.2101084
0.3147766
0.2438367
0.2084739
0.2855079
0.3721034
0.3106765
0.3950801
0.3715255
0.4070523
0.4198713
0.3923598
0.4159807
0.3647365
0.4285924
0.3558018
0.3271372
0.2050492
0.235749
0.1825015
0.2859988
0.1633587
0.2062597
0.3926903
0.3601826
0.1830669
0.2478191
0.230902
0.2584454
0.2173169
0.1444151
0.3223273
0.4565908
0.3223284
0.3411625
0.4664285
0.3035239
0.3785668
0.3785797
0.4199637
0.2948408
0.2535579
0.339715
0.5097014
0.283665
0.3723855
0.4095935
0.3078843
0.4013299
0.2817644
0.5097354
0.2836681
0.3397162
0.3723859
0.3167421
0.3216408
0.3911271
0.3968413
0.4095928
0.3078843
0.4013288
0.2817634
0.4664218
0.3411523
0.3035285
0.4707833
0.3124968
0.312374
0.2836543
0.2535528
0.3216404
0.3167417
0.396833
0.3911259
)
;
        value           nonuniform List<scalar> 
1125
(
38.84188
38.87571
38.89451
38.92456
38.93385
38.86174
38.82883
38.88952
38.84281
38.85086
38.84399
38.89172
38.88505
38.78568
38.82467
38.64069
38.63669
38.59241
38.70734
38.72401
38.74928
38.75112
38.63943
38.66444
38.67064
38.64583
38.93306
38.96054
38.98064
38.99893
38.87922
38.94616
38.87543
38.77668
38.8282
38.82815
38.79176
38.74743
38.84397
38.88502
38.89171
38.85085
38.82461
38.78566
38.64068
38.63674
38.59237
38.48459
38.46178
38.4618
38.43311
38.93318
38.98076
38.96066
38.99904
38.84191
38.87579
38.92464
38.89457
38.9339
38.86176
38.74208
38.79472
38.74855
38.80004
38.68541
38.69066
38.70729
38.7492
38.72389
38.75097
38.40607
38.42649
38.41994
38.44192
38.49906
38.4459
38.44614
38.44588
38.44612
38.51002
38.35578
38.33944
38.35911
38.3753
38.87917
38.94608
38.87531
38.89833
38.94713
38.94712
38.91731
38.82878
38.88944
38.84271
38.69156
38.76751
38.67397
38.63562
38.55748
38.63921
38.67027
38.66382
38.64473
38.32391
38.336
38.26121
38.26267
38.3557
38.33933
38.35903
38.37525
38.77656
38.82802
38.82809
38.79165
38.74734
38.6622
38.70815
38.66217
38.7081
38.59873
38.59871
38.27465
38.27463
38.42633
38.44178
38.4059
38.4198
38.33594
38.26269
38.32383
38.26123
38.74201
38.7485
38.79465
38.8
38.6916
38.76753
38.67402
38.68532
38.69059
38.6356
38.55749
38.87464
38.88796
38.85531
38.87799
38.85941
38.82757
38.92349
38.90966
38.81807
38.89822
38.83865
38.86844
38.87263
38.91888
38.92333
38.84614
38.86066
38.91046
38.90539
38.90865
38.89798
38.90389
38.9176
38.89315
38.89075
38.88097
38.904
38.82036
38.89113
38.80376
38.86957
38.8598
38.78725
38.8103
38.76103
38.84388
38.71326
38.72119
38.71348
38.83922
38.84553
38.83125
38.81746
38.71659
38.73901
38.69095
38.72592
38.79893
38.71696
38.67024
38.67741
38.67171
38.89321
38.90353
38.92207
38.9085
38.92796
38.91849
38.93917
38.91675
38.8937
38.92736
38.89823
38.86591
38.87
38.894
38.85439
38.85677
38.90865
38.83791
38.83011
38.8867
38.89112
38.88196
38.91968
38.92034
38.85549
38.8734
38.91451
38.91685
38.82764
38.88527
38.92409
38.86283
38.92399
38.85443
38.8592
38.89612
38.8643
38.81701
38.91441
38.80243
38.86658
38.77472
38.7991
38.83489
38.78139
38.86445
38.8584
38.84096
38.87146
38.85615
38.87944
38.85615
38.87942
38.84092
38.8714
38.84804
38.87776
38.86507
38.89431
38.80171
38.85277
38.78061
38.81602
38.79294
38.80752
38.81135
38.82254
38.75353
38.77529
38.71403
38.76675
38.78368
38.75832
38.78025
38.73047
38.75391
38.80047
38.80041
38.74205
38.71027
38.742
38.71026
38.7386
38.71669
38.77939
38.71926
38.77036
38.7484
38.66024
38.67787
38.62455
38.72394
38.7126
38.72262
38.7044
38.60163
38.59401
38.68838
38.71948
38.66483
38.74032
38.61602
38.59598
38.5735
38.54531
38.59178
38.61415
38.61121
38.48687
38.68028
38.70626
38.73021
38.71465
38.6024
38.62343
38.60893
38.57905
38.47063
38.54844
38.47518
38.42955
38.4385
38.44539
38.38617
38.56456
38.58056
38.56603
38.57936
38.5626
38.53933
38.5606
38.53206
38.92304
38.84488
38.93035
38.93046
38.92889
38.92844
38.97134
38.9164
38.92463
38.96001
38.89089
38.91235
38.8275
38.94082
38.92218
38.90365
38.89329
38.8936
38.91271
38.96651
38.87331
38.89281
38.92999
38.93006
38.89362
38.91283
38.96663
38.94973
38.98681
38.91316
38.97667
38.8171
38.84937
38.88084
38.87473
38.85722
38.94803
38.86283
38.83979
38.75357
38.828
38.81338
38.8555
38.87344
38.91684
38.91458
38.83794
38.8301
38.88671
38.85444
38.85685
38.90871
38.89115
38.882
38.92036
38.91973
38.73901
38.72273
38.79847
38.75841
38.75955
38.82317
38.78335
38.77794
38.81884
38.73074
38.81891
38.85943
38.82755
38.92349
38.90965
38.81805
38.83862
38.89822
38.87772
38.84801
38.89425
38.86504
38.72809
38.76983
38.78633
38.73847
38.75829
38.73037
38.77355
38.74828
38.73826
38.70497
38.80649
38.77713
38.6887
38.70934
38.77135
38.76101
38.84386
38.71322
38.72117
38.71353
38.73859
38.71668
38.77942
38.68419
38.64727
38.59169
38.56748
38.61892
38.61454
38.69408
38.54574
38.57146
38.54532
38.59183
38.61414
38.61128
38.4869
38.68836
38.7195
38.66488
38.74028
38.61608
38.57358
38.59594
38.40683
38.49079
38.341
38.39935
38.39111
38.3832
38.52129
38.54978
38.517
38.39272
38.5548
38.36629
38.42594
38.40282
38.4692
38.4226
38.46599
38.38447
38.40284
38.4226
38.46918
38.46597
38.38446
38.461
38.45557
38.45556
38.51969
38.48298
38.49667
38.48972
38.49692
38.43415
38.4401
38.4755
38.452
38.478
38.42569
38.45341
38.37929
38.38498
38.38273
38.36064
38.3363
38.40186
38.34834
38.39136
38.34959
38.35539
38.3839
38.37099
38.42782
38.37498
38.3041
38.32343
38.3658
38.37914
38.41148
38.41256
38.50328
38.43191
38.43151
38.37479
38.39815
38.35637
38.42335
38.92889
38.92854
38.97133
38.91633
38.96
38.92456
38.93714
38.97311
38.9731
39.03639
38.92369
38.9617
39.02318
38.96258
38.92361
38.96169
39.02317
38.96252
38.92479
39.01226
38.95388
38.95382
38.89572
38.93315
38.93729
38.94922
38.89583
38.93078
38.9424
38.91027
38.91861
38.93928
38.90858
38.92803
38.92744
38.91679
38.89819
38.89366
38.94982
38.98688
38.91312
38.97662
38.95529
38.96685
38.87719
38.90213
38.95486
38.89167
38.93042
38.85906
38.841
38.85932
38.8252
38.84677
38.84582
38.83428
38.82386
38.80727
38.87467
38.88796
38.85524
38.87799
38.82758
38.88531
38.92412
38.85442
38.86279
38.92393
38.73588
38.77437
38.83144
38.79458
38.84534
38.75782
38.71568
38.78201
38.83133
38.7473
38.75658
38.81605
38.7545
38.77142
38.73225
38.76011
38.86846
38.91888
38.87264
38.92331
38.90864
38.89798
38.90388
38.91756
38.84607
38.86066
38.91045
38.90531
38.89303
38.89073
38.90396
38.8809
38.77123
38.76292
38.7714
38.78039
38.71706
38.73479
38.78517
38.77975
38.75275
38.75599
38.76459
38.74628
38.83919
38.84546
38.71655
38.73889
38.83119
38.81728
38.69066
38.72581
38.54756
38.57151
38.67461
38.65853
38.53475
38.5585
38.60235
38.6233
38.67998
38.70608
38.72998
38.71419
38.60878
38.57868
38.53779
38.56515
38.5741
38.55531
38.42721
38.44411
38.52349
38.55372
38.53846
38.5406
38.42723
38.39802
38.5645
38.58043
38.56598
38.57926
38.56244
38.56046
38.53898
38.53181
38.48293
38.49658
38.48968
38.43413
38.49686
38.44004
38.47538
38.47791
38.42561
38.45179
38.45326
38.37916
38.38341
38.39876
38.40672
38.33832
38.4205
38.36448
38.37529
38.3988
38.34808
38.34385
38.35812
38.28776
38.39968
38.42112
38.37597
38.38778
38.41147
38.4125
38.50328
38.43189
38.43148
38.37471
38.39809
38.42332
38.35624
38.39519
38.43665
38.48926
38.41253
38.39511
38.43663
38.48925
38.41248
38.3346
38.4677
38.39792
38.39788
38.29488
38.34547
38.36146
38.2871
38.89081
38.91227
38.82738
38.94068
38.89565
38.93722
38.93302
38.94911
38.89583
38.93072
38.9423
38.91025
38.86994
38.86585
38.89387
38.85709
38.94789
38.86271
38.81697
38.84924
38.8807
38.87459
38.95516
38.96673
38.87707
38.90202
38.95477
38.93039
38.89158
38.85905
38.88109
38.84904
38.81513
38.79391
38.88108
38.84905
38.81513
38.79408
38.74803
38.81052
38.81818
38.81831
38.79177
38.77673
38.81238
38.71598
38.85913
38.89604
38.8642
38.9143
38.81694
38.79898
38.83477
38.86432
38.85828
38.7813
38.80234
38.86649
38.77466
38.71808
38.78027
38.71906
38.73687
38.77077
38.73127
38.77966
38.69148
38.70409
38.76393
38.72487
38.75149
38.67526
38.67088
38.74076
38.65415
38.8203
38.89105
38.8037
38.86948
38.85974
38.7872
38.81022
38.85271
38.80166
38.78056
38.81598
38.79294
38.81132
38.80754
38.82255
38.71708
38.67545
38.64887
38.69993
38.65395
38.6629
38.67083
38.73028
38.72694
38.64705
38.65334
38.79879
38.717
38.67
38.67749
38.6706
38.71947
38.77066
38.74867
38.66147
38.6853
38.62666
38.56552
38.5823
38.42333
38.4395
38.51484
38.42654
38.54811
38.47409
38.5822
38.46936
38.42909
38.44451
38.38592
38.43884
38.47302
38.48367
38.44376
38.40977
38.36648
38.28509
38.27988
38.26394
38.26903
38.26018
38.40164
38.34804
38.3912
38.3494
38.35528
38.37085
38.38371
38.42769
38.37485
38.38451
38.38241
38.33608
38.36037
38.32324
38.37901
38.30386
38.36563
38.4066
38.4204
38.3382
38.36439
38.38326
38.39864
38.39872
38.348
38.35809
38.28774
38.37518
38.34379
38.2746
38.29566
38.3097
38.29565
38.29024
38.23617
38.28961
38.24454
38.25687
38.26033
38.26034
38.2896
38.24454
38.29019
38.23619
38.29488
38.3454
38.28708
38.36142
38.82787
38.83966
38.75346
38.81327
38.84089
38.85922
38.82508
38.84668
38.84575
38.82385
38.83421
38.80728
38.79179
38.81257
38.77675
38.7161
38.75831
38.75945
38.82307
38.73892
38.72267
38.79839
38.78327
38.77785
38.81882
38.81876
38.73067
38.7358
38.77427
38.79449
38.83134
38.84525
38.75777
38.71571
38.78194
38.83126
38.75659
38.81607
38.74726
38.70411
38.76407
38.72497
38.75148
38.67525
38.71811
38.7803
38.7192
38.73694
38.77082
38.73139
38.77981
38.69155
38.671
38.74091
38.65414
38.7667
38.78363
38.75827
38.7802
38.75354
38.7753
38.71405
38.73043
38.75387
38.72803
38.78626
38.76977
38.73841
38.75823
38.77349
38.73032
38.74822
38.7172
38.64885
38.69989
38.67549
38.6708
38.65398
38.6629
38.68593
38.68591
38.7241
38.71274
38.72278
38.70454
38.60551
38.59454
38.68415
38.64722
38.56743
38.61881
38.59165
38.58227
38.56553
38.43946
38.42333
38.44588
38.44586
38.39887
38.39075
38.38292
38.40647
38.49054
38.34078
38.52115
38.54959
38.51673
38.55462
38.39248
38.36603
38.42577
38.53767
38.56499
38.57396
38.5552
38.52344
38.55361
38.54052
38.53838
38.42704
38.44396
38.42709
38.39792
38.26394
38.26016
38.26905
38.47299
38.48362
38.4438
38.40977
38.27984
38.36639
38.28511
38.42099
38.39955
38.3877
38.37587
38.75443
38.77138
38.7323
38.76007
38.73819
38.70491
38.80642
38.77705
38.68864
38.77128
38.70927
38.71711
38.73475
38.78513
38.77977
38.77116
38.76285
38.77135
38.78034
38.75273
38.75595
38.74629
38.76455
38.73027
38.72696
38.6471
38.65335
38.61447
38.694
38.54563
38.5714
38.67454
38.6585
38.54744
38.57142
38.53472
38.55842
38.51481
38.42655
38.84656
38.89264
38.84655
38.7645
38.80087
38.75438
38.66046
38.66044
38.67739
38.45228
38.43276
38.54578
38.55573
38.46347
38.55013
38.48811
38.4334
38.48158
38.41158
38.5558
38.4635
38.54575
38.5501
38.34116
38.33391
38.38788
38.40966
38.48773
38.43239
38.48131
38.41125
38.80077
38.76443
38.75432
38.68935
38.66105
38.66102
38.45476
38.43265
38.33366
38.3409
38.40948
38.38769
)
;
        Tnbr            T;
        thicknessLayers 0();
        kappaLayers     0();
        kappaMethod     solidThermo;
        kappa           none;
        alphaAni        Anialpha;
    }
}


// ************************************************************************* //
