/*--------------------------------*- C++ -*----------------------------------*\
| =========                 |                                                 |
| \\      /  F ield         | OpenFOAM: The Open Source CFD Toolbox           |
|  \\    /   O peration     | Version:  5.x                                   |
|   \\  /    A nd           | Web:      www.OpenFOAM.org                      |
|    \\/     M anipulation  |                                                 |
\*---------------------------------------------------------------------------*/
FoamFile
{
    version     2.0;
    format      ascii;
    class       faceSet;
    location    "constant/polyMesh/sets";
    object      concaveFaces;
}
// * * * * * * * * * * * * * * * * * * * * * * * * * * * * * * * * * * * * * //


496
(
28680 
122891 
20496 
20499 
20506 
20540 
20543 
122963 
16472 
122971 
41052 
16476 
41060 
122984 
20596 
20600 
102530 
123012 
123015 
123030 
102551 
123041 
123043 
123056 
123074 
102602 
143578 
143581 
123132 
123149 
119062 
143642 
119081 
102707 
20792 
119104 
123215 
20816 
53588 
41306 
143720 
102761 
123242 
147821 
41332 
143737 
147841 
143749 
119175 
102796 
143758 
119186 
119189 
119197 
119211 
119223 
102840 
102851 
119241 
25041 
119261 
33245 
123360 
123361 
102885 
102890 
25068 
119279 
33273 
33280 
25088 
119303 
119306 
33295 
119314 
123415 
119322 
25117 
123425 
123430 
33323 
119350 
25144 
33348 
33365 
25173 
33383 
119405 
119409 
139901 
144000 
33408 
25221 
139912 
25224 
4748 
33429 
33434 
139937 
119467 
144048 
139956 
139959 
144073 
144079 
139988 
25315 
33512 
140009 
33513 
140016 
144114 
140023 
144120 
119551 
74495 
140037 
70405 
119564 
140064 
140079 
99121 
140084 
103282 
119674 
99198 
119769 
119774 
99308 
119796 
115702 
115713 
99332 
119819 
115739 
115757 
115777 
115795 
115812 
140393 
115819 
115822 
115823 
115830 
115838 
115869 
115876 
115887 
115889 
140477 
115907 
17607 
38093 
17618 
38125 
38129 
115962 
99589 
29959 
115981 
99602 
38169 
177438 
95518 
136480 
38177 
177444 
38180 
95527 
95548 
95554 
136520 
30031 
136536 
30040 
136539 
30094 
136598 
181656 
136600 
136609 
181669 
17848 
136634 
17868 
136653 
136656 
116177 
136684 
136709 
136711 
136720 
38419 
136730 
38435 
116274 
136756 
22082 
136810 
22123 
22131 
18058 
95902 
42660 
42674 
112315 
112336 
136957 
136968 
112393 
112395 
112407 
112409 
112451 
22365 
112483 
22376 
161656 
132992 
137092 
161669 
161687 
161699 
137176 
112604 
133103 
133128 
26641 
133142 
112703 
112711 
133194 
26699 
133217 
133223 
34920 
34945 
157827 
133256 
112786 
26778 
26779 
133281 
34980 
133294 
157875 
133308 
35007 
35010 
26823 
112848 
108756 
108758 
108762 
108768 
133352 
6376 
133358 
26864 
108811 
108817 
153878 
108829 
108838 
153896 
133416 
26921 
153908 
133432 
153925 
112973 
133457 
108884 
133464 
108889 
108896 
133488 
113015 
133496 
133506 
133523 
108956 
27039 
113067 
154028 
108980 
108982 
108986 
108992 
133575 
133591 
113117 
154078 
158194 
109074 
129558 
109079 
133657 
109082 
129564 
109089 
109099 
129584 
158261 
109109 
109121 
129604 
109127 
158305 
19042 
19045 
129640 
158318 
150139 
109187 
150162 
150167 
109209 
19097 
150171 
133788 
19101 
39586 
133795 
39590 
39593 
154284 
133819 
154306 
109251 
39630 
129744 
109265 
39634 
133848 
133851 
129755 
133861 
154346 
150250 
150266 
150273 
39684 
129805 
39693 
150290 
150294 
150296 
15180 
154448 
15184 
129873 
19292 
150371 
129891 
154470 
68459 
43885 
31605 
154486 
19319 
68475 
150401 
43905 
129923 
150412 
109462 
154521 
150426 
129958 
154536 
129964 
154549 
39881 
154575 
109521 
23512 
109530 
15322 
39908 
109541 
31725 
23539 
31740 
109582 
23568 
109622 
109628 
105538 
105545 
105549 
31822 
109654 
105559 
146536 
146544 
146547 
146553 
130174 
40065 
146589 
146592 
105633 
105641 
126125 
105648 
146618 
105658 
146619 
105668 
105680 
150750 
130275 
150772 
146676 
146681 
146686 
31998 
31999 
105746 
105754 
154924 
154930 
150836 
146746 
130364 
150848 
105793 
150855 
105805 
146766 
146767 
126287 
146774 
126297 
146779 
146782 
146785 
150883 
105870 
146862 
105904 
183732 
146878 
146885 
146902 
146906 
146908 
126432 
146998 
147019 
147035 
147048 
28298 
106129 
36502 
36505 
151194 
122535 
36529 
36533 
106192 
28368 
28378 
122605 
106226 
28404 
122615 
106238 
28433 
122652 
102173 
106272 
102179 
106277 
147250 
122674 
122685 
36682 
36695 
122718 
147314 
147320 
147326 
102284 
147346 
102302 
16307 
147389 
16319 
102341 
147406 
102352 
147412 
122851 
20463 
)

// ************************************************************************* //
