/*--------------------------------*- C++ -*----------------------------------*\
| =========                 |                                                 |
| \\      /  F ield         | OpenFOAM: The Open Source CFD Toolbox           |
|  \\    /   O peration     | Version:  5.x                                   |
|   \\  /    A nd           | Web:      www.OpenFOAM.org                      |
|    \\/     M anipulation  |                                                 |
\*---------------------------------------------------------------------------*/
FoamFile
{
    version     2.0;
    format      ascii;
    class       faceSet;
    location    "constant/polyMesh/sets";
    object      warpedFaces;
}
// * * * * * * * * * * * * * * * * * * * * * * * * * * * * * * * * * * * * * //


640
(
20481 
118791 
36884 
36886 
36887 
20520 
20521 
143419 
143423 
143431 
143435 
172117 
20565 
20566 
20568 
20569 
172135 
143474 
143479 
143485 
143494 
143496 
143500 
143501 
143502 
143505 
143506 
143507 
20628 
143509 
143543 
172228 
143560 
86218 
143563 
143574 
20695 
143579 
32990 
143584 
143585 
143608 
20743 
86281 
143626 
172303 
143633 
143636 
143638 
143647 
143658 
123181 
143662 
123182 
143663 
143664 
123187 
143668 
123188 
33081 
143681 
143693 
143708 
143710 
86394 
143768 
143792 
86449 
143805 
143905 
143908 
143914 
123439 
143923 
143931 
143932 
123453 
123455 
143939 
143963 
143964 
143978 
143979 
25206 
135817 
123532 
119437 
119442 
119443 
25238 
25240 
25243 
25245 
119454 
135839 
119460 
33448 
144058 
25283 
25285 
25292 
33488 
119516 
119521 
119522 
119527 
119528 
119532 
140014 
119535 
119538 
140025 
119546 
119548 
25379 
140083 
140086 
119610 
119611 
119622 
119623 
119629 
25444 
25445 
140142 
140145 
140147 
140151 
140156 
140160 
140161 
140163 
140165 
140166 
140167 
140171 
25493 
25495 
25496 
33696 
25532 
140221 
25533 
25535 
140224 
140226 
140230 
33736 
33738 
140235 
140239 
140240 
25552 
140242 
140244 
140245 
140246 
140250 
140299 
140302 
140304 
119829 
119830 
140313 
119850 
119853 
140337 
140341 
140342 
140343 
140347 
119871 
119872 
29760 
119876 
119881 
119882 
140376 
119902 
119905 
140386 
140391 
119918 
119921 
38054 
38055 
38056 
38058 
140472 
38077 
38085 
38087 
38091 
140496 
140498 
140518 
140520 
140523 
140524 
140525 
115952 
140531 
115957 
115958 
115963 
115964 
140544 
115968 
140546 
115971 
38149 
115974 
132360 
38154 
140556 
140557 
132366 
115982 
115984 
140565 
140566 
140568 
140570 
140573 
140574 
140575 
140581 
140594 
116028 
140606 
140607 
116033 
116034 
116038 
140615 
116039 
140616 
116040 
140618 
116044 
140623 
116047 
116050 
140630 
116057 
116058 
140636 
116060 
132481 
116109 
116110 
140687 
116114 
116115 
140692 
116116 
116130 
116133 
116136 
116143 
116144 
116146 
38327 
21955 
116176 
21977 
21979 
21982 
21984 
38374 
38376 
38378 
22009 
22010 
22013 
22016 
132612 
38415 
116273 
22075 
22077 
116286 
22080 
116290 
136777 
136783 
132687 
116311 
116329 
116330 
116334 
116335 
116339 
116340 
136840 
116360 
116363 
136846 
136851 
136855 
136856 
116376 
136858 
116379 
136862 
116382 
116383 
116384 
132769 
116388 
116389 
132777 
116393 
116394 
112300 
116414 
116417 
22217 
22218 
116430 
116433 
116435 
136916 
116436 
116437 
116438 
136919 
136921 
116443 
136925 
136930 
136934 
136935 
116456 
136937 
136939 
136940 
132844 
136941 
83696 
136945 
22268 
22269 
112385 
112398 
116511 
26400 
116516 
116518 
116519 
137001 
22323 
137014 
137016 
112441 
83774 
169791 
137034 
112459 
112460 
112462 
112463 
137040 
112467 
112468 
137047 
112471 
22361 
137053 
112489 
169848 
112512 
26496 
137097 
112535 
112536 
112541 
112542 
112546 
112552 
112560 
112562 
10164 
10169 
112571 
112591 
112609 
112610 
112614 
112615 
112616 
137199 
112623 
112626 
112629 
112636 
112637 
112639 
137217 
112642 
137222 
137228 
112663 
137241 
137243 
137253 
137262 
137263 
137265 
137267 
112691 
112692 
112693 
137270 
137271 
137272 
137278 
129096 
137291 
137293 
137303 
137304 
112734 
112735 
137312 
137313 
112737 
137315 
137317 
112746 
137327 
137378 
35006 
108751 
108752 
108761 
108763 
112863 
112867 
35043 
112868 
35044 
35045 
35047 
112888 
112897 
112906 
35082 
112907 
35083 
35084 
76045 
35086 
112911 
112912 
112917 
112940 
112953 
112956 
112959 
112960 
76096 
112961 
112965 
112966 
108893 
47457 
108899 
108908 
47472 
174462 
174486 
113048 
113051 
113053 
113054 
35231 
35236 
108966 
133544 
133550 
108974 
108975 
108996 
109008 
109011 
109014 
35288 
35290 
109019 
35291 
27099 
35293 
113124 
109034 
133620 
133622 
133627 
133633 
35333 
35335 
35336 
27145 
35338 
35366 
35368 
39548 
19070 
39552 
19129 
125633 
109275 
39658 
39660 
109295 
133872 
109296 
109300 
133884 
133887 
178953 
39718 
109364 
109380 
133960 
109386 
179027 
150359 
109450 
109451 
109461 
7074 
7097 
150466 
109516 
109518 
109522 
150494 
179241 
23594 
23596 
23599 
23601 
109620 
80948 
105530 
150592 
80964 
150599 
23633 
23635 
23638 
23640 
105568 
146535 
146539 
23659 
146545 
179318 
146551 
23678 
23680 
150659 
23683 
23770 
146672 
146690 
146694 
122137 
23835 
23836 
32061 
146751 
23884 
23885 
23886 
23887 
146783 
105830 
105840 
32112 
23923 
23924 
23926 
146815 
23943 
146829 
23949 
146832 
28098 
105930 
122320 
105949 
105951 
105965 
146954 
146955 
122390 
146971 
106021 
36476 
118397 
147083 
118415 
147091 
36501 
147098 
147118 
36535 
147170 
147180 
36597 
36598 
36599 
147192 
36601 
118547 
36637 
36638 
36640 
147233 
118562 
147249 
36660 
118611 
147311 
36722 
36725 
36782 
36784 
36787 
118748 
143332 
36839 
20456 
36841 
36842 
20458 
36844 
20461 
)

// ************************************************************************* //
