
6433
(
32.04716
31.91093
31.88658
31.94296
31.77356
31.91463
31.94094
31.74614
31.92084
31.93295
32.01257
31.96656
32.02088
31.93569
31.71153
31.91438
32.17508
31.72314
31.74171
31.83625
31.89453
31.72082
31.77206
31.74047
31.77402
31.87911
31.79741
31.79755
31.92358
31.87911
31.79743
31.65571
31.70566
31.69629
31.70703
31.69824
31.82618
31.74368
31.75659
31.83535
31.82621
31.74369
31.80631
31.88419
31.87742
31.83207
31.80624
31.88427
31.86985
31.89582
31.84775
31.79832
31.81324
31.80385
31.84489
31.79738
31.69974
31.92047
31.93388
31.75587
31.77907
31.70542
31.7611
31.8108
31.79731
31.86059
31.81085
31.8601
31.89708
31.75148
31.68571
31.72457
31.7978
31.61784
31.66573
31.58238
31.63387
31.6543
31.85033
31.79116
31.7714
31.76415
31.80343
31.83884
31.77298
31.7536
31.81073
31.7731
31.66743
31.68254
31.70622
31.81341
31.83897
31.70688
31.65624
31.76246
31.70284
31.72467
31.80064
31.82545
31.845
31.80174
31.8255
31.72477
31.70696
31.8007
32.18594
31.872
31.92614
32.23943
31.86784
31.87603
31.87178
31.9077
31.88205
31.84762
31.78042
31.82618
31.73132
31.79434
31.71543
31.72369
31.63705
31.7046
31.71809
31.71407
31.71035
31.81353
31.82105
31.87562
31.85964
31.71203
31.73461
31.71565
31.67867
31.69055
31.70433
31.66624
31.64872
31.68342
31.71708
31.73129
31.69686
31.73996
31.72023
31.82743
31.72611
31.74421
31.86329
31.89229
31.88042
31.85394
31.85401
31.86338
31.74437
31.74008
32.11259
31.82467
31.87107
32.07639
31.82073
31.85842
31.90639
31.94048
31.88368
31.87809
31.96201
31.93301
31.84586
31.8071
31.87972
31.8289
31.81016
31.75315
31.7933
31.77431
31.77435
31.91119
31.79909
31.85046
31.87196
31.87347
31.85171
31.79964
31.68585
31.68337
31.73629
31.78471
31.70382
31.72894
31.80022
31.77706
31.69485
31.66035
31.68257
31.74458
31.80362
31.75512
31.71019
31.80033
31.75742
31.73109
31.72113
31.8429
31.78383
31.82123
31.87594
31.84301
31.78395
31.7313
31.72133
31.93472
32.25136
32.17579
31.89268
31.94092
31.93611
31.88786
31.92281
31.88539
31.92649
31.94939
31.93413
31.91858
31.88726
31.88471
31.94709
31.89103
31.83508
31.83258
31.85184
31.95709
32.01869
32.03906
31.9359
31.91882
31.78664
31.88804
31.93108
31.95315
31.80447
31.73975
31.79276
31.74143
31.67116
31.6198
31.66542
31.81309
31.79391
31.80316
31.80948
31.78061
31.79893
31.74453
31.69129
31.73631
31.81365
31.64016
31.69175
31.73692
31.62793
31.6973
31.69767
31.91565
32.15438
32.2281
31.99043
31.97129
31.93851
31.93205
31.90565
31.93336
31.95599
31.90313
31.93154
31.97202
32.01775
31.99359
31.93342
31.95605
31.95919
31.91071
31.92873
31.98967
31.86148
31.84952
31.85316
31.90092
31.84134
32.03695
32.00013
31.94857
31.97815
32.02969
31.92067
31.93774
31.82991
31.91113
31.77604
31.78082
31.75904
31.64705
31.73029
31.62911
31.7126
31.76297
31.63832
31.71124
31.70872
31.64162
31.57132
31.59117
31.64086
31.7281
31.84161
31.74584
31.74908
31.76482
31.79903
31.88799
31.85735
31.86342
31.94687
31.88837
31.88472
31.94462
31.94733
31.86925
31.85786
31.86407
31.79985
31.84229
32.03318
32.2712
32.29429
32.05541
31.99569
32.0201
32.0432
32.02057
31.98776
31.9427
31.91521
31.95902
31.97447
31.93071
31.88618
31.91555
31.96434
31.99644
32.00644
31.97463
31.93084
31.9226
31.84385
31.8947
31.97041
31.88212
32.0269
32.08747
32.11754
32.06041
31.95936
31.984
31.85559
31.82505
31.82092
32.00336
31.91452
31.91006
31.79823
31.89357
31.76956
31.82987
31.84529
31.89509
31.81922
31.7129
31.72504
31.8545
31.84138
31.82175
31.69625
31.79458
31.76666
31.73367
31.72309
31.79447
31.87004
31.79579
31.83405
31.84974
31.87138
31.92929
31.96127
31.92395
31.90129
31.90157
31.92962
31.89896
31.94271
31.90988
32.06525
32.30456
32.30509
32.06573
32.03103
32.05321
32.05367
32.03147
31.95294
31.99875
31.99914
31.95326
31.91418
31.88893
31.88916
31.91431
31.97456
31.99228
31.92117
31.92843
31.99657
31.98554
32.11954
32.0963
32.07746
32.09024
31.90434
31.93165
31.8843
31.84494
31.84632
31.87676
31.79464
31.81406
31.92894
31.82037
31.76641
31.78503
31.83986
31.93251
31.85035
31.80427
31.84508
31.69368
31.70173
31.78562
31.87814
31.75453
31.73358
31.65193
31.66681
31.72963
31.79165
31.73519
31.86715
31.84428
31.79347
31.8432
31.86139
31.90641
31.90992
31.8859
31.89955
31.94624
31.95377
31.96043
31.97856
31.84457
31.95484
31.96168
31.90111
32.05627
32.29512
32.27175
32.03374
32.02064
31.99619
32.02136
32.04404
31.94324
31.98844
31.95944
31.91554
31.91584
31.88659
31.93098
31.97469
31.96458
31.9925
31.92132
31.89495
31.97075
32.0965
32.11971
31.98576
32.0905
32.07774
31.90442
31.93802
31.911
31.88647
31.87007
31.8768
31.79799
31.83651
31.78351
31.72392
31.67882
31.73801
31.96228
31.96101
31.96388
32.0126
31.94444
31.79432
31.7884
31.8246
31.9479
31.89132
31.78632
31.7297
31.76765
31.8285
31.79965
31.91774
31.92444
31.92241
31.86992
31.88527
31.95186
31.92005
31.94102
31.91519
31.95445
31.96995
31.97059
32.00056
32.00205
31.9712
31.91869
31.97442
31.97595
31.97048
31.99065
32.22832
32.15442
31.91569
31.93866
31.97149
31.90567
31.93202
31.93161
31.90319
31.95591
31.93324
31.972
31.99689
32.00687
31.92913
31.99006
31.99005
31.92297
31.84418
31.84172
31.86187
32.08757
32.027
31.88216
31.95935
32.06041
32.11759
31.84512
31.81043
31.82131
32.00369
32.00529
31.88446
31.76678
31.80861
31.78367
31.72418
31.84446
31.82081
31.89686
31.91698
31.86571
31.91693
31.89671
31.84751
31.80328
31.82912
31.81625
31.89891
31.8492
31.80137
31.84923
31.82834
31.85992
31.83359
31.80467
31.77682
31.69556
31.71393
31.75734
31.78007
31.90154
31.85707
31.80833
31.77222
31.84107
31.89127
31.86233
31.78545
31.91958
32.04146
31.91275
31.9755
32.00922
32.13089
32.10955
32.05891
32.07607
32.04284
32.11026
32.05974
32.01081
31.77466
31.91471
31.97773
31.92234
31.89266
32.17577
32.25133
31.93468
31.9228
31.88783
31.93606
31.94088
31.93413
31.9494
31.92646
31.88536
32.01806
31.99392
31.93456
31.94977
31.95955
31.91111
31.94751
31.91898
31.9428
31.84994
31.8536
31.85231
31.89147
32.02965
31.97811
31.94852
32.00007
32.0369
31.85614
31.91769
31.91184
31.92128
31.94944
31.98449
31.79523
31.81483
31.88491
31.89461
31.91535
31.84068
31.96245
31.94477
32.01271
31.96373
31.96095
31.94742
31.85191
31.80564
31.88389
31.96444
31.89883
31.81606
31.82909
31.80355
31.84944
32.01057
31.98475
31.991
31.85246
31.90142
31.98198
31.95331
31.96184
31.96339
31.9867
32.00317
31.89479
31.80852
31.7768
31.84004
31.89657
31.92588
31.86006
31.86977
31.89823
31.98214
31.85889
31.9174
31.86419
31.8696
31.9682
31.92246
31.88014
31.89769
31.93288
31.90929
31.88112
31.89891
31.86451
31.97561
31.90613
32.11278
31.82486
31.92639
32.23968
31.90796
31.82093
31.85865
31.87205
31.87799
31.84576
31.93292
31.96192
31.87839
31.84621
31.78073
31.82647
31.80701
31.81008
31.82884
31.87965
31.80751
31.81063
31.77041
31.72411
31.73168
31.7743
31.77425
31.79324
31.7531
31.8719
31.8504
31.79903
31.91112
31.87341
31.9194
31.95778
31.87288
31.85125
31.80444
31.9531
31.93104
31.888
31.78661
31.77603
31.64707
31.7591
31.78084
31.621
31.6749
31.77762
31.64889
31.59073
31.67258
31.76986
31.7132
31.8194
31.89525
31.84544
31.8301
31.78591
31.70196
31.69384
31.75473
31.87848
31.79608
31.7904
31.8174
31.75868
31.88167
31.8603
31.82863
31.84938
31.80142
31.83362
31.98302
31.97928
31.8394
31.86422
32.00345
31.91616
31.87429
31.8382
31.8423
31.89852
31.93008
31.72375
31.67827
31.67735
31.70119
31.76188
31.77578
31.82059
31.86837
31.831
31.74493
31.75728
31.86549
31.91658
31.82868
31.76556
31.87271
31.75866
31.79348
31.77662
31.81034
31.8663
31.92726
31.81456
31.84444
31.9574
31.92895
31.81644
31.81374
31.86949
31.83862
31.77048
31.7632
31.7994
31.74514
31.75585
31.93385
31.92045
31.69972
32.18628
31.87234
31.75624
31.93424
31.81078
31.76109
31.7054
31.77905
31.79729
31.86818
31.87639
31.8112
31.76149
31.88243
31.84802
31.86059
31.89752
31.79478
31.71592
31.72516
31.79834
31.63759
31.70523
31.71555
31.63463
31.65495
31.85959
31.87558
31.82103
31.8135
31.80065
31.68704
31.72764
31.71698
31.67983
31.73218
31.74113
31.79442
31.7993
31.73084
31.80185
31.75395
31.71326
31.73268
31.76284
31.80588
31.81181
31.78009
31.72513
31.69628
31.82179
31.84146
31.85461
31.64398
31.62803
31.72883
31.70096
31.59478
31.72971
31.66687
31.65197
31.73361
31.79167
31.7897
31.73376
31.70953
31.79838
31.73483
31.75729
31.71391
31.69555
31.77681
31.80466
31.8985
31.81309
31.7741
31.81468
31.76497
31.72686
31.68199
31.84424
31.90084
31.71565
31.71211
31.9321
31.87766
31.93221
31.71195
31.69347
31.83245
31.77487
31.82598
31.77474
31.43807
31.55376
31.78832
31.70953
31.51592
31.7015
31.60446
31.65224
31.60457
31.70958
31.66106
31.76683
31.72134
31.71098
31.75753
32.17551
32.06738
31.91868
31.91482
31.89499
31.87865
31.82365
31.83674
31.86107
31.81138
31.74106
31.77456
31.75207
31.68638
31.65644
31.70633
31.68107
31.6082
31.61858
31.66658
31.70521
31.68593
31.80341
31.76414
31.77138
31.79115
31.85034
31.70562
31.71356
31.70826
31.68421
31.70769
31.71752
31.73334
31.75239
31.78654
31.70592
31.77931
31.71944
31.80152
31.81617
31.7761
31.74796
31.80649
31.73064
31.71233
31.64576
31.61016
31.63259
31.70137
31.75058
31.79449
31.72311
31.73369
31.76667
31.79458
31.87004
31.80153
31.87303
31.88283
31.87831
31.88527
31.86992
31.92242
31.92444
31.91774
31.95186
31.89626
31.90977
31.90907
31.96478
31.85893
31.98218
31.89824
31.86978
31.86007
31.91741
31.83089
31.86832
31.82064
31.86549
31.75727
31.74491
31.77465
31.82598
31.77489
31.83252
31.69349
31.64829
31.74137
31.71609
31.74143
31.64827
31.63732
31.66113
31.58159
31.57954
31.67486
31.67724
31.75869
31.77004
31.74648
31.81293
31.78174
31.76066
31.69567
31.6758
31.73616
31.93621
31.71203
31.88469
31.98471
31.72367
31.74228
31.91707
31.91279
31.72145
31.77275
31.67601
31.72995
31.87907
31.92352
31.79748
31.79737
31.69821
31.707
31.69624
31.74361
31.82611
31.84897
31.78693
31.86852
31.89722
31.83883
31.81071
31.75358
31.77297
31.66846
31.6513
31.75731
31.7282
31.65146
31.69801
31.66403
31.77813
31.77696
31.66518
31.73631
31.69129
31.74453
31.81365
31.64459
31.69666
31.75074
31.74701
31.63794
31.74584
31.84161
31.79903
31.76482
31.74909
31.7732
31.84192
31.81116
31.80873
31.8859
31.90992
31.90641
31.86139
31.8432
31.89955
31.89951
31.95332
31.90396
31.91521
31.89127
31.84107
31.77222
31.91958
31.78545
31.86233
31.80568
31.88704
31.9673
31.94265
31.93499
31.84887
31.8278
31.79212
31.87284
31.87524
31.8639
31.79792
31.70785
31.77261
31.60444
31.70146
31.70951
31.60453
31.65222
31.67482
31.57951
31.58154
31.66104
31.67714
31.70336
31.73853
31.74324
31.71071
31.63888
31.55904
31.64365
31.78903
31.89867
31.92904
31.96452
31.9362
31.90506
31.93709
31.80479
31.6536
31.74044
32.06592
32.07467
32.01282
31.99906
31.96361
31.94645
31.82896
32.01711
31.75763
31.83662
31.72221
31.85095
31.93122
31.73554
31.80623
31.83201
31.87737
31.88412
31.89171
31.81519
31.69487
31.84496
31.72466
31.70283
31.76245
31.65623
31.70686
31.7261
31.82742
31.72022
31.73995
31.7442
31.75742
31.80033
31.71019
31.72113
31.73109
31.76375
31.8089
31.81386
31.73825
31.86342
31.85735
31.88798
31.94687
31.87757
31.86737
31.89892
31.84019
31.80773
31.96043
31.95377
31.94624
31.97856
31.9576
31.93489
31.97012
31.96525
31.91586
31.97549
31.91274
32.04146
32.00921
31.99821
31.96699
31.93816
32.07082
31.94549
32.01132
32.00321
31.86403
31.90394
31.75865
31.86629
31.81032
31.77659
31.79345
31.79141
31.6982
31.70403
31.72752
31.75483
31.7463
31.76989
31.75853
31.81272
31.76596
31.81462
31.81052
31.72212
31.72845
31.64392
31.55878
31.64346
31.6782
31.84903
31.87632
31.84891
31.77804
31.6777
31.9032
31.87983
31.82793
32.01253
31.93289
31.92079
32.02087
31.96655
32.02862
32.01899
32.01373
32.04303
32.02117
31.97423
31.93576
32.01358
31.84487
31.80384
31.81323
31.79737
31.80063
31.80174
31.845
31.82544
31.85393
31.88042
31.89229
31.86329
31.8429
31.87593
31.82122
31.78383
31.8972
31.87902
31.94804
31.90937
31.90129
31.92395
31.96127
31.92929
31.94836
31.96727
32.00715
31.98234
31.96995
32.00205
32.00056
31.97059
32.05891
32.10955
32.13089
32.07607
32.00154
32.14287
32.16855
32.03536
31.88014
31.90929
31.93288
31.89768
31.92725
31.9574
31.84444
31.81455
31.83452
31.79051
31.83373
31.87395
31.86303
31.82039
31.81049
31.86222
31.92881
31.89846
31.93621
31.96454
31.97639
31.94888
32.05947
32.02057
31.96375
31.93408
32.01377
32.01732
31.93145
32.01909
32.01388
31.85124
31.79841
31.97443
31.93598
31.87959
31.83393
31.89229
31.89489
31.84764
31.84567
31.8007
31.70697
31.72477
31.8255
31.854
31.74008
31.74436
31.86337
31.84301
31.72132
31.7313
31.78395
31.94461
31.88471
31.88836
31.94732
31.84415
31.91145
31.89968
31.9036
31.90156
31.90987
31.94271
31.89896
31.92962
31.95261
31.97224
31.97462
31.92381
31.97595
31.97441
31.91869
31.97119
31.97048
32.05974
32.11025
32.04284
32.01081
32.00937
32.15184
32.08813
31.96014
31.88112
31.90613
31.97561
31.86451
31.89891
31.92896
31.8695
31.81376
31.81645
31.85631
31.7462
31.76697
31.81048
31.76752
31.84465
31.83539
31.85901
31.90531
31.74075
31.65393
31.8051
31.93736
32.00169
31.97372
31.92282
31.87701
31.9849
32.04787
31.91166
31.88489
31.913
31.9154
31.94175
31.91731
31.85368
32.07488
32.01305
31.77651
31.94671
31.82928
31.71047
31.79889
31.92479
31.75666
31.74375
31.82627
31.83541
31.8063
31.79837
31.84779
31.89585
31.86989
31.88431
31.69575
31.67324
31.75706
31.8138
31.80342
31.816
31.72989
31.76662
31.70737
31.80956
31.75948
31.77974
31.83382
31.73305
31.83706
31.78169
31.75154
31.81004
31.76733
31.81335
31.75618
31.86925
31.84229
31.79984
31.86407
31.85785
31.96168
31.95484
31.84457
31.90111
31.88153
31.94601
31.98331
31.87393
31.89042
31.97773
31.91471
31.77465
31.92234
32.03029
32.04944
32.00537
31.97568
31.92952
31.98793
31.9625
31.82376
31.89079
31.92041
32.0422
31.90709
31.84334
31.76321
31.77049
31.83864
31.74516
31.79942
31.76689
31.66111
31.75757
31.71101
31.7214
31.73628
31.67588
31.69577
31.76085
31.78189
31.87974
31.90323
31.67751
31.82766
32.05947
31.94876
31.97615
32.02059
31.92296
31.97386
32.00197
31.87735
31.73847
31.78059
31.85365
31.78038
31.73823
31.96765
31.93574
32.1751
31.91441
31.71157
31.72319
31.89456
31.83628
31.74176
31.72087
31.77405
31.7405
31.77211
31.7057
31.65574
31.79747
31.87916
31.6818
31.70864
31.70002
31.68676
31.78779
31.8695
31.87317
31.85298
31.7933
31.66744
31.77312
31.83899
31.81343
31.70624
31.68255
31.66624
31.69687
31.7313
31.71709
31.68342
31.64873
31.69485
31.75512
31.80363
31.74458
31.68257
31.66035
31.69767
31.69731
31.62793
31.73692
31.69174
31.64016
31.84973
31.83404
31.79579
31.87138
31.76805
31.76686
31.78399
31.85431
31.81564
31.78596
31.91519
31.94102
31.92004
31.95445
31.95576
31.95961
31.97467
31.94231
31.92043
31.97725
31.96819
31.8696
31.86419
31.92246
31.94488
31.9176
31.84397
31.93078
31.92525
31.92972
31.91659
31.87272
31.76557
31.82869
31.89436
31.94152
31.81752
31.87484
31.78812
31.75838
31.86341
31.77426
31.7264
31.74455
31.77722
31.87096
31.74317
31.73852
31.70331
31.7106
31.71721
31.70513
31.79969
31.83611
31.79974
31.70516
32.06776
31.91908
31.70059
31.92133
31.75213
31.87907
31.82409
31.74236
31.86061
31.8971
31.86012
31.81087
31.79782
31.72458
31.68573
31.7515
31.61785
31.65431
31.63388
31.5824
31.66574
31.74336
31.76644
31.80618
31.8164
31.82339
31.70435
31.69057
31.6787
31.71567
31.73462
31.71205
31.78472
31.77708
31.80022
31.72893
31.70383
31.79895
31.78064
31.80955
31.80323
31.79394
31.8131
31.70876
31.72818
31.64096
31.59123
31.57135
31.64164
31.8443
31.86717
31.73522
31.79351
31.78229
31.74415
31.81705
31.89064
31.75724
31.67417
31.85707
31.90154
31.78008
31.80833
31.85149
31.90698
31.92586
31.94285
31.81874
31.73427
31.95283
32.04789
31.93396
32.00338
31.9102
31.98893
31.96643
31.93626
31.93697
31.82327
32.03408
31.70954
31.78833
31.55377
31.43806
31.51592
31.86351
31.87105
31.77724
31.7446
31.72647
31.77433
31.76584
31.72835
31.72203
31.81037
31.81448
31.8623
31.81041
31.82036
31.86309
31.85927
31.83561
31.84479
31.7677
32.18595
32.23944
31.92615
31.87201
31.86785
31.90771
31.87179
31.87605
31.88206
31.8262
31.78044
31.84764
31.79436
31.73134
31.72371
31.71545
31.63707
31.71037
31.71408
31.71811
31.70461
31.75536
31.79524
31.71209
31.71604
31.91428
31.80168
31.87813
31.86264
31.91626
31.79967
31.85174
31.73635
31.68343
31.68587
31.79152
31.89233
31.85536
31.74052
31.73985
31.66557
31.61996
31.67136
31.74161
31.79282
31.71148
31.63859
31.76325
31.71288
31.62933
31.73047
31.85719
31.90578
31.77202
31.72294
31.84193
31.87017
31.85874
31.73654
31.71157
31.71782
31.7677
31.72976
31.78641
31.7998
31.82866
31.79551
31.82316
31.83195
31.87672
31.85164
31.8948
31.92591
31.89658
31.84004
31.77681
31.80853
31.67735
31.67826
31.72375
31.77578
31.76187
31.70118
31.98905
32.03419
31.82312
31.93678
31.93617
31.96638
31.70783
31.7979
31.86389
31.77259
31.78817
31.87487
31.81752
31.94154
31.89443
31.75842
31.79136
31.75479
31.7275
31.70399
31.69814
31.87397
31.83371
31.79051
31.83453
31.7463
31.85638
31.81052
31.76703
32.1126
32.07639
31.87107
31.82468
31.93578
32.25243
32.07732
31.87202
31.82074
31.88369
31.9405
31.90641
31.85844
31.94211
31.93721
31.88468
31.94158
31.88683
31.92781
31.96328
31.93442
31.88477
31.88732
31.91865
31.94716
31.8813
31.83066
31.8864
31.88878
31.83263
31.83513
31.8911
31.85191
31.77631
31.77664
31.82491
31.83471
31.83696
31.91886
31.93596
32.03912
32.01875
31.95713
32.04048
32.00314
31.93848
32.04217
31.83003
31.93783
31.92076
31.91124
31.95738
31.80961
31.79577
31.83448
31.94167
31.79845
31.91021
31.91469
31.89384
31.82282
31.78764
31.76672
31.75441
31.80534
31.91611
31.93298
31.8403
31.84547
31.80467
31.85082
31.8544
31.7583
31.72354
31.78171
31.85207
31.79472
31.89179
31.94829
31.82489
31.78872
31.84323
31.86865
31.8233
31.84694
31.96323
31.98677
31.96339
31.96184
31.95334
31.98204
32.00326
31.91616
31.93006
31.89849
31.84229
31.83819
31.87428
31.72685
31.71564
31.90084
31.84424
31.68199
31.93402
32.04793
31.95291
31.91039
32.00347
31.93498
31.87524
31.87284
31.79211
31.82778
31.84886
31.86402
32.00321
32.01131
31.90393
31.90711
32.04221
31.92043
31.84336
32.17683
31.89374
31.91672
32.15544
31.88895
31.924
31.98844
31.9332
31.90675
32.01782
31.95612
31.93351
31.99367
31.95928
31.98977
31.92884
31.91081
31.86158
31.84143
31.90101
31.85325
31.84961
31.90352
31.98099
32.03326
32.07199
32.06394
31.96237
31.98406
32.00342
31.82098
31.82513
31.85566
31.92916
31.81426
31.79477
31.78512
31.7665
31.82048
31.93674
32.00854
31.85148
31.82706
31.88436
31.97276
31.9773
31.89486
31.91032
31.92832
32.01057
31.90134
31.8523
31.99091
31.98475
32.00334
31.86409
31.83932
31.97922
31.98295
31.89847
31.76494
31.81467
31.77409
31.81307
31.9673
31.88704
31.80568
31.94265
32.00538
32.04945
32.0303
31.97569
31.84398
31.91761
31.94489
31.92973
31.92527
31.93079
32.2292
31.99154
32.03431
32.27232
31.97244
31.93971
31.99696
32.02128
31.90439
31.93299
31.91674
31.96041
31.99653
31.93092
31.97471
32.00653
31.92269
31.97047
31.89475
31.84393
31.95101
32.03
32.09118
32.0812
32.09343
31.84635
31.84498
31.88434
31.93168
31.90436
31.87677
31.83651
31.79798
31.738
31.67887
31.72399
31.78355
31.88424
31.9282
31.91007
31.89444
31.97686
31.97248
31.96312
31.84671
31.82339
31.86887
31.84328
31.83198
31.82318
31.79552
31.85166
31.87677
31.90906
31.90976
31.89625
31.96478
31.85149
31.73427
31.81874
31.94286
31.92587
31.90699
32.07082
31.93816
31.96699
31.99821
31.94549
32.16856
32.14288
32.00154
32.03536
32.08814
32.15184
32.00937
31.96014
31.92953
31.8908
31.82377
31.9625
31.98794
32.29541
32.05655
32.0664
32.30569
32.04439
32.02184
32.03232
32.05441
31.98916
31.94424
31.95451
32.00017
31.88789
31.91744
31.97491
31.91611
31.89066
31.99232
31.99657
31.92844
31.92121
32.10028
32.12297
31.99804
32.12277
32.10006
31.87004
31.88646
31.911
31.93803
31.90441
31.87677
31.84436
31.72411
31.78362
31.80856
31.7667
31.82071
31.85153
32.00858
31.93682
31.82716
31.96416
31.88357
31.80527
31.85148
31.94699
31.79571
31.88131
31.75847
31.81718
31.7901
31.78961
31.73475
31.79835
31.7095
31.73371
31.90396
31.95332
31.89951
31.91521
31.97468
31.95961
31.95577
31.97725
31.92043
31.94231
32.30624
32.06688
32.05744
32.29627
32.0549
32.03279
32.02269
32.04528
31.94488
31.98991
32.00059
31.95487
31.89093
31.91629
31.97522
31.91785
31.8884
31.99247
31.97069
31.89489
31.92129
31.95127
32.09378
32.08154
32.09138
32.03023
31.81039
31.84509
31.88444
32.00527
32.00366
31.82127
31.79513
31.84061
31.91524
31.89442
31.88466
31.81466
31.78164
31.72349
31.75829
31.85442
31.85203
31.84188
31.71779
31.71155
31.73652
31.85874
31.87015
31.88283
31.87302
31.80153
31.87831
31.78231
31.67417
31.75724
31.89065
31.81707
31.74417
31.96525
31.97012
31.93489
31.9576
31.91586
32.00716
31.96727
31.94836
31.98234
31.97463
31.97224
31.95261
31.92381
31.88154
31.89042
31.87393
31.98331
31.94601
31.99179
32.22944
32.2729
32.0349
32.02187
31.99752
31.93997
31.9727
31.96091
31.91718
31.93324
31.90464
31.9968
31.98995
31.98995
31.92902
32.00677
31.86177
31.84163
31.8441
31.92288
31.90368
31.96252
32.06407
32.07209
32.03334
31.98112
31.98445
31.9494
31.92124
31.91179
31.91764
31.8561
31.80529
31.75434
31.7666
31.78754
31.82276
31.91608
31.7719
31.90566
31.85709
31.72284
31.70096
31.72878
31.62801
31.644
31.59481
31.81116
31.84193
31.77321
31.80874
31.81566
31.85433
31.78401
31.76689
31.7681
31.78601
32.15553
31.91681
31.89377
32.17686
31.90685
31.93331
31.98853
31.92406
31.88899
32.01799
31.94971
31.93449
31.99385
31.95946
31.94272
31.91891
31.94744
31.91101
31.84984
31.89141
31.85224
31.85351
31.93855
32.00321
32.04053
32.0422
31.94166
31.83443
31.7957
31.80954
31.95736
31.59068
31.64885
31.77758
31.67487
31.62097
31.67253
31.71321
31.78003
31.81174
31.80585
31.76283
31.73264
31.75061
31.7014
31.63263
31.61022
31.64583
31.71238
31.87758
31.80774
31.8402
31.89893
31.86738
31.87903
31.89722
31.90939
31.94807
31.90361
31.8997
31.91148
31.84418
32.07729
32.25242
31.93577
31.87199
31.88464
31.9372
31.94212
31.94154
31.92784
31.8869
31.93438
31.96323
31.88887
31.88648
31.83068
31.88129
31.77666
31.77634
31.83704
31.83477
31.82494
31.91937
31.85123
31.87286
31.95776
31.85534
31.8923
31.79147
31.74049
31.74105
31.75387
31.80174
31.73073
31.7992
31.79431
31.73058
31.80645
31.74793
31.77609
31.81613
31.80146
31.64459
31.63794
31.74701
31.75075
31.69667
31.81388
31.80892
31.76377
31.73828
31.7562
31.81339
31.76738
31.81008
31.75156
32.23967
31.92638
31.82485
32.11278
31.82092
31.90795
31.87204
31.85864
31.87838
31.82646
31.78072
31.84619
31.8075
31.73167
31.7241
31.7704
31.81061
31.71208
31.79523
31.75535
31.71604
31.80167
31.91425
31.91623
31.86263
31.87815
31.80063
31.73217
31.67982
31.71698
31.72762
31.687
31.77926
31.70585
31.78647
31.75238
31.73331
31.7194
31.69798
31.66514
31.77693
31.77813
31.66401
31.78171
31.83712
31.73314
31.83385
31.77973
32.18627
31.93423
31.75624
31.87233
31.86818
31.76149
31.81119
31.87638
31.88241
31.89751
31.86057
31.84801
31.79477
31.79832
31.72514
31.71591
31.63758
31.65494
31.63461
31.71553
31.70521
31.74344
31.82345
31.81644
31.80626
31.76653
31.70563
31.71752
31.7077
31.68423
31.70829
31.71359
31.66844
31.65146
31.72819
31.75727
31.65126
31.75947
31.80953
31.70737
31.76665
31.72994
31.91866
32.06735
32.17547
31.91478
31.92136
31.70062
31.91911
32.0678
31.82363
31.87863
31.89494
31.8367
31.82412
31.87911
31.75216
31.74239
31.86106
31.77453
31.74103
31.81136
31.75205
31.70629
31.65641
31.68635
31.61856
31.60818
31.68103
31.6859
31.7052
31.66656
31.70006
31.70869
31.68184
31.6868
31.86848
31.7869
31.84892
31.89717
31.79337
31.85305
31.87321
31.86953
31.78783
31.69486
31.81515
31.89167
31.84494
31.84765
31.8949
31.89231
31.8457
31.75712
31.67329
31.69578
31.81602
31.80343
31.81382
31.93616
31.98465
31.88463
31.71198
31.91172
32.04793
31.98496
31.88495
31.72361
31.91273
31.917
31.74223
31.94182
31.91546
31.91306
31.91737
31.7214
31.72989
31.67595
31.7727
32.01274
32.07459
32.06585
31.99899
32.01312
32.07495
31.85374
31.77658
31.82888
31.94637
31.96354
32.01703
32.01381
31.93413
31.96382
32.01739
31.82935
31.94678
31.92485
31.79895
31.71053
31.75755
31.73546
31.93114
31.85088
31.72214
31.83655
32.01369
32.01894
32.02862
32.04302
32.01391
32.01913
31.93152
31.85129
32.01358
31.93573
31.97419
32.02116
31.87962
31.93601
31.97445
31.79846
31.83398
31.77348
31.91459
31.91089
31.88653
31.88767
31.98417
31.88414
31.91221
32.06508
31.88369
31.84001
32.03577
32.05037
31.91644
31.85273
31.72929
32.01254
31.93294
31.9208
31.79756
31.70922
31.63266
31.79668
31.67584
31.93384
31.97267
32.01157
32.01956
31.9333
31.97215
31.87658
31.83145
31.7959
31.80037
31.82321
31.74148
31.68019
31.65569
31.68025
31.60744
31.68504
31.70431
31.69832
31.78583
31.79124
31.87053
31.86719
31.78576
31.80071
31.89574
31.88958
31.89229
31.85397
31.87067
31.86729
31.80085
31.81087
31.85047
31.84252
31.69367
31.69374
31.84261
31.84492
31.65633
31.67
31.69264
31.62659
31.93388
31.75587
31.76111
31.8108
31.79734
31.71481
31.74128
31.82119
31.70418
31.71607
31.69036
31.71618
31.80358
31.66728
31.81327
31.70612
31.68241
31.70638
31.7119
31.66608
31.64921
31.69666
31.64931
31.75375
31.72584
31.70652
31.75428
31.7257
31.64859
31.80443
31.72039
31.80464
31.703
31.87813
31.84591
31.80717
31.77
31.79344
31.71795
31.7045
31.63697
31.7102
31.71389
31.75333
31.8758
31.7993
31.91324
31.85984
31.73111
31.91143
31.73437
31.6785
31.71543
31.72627
31.69456
31.66189
31.68318
31.71684
31.77663
31.75477
31.77349
31.66209
31.75446
31.77692
31.75058
31.77365
31.82914
31.77327
31.72634
31.82768
31.77395
31.82946
31.93481
32.25147
31.9362
31.96208
31.94101
31.87982
31.93309
31.82902
31.77445
31.83237
31.82251
31.8349
31.82271
31.77452
31.85063
31.87218
31.93141
31.87372
31.88839
31.78703
31.75255
31.79737
31.72819
31.68216
31.66007
31.80324
31.74416
31.77215
31.72779
31.79847
31.8126
31.74207
31.63359
31.77264
31.8063
31.80183
31.84543
31.81594
31.80656
31.80221
31.75774
31.84557
31.8162
31.745
31.80071
31.91573
32.15446
32.17587
31.89276
31.94945
31.92289
31.92658
31.98729
31.94241
31.93419
31.88549
32.01838
31.95684
31.91862
31.93564
32.03873
31.95352
32.03729
32.00041
31.6738
31.80491
31.77653
31.79078
31.5887
31.67064
31.61934
31.67335
31.71061
31.77755
31.7409
31.63766
31.58928
31.64759
31.77806
31.74696
31.7601
31.82653
31.79927
31.86869
31.83066
31.89885
31.88108
31.93642
31.89902
31.81419
31.82711
31.7997
31.74661
31.60552
31.66751
31.86475
31.88452
31.83097
31.9714
31.99054
31.90573
31.90323
31.93862
31.93213
31.99583
32.02025
31.95914
31.9721
31.93163
31.91533
31.98961
31.90104
31.9597
31.88244
32.06812
31.90077
31.94891
32.03006
32.06853
31.81713
31.78143
31.91699
31.75969
31.82005
31.74678
31.89596
31.6253
31.84625
31.72605
31.57038
31.64082
31.70796
31.72732
31.63997
31.59023
31.66668
31.75088
31.64937
31.65032
31.75184
31.73476
31.76778
31.69728
31.83296
31.80112
31.9443
31.90246
31.90932
31.9219
31.91002
31.9217
31.80208
31.76575
31.90324
31.79328
31.75003
32.06552
32.30483
32.29453
32.05565
31.98793
32.02074
31.88637
31.94286
31.96454
31.97315
31.91576
31.91444
31.88916
31.98602
31.94855
32.09079
31.82441
31.85506
31.98355
32.00283
31.82031
31.80938
32.00449
31.88364
31.84421
31.8101
31.84006
31.7484
31.74597
31.79741
31.89269
31.88386
31.74943
31.83861
31.84397
31.82739
31.77065
31.71392
31.71732
31.76348
31.82292
31.72439
31.69513
31.70312
31.82858
31.85571
31.8426
31.71873
31.86557
31.76224
31.84844
31.87426
31.79231
31.85571
31.92075
31.83745
31.92166
31.83874
31.85685
31.9079
31.86276
31.79584
31.87583
31.94578
31.89832
31.98326
31.94617
31.94699
31.99938
32.0317
32.03124
31.99896
32.0216
32.04427
32.05391
31.98871
31.94354
31.95351
31.88943
31.88691
31.97486
31.9162
31.91461
31.97346
31.98608
31.99547
32.12006
31.84553
31.931
31.9036
31.87598
31.86928
31.93729
31.91034
31.88577
31.78261
31.80757
31.8357
31.80841
31.93794
31.87004
31.843
31.9993
31.92793
31.81945
31.88271
31.96332
32.00034
31.84401
31.94579
31.75611
31.66827
31.73132
31.81503
31.8796
31.84241
31.88232
31.94309
31.8756
31.87759
31.88397
31.94499
31.92468
31.92667
31.65345
31.70473
31.79632
31.88781
31.93896
31.96679
31.92945
31.97493
32.00422
31.96725
31.97953
31.93032
31.88769
31.91173
31.88967
32.02088
32.03396
32.05649
31.9909
31.97175
31.93895
31.99646
31.95974
31.90351
31.93198
31.91588
31.93134
31.97509
31.88274
31.94874
32.02757
32.08821
32.07821
31.93182
31.86938
31.93746
31.90383
31.87615
31.8457
31.93124
31.88378
31.84435
31.84646
31.83656
31.67774
31.72295
31.7971
31.73698
31.67779
31.83578
31.78273
31.72305
31.71589
31.71592
31.87403
31.86705
31.71703
31.8751
31.91824
31.67899
31.71725
31.88024
32.01392
31.89824
31.96198
31.96485
31.88149
31.82243
31.78658
31.7926
31.88961
31.94621
31.8464
31.82611
31.85199
31.83114
31.8491
31.80568
31.8309
31.79404
31.81642
31.81904
31.71696
31.79309
31.69864
31.80428
31.91275
31.89603
31.89841
31.87233
31.86386
31.97886
31.85786
31.88472
31.94437
31.98033
31.94606
31.89404
31.87475
31.88683
31.84359
31.89901
31.88805
31.86692
31.91753
31.90594
31.91595
31.89294
32.17604
32.15468
31.88812
31.95625
31.93233
31.98755
31.9724
31.93363
31.9007
31.84114
31.86134
31.84937
31.85296
31.9014
31.96003
31.90134
31.97884
32.0681
31.90075
32.11832
32.06898
32.06118
32.03053
31.80949
32.0046
32.00289
31.82038
31.78546
31.82557
31.92817
31.9995
31.84313
31.81961
31.87402
32.00107
31.87572
31.96321
31.9297
31.88
31.8756
32.00817
31.87771
31.90092
31.96645
31.91869
31.89894
31.88273
31.85199
31.81777
31.99082
31.86328
31.89077
31.97334
31.92176
31.97711
31.83691
31.76085
31.85347
31.76391
31.80416
31.82761
31.84086
31.89026
31.90258
31.83134
31.89369
31.87381
31.76817
31.8454
31.9422
31.86588
31.98824
31.97047
31.90425
31.97314
31.991
31.78868
31.86554
31.94545
32.07654
31.87123
31.88385
31.90625
31.94032
31.88352
31.8206
31.85829
31.92686
31.94123
31.92314
31.90661
31.94068
31.88764
31.88581
31.93338
31.96233
31.82941
31.88512
31.83552
31.7749
31.9364
31.94928
32.00091
31.82322
31.83305
31.77504
32.01833
32.03868
31.93558
31.91857
31.95679
31.93836
32.03784
32.03963
32.01937
31.95427
31.79027
31.82938
31.93727
31.81797
31.78247
31.79166
31.83062
31.80583
31.82157
31.74799
31.79925
31.75073
31.71543
31.94644
32.01561
31.82271
31.89006
31.79297
31.78687
31.84679
31.98793
31.98196
31.83269
31.85021
31.80665
31.82633
31.94947
31.83219
31.98641
31.95359
31.92909
31.88875
31.89416
31.71131
31.83695
31.96367
31.92049
31.90987
31.85019
31.84327
31.96827
31.85522
31.84758
31.82847
31.92746
31.86458
31.838
31.98727
31.8268
31.75998
31.79716
31.76461
31.86191
31.83077
31.80291
31.76479
31.79991
31.75386
31.71869
31.71082
31.7146
31.87652
31.85261
31.73734
31.68455
31.78806
31.66661
31.58874
31.67334
31.61934
31.67065
31.64005
31.76095
31.76478
31.74311
31.82756
31.83897
31.77245
31.83307
31.84839
31.89783
31.83097
31.84172
31.78911
31.70542
31.85848
31.63147
31.71474
31.71742
31.81337
31.69775
31.80246
31.67181
31.72176
31.9734
31.97823
31.99969
31.79016
31.89065
31.9217
31.92854
31.77154
31.83109
31.77143
31.83446
31.89174
31.80409
31.78034
31.77722
31.89379
31.80916
31.89039
31.8193
31.90392
31.94414
31.67937
31.70985
31.76858
31.82155
31.84129
31.83721
31.7259
31.87795
31.64412
31.67697
31.71712
31.80315
31.76766
31.73265
31.77306
31.65781
31.68182
31.82319
31.80035
31.74146
31.79775
31.77952
31.70584
31.75169
31.74192
31.77246
31.58317
31.74216
31.76525
31.72601
31.68559
31.79939
31.7309
31.67846
31.71539
31.78439
31.77672
31.73433
31.75033
31.7787
31.73614
31.6917
31.79697
31.79236
31.73935
31.75222
31.79989
31.72855
31.72778
31.70349
31.79846
31.78013
31.78288
31.70797
31.72734
31.75945
31.80258
31.79329
31.74633
31.79701
31.73128
31.76226
31.84582
31.82664
31.76778
31.65757
31.86559
31.70262
31.72766
31.7844
31.84243
31.81643
31.79405
31.93176
31.80191
31.82473
31.8794
31.73988
31.85008
31.88453
31.7639
31.85347
31.8984
31.88881
31.84086
31.8524
31.91197
31.996
31.86488
31.7864
31.84079
31.80941
31.8939
31.83068
31.92057
31.83878
31.93645
31.90907
31.88626
31.87497
31.55567
31.7285
31.79458
31.84302
31.85107
31.9471
31.49918
31.42254
31.53894
31.71334
31.73595
31.61875
31.73682
31.79031
31.76183
31.7758
31.69298
31.67643
31.61845
31.63536
31.6674
31.7597
31.75248
31.66563
31.76693
31.80083
31.87988
31.68016
31.65565
31.79826
31.79228
31.69929
31.70799
31.84054
31.87198
31.85173
31.81487
31.70636
31.71186
31.70414
31.71604
31.7061
31.6824
31.66929
31.69887
31.77662
31.73107
31.71683
31.68608
31.75791
31.77215
31.81259
31.80323
31.74415
31.66669
31.60474
31.62726
31.64938
31.75088
31.65491
31.75734
31.67271
31.5754
31.75288
31.75641
31.74227
31.70169
31.87427
31.84844
31.83296
31.88232
31.83745
31.8756
31.9431
31.89225
31.95357
31.91786
31.92182
31.85782
31.80238
31.84821
31.7734
31.89603
31.91275
31.93896
31.86386
31.87233
31.82762
31.89026
31.8789
31.90579
31.90885
31.88008
31.92746
31.93013
31.96368
31.86588
31.93654
31.87818
31.88548
31.8876
31.98524
31.76856
31.70983
31.82154
31.76734
31.78121
31.73465
31.73688
31.64411
31.76235
31.85619
31.76482
31.63558
31.67278
31.80027
31.68136
31.59
31.61872
31.65967
31.67331
31.61335
31.59889
31.60004
31.61158
31.64731
31.60658
31.71299
31.71296
31.64414
31.72762
31.78208
31.8916
31.9383
31.89678
31.82358
31.79189
31.73499
31.69612
31.66187
31.72412
31.91152
32.04774
31.91526
31.94161
31.85339
31.79356
31.77205
31.67537
31.77546
31.92438
31.79428
31.77619
31.69723
31.74467
31.79844
31.71009
31.63359
31.82733
31.80768
31.79956
31.86972
31.89568
31.84766
31.7982
31.80246
31.81257
31.87144
31.88582
31.75573
31.77495
31.65882
31.67221
31.76521
31.80442
31.75428
31.72569
31.72405
31.80774
31.83151
31.70597
31.74169
31.77365
31.82914
31.71575
31.83406
31.80619
31.73079
31.80183
31.82653
31.79927
31.86869
31.82014
31.83396
31.8498
31.80112
31.85571
31.90246
31.92075
31.79231
31.91515
31.80375
31.86804
31.87453
31.88781
31.88472
31.97886
31.94436
31.85786
31.99963
31.87622
31.90416
31.97853
31.85782
31.9422
31.98824
31.97047
31.96827
31.84327
32.00281
32.01659
31.79452
31.86084
32.00303
31.79844
31.79763
31.83579
31.73793
31.79959
31.7465
31.69685
31.71289
31.70168
31.74358
31.67836
31.70159
31.68112
31.73314
31.77071
31.71182
31.78815
31.91154
32.01355
31.92193
31.66368
31.57595
31.86724
31.88448
31.96258
31.83071
32.01369
31.93398
31.79808
31.93381
31.79662
31.97263
31.85395
31.89226
31.88954
31.87916
31.85617
31.89457
31.83353
31.69621
31.62903
31.84735
31.70966
31.80363
31.82908
31.72806
31.85844
31.74414
31.86885
31.74934
31.72729
31.8497
31.8063
31.84543
31.89885
31.83065
31.81593
31.82451
31.85464
31.79201
31.94429
31.88452
31.92422
31.95926
31.95779
31.91802
31.93679
31.94202
31.89832
31.94578
31.97493
31.92945
31.96679
31.99914
31.99859
31.95194
31.99742
31.99146
31.91752
32.04185
32.09627
31.94129
31.9227
31.82679
31.8619
31.97297
31.90424
31.94531
31.91251
31.98129
31.73264
31.67734
31.82394
31.85981
31.87121
31.75832
31.66977
31.65251
31.77303
31.74901
31.78183
31.72734
31.89142
31.86147
31.83277
31.77222
31.95403
31.9516
31.78876
31.91141
31.80083
31.79994
31.70966
31.6792
31.59631
31.96774
31.92193
32.02198
31.91495
31.85635
31.84493
31.79996
31.80491
31.80632
31.81567
31.80409
31.84889
31.88523
31.82966
31.85913
31.89825
31.8833
31.86974
31.85089
31.88108
31.84557
31.89901
31.93641
31.89116
31.85633
31.79349
31.83017
31.92169
31.91002
31.92189
31.86475
31.92602
31.9216
31.93953
31.94213
31.96154
31.98325
31.94616
32.00422
31.96724
32.03174
32.00418
31.99733
32.03284
32.11826
31.95729
32.10663
31.93456
31.95943
31.9871
31.99907
32.01973
31.73482
31.76767
31.90956
31.88987
31.77584
31.80315
31.76191
31.79032
31.79015
31.75349
31.93831
31.89698
32.00896
31.98032
31.97737
32.00178
32.01358
31.92211
31.82421
32.07388
31.97962
32.06604
31.88457
31.84088
32.03666
32.05135
31.88141
31.83187
31.9992
31.7359
31.83151
31.79595
31.67568
31.72256
31.83709
31.75806
31.67748
31.87662
31.93332
31.97218
31.81337
31.88976
31.80816
31.88641
31.87221
31.84263
31.69376
31.65634
31.62661
31.697
31.71051
31.65985
31.6299
31.72911
31.74544
31.72585
31.72634
31.82946
31.71044
31.75099
31.71867
31.72945
31.80655
31.81619
31.75773
31.80071
31.80221
31.82772
31.81324
31.81736
31.74088
31.83097
31.90323
31.92166
31.92466
31.93109
31.96647
31.96493
31.8826
31.87408
31.94698
31.93032
31.97953
31.98032
31.94605
32.01781
32.012
32.01505
31.96287
32.01088
31.99394
32.06165
31.96407
32.03467
31.83077
31.93305
32.0418
31.84431
31.94584
31.78133
31.68185
31.86743
31.89368
31.89026
31.81081
31.65787
31.71716
31.75768
31.79216
31.86932
31.76711
31.82381
31.79216
31.66211
31.87861
31.91656
31.85745
31.88118
31.82144
31.74648
31.83838
31.86741
31.66391
31.80088
31.84378
31.72907
31.65306
31.7123
31.93647
31.72396
31.91651
31.91227
31.73026
31.7218
31.74261
31.88035
31.77314
31.79463
31.67634
31.79762
31.70929
31.82808
31.94565
31.92365
31.63273
31.7988
31.6978
31.74515
31.634
31.80022
31.82793
31.84976
31.81089
31.80088
31.86732
31.8707
31.89811
31.84193
31.64932
31.72585
31.75377
31.77654
31.65341
31.67111
31.66209
31.77349
31.75446
31.65376
31.66833
31.68901
31.77395
31.82768
31.63359
31.74207
31.643
31.6912
31.66807
31.74499
31.7997
31.8271
31.81418
31.84065
31.82672
31.74953
31.70269
31.76186
31.85783
31.65067
31.76574
31.80207
31.83873
31.85685
31.79327
31.90789
31.86276
31.81538
31.93518
31.8633
31.82278
31.87256
31.81858
31.88966
31.85968
31.88768
31.91173
31.87475
31.88683
31.89404
31.84358
31.89832
31.94131
31.91774
31.92625
31.95553
31.9339
31.94545
31.991
31.78868
31.86553
31.85523
31.84758
31.93031
32.03697
31.77732
31.80292
31.9173
31.88646
31.85684
31.93454
31.61569
31.68657
31.65493
31.84227
31.72059
31.81337
31.82746
31.78106
31.7056
31.69615
31.73505
31.73304
31.77072
31.72422
31.68088
31.71165
31.81556
31.74676
31.81568
31.83276
31.83268
31.79674
31.67889
31.59604
31.77191
31.95379
32.0018
31.9806
31.72944
31.6534
32.17586
31.91517
31.89536
31.77499
31.83714
31.86158
31.80129
31.74155
31.70688
31.81196
31.75273
31.60747
31.68028
31.65708
31.60899
31.61944
31.68712
31.68507
31.70433
31.79126
31.78587
31.69835
31.77355
31.66757
31.70616
31.85049
31.81638
31.7094
31.71925
31.71579
31.71044
31.70124
31.73612
31.75521
31.73874
31.6861
31.67076
31.70766
31.77693
31.75059
31.76182
31.7829
31.72247
31.7018
31.70968
31.7899
31.74698
31.77264
31.82217
31.78205
31.70806
31.70885
31.75817
31.80398
31.73521
31.81113
31.75301
31.80691
31.60553
31.66751
31.74661
31.65034
31.75185
31.73478
31.76779
31.68206
31.75217
31.66586
31.65512
31.61935
31.58604
31.64052
31.79586
31.72442
31.87583
31.92469
31.92667
31.94499
31.8776
31.91083
31.95613
31.9062
31.8703
31.90051
31.89345
31.89902
31.86692
31.88806
31.83135
31.89369
31.90258
31.87381
31.91368
31.95695
31.88084
31.94219
31.90194
31.99374
31.86458
31.98727
31.99201
31.95773
31.91087
31.84739
31.85647
31.89147
31.78746
31.71963
31.83781
31.84741
31.73595
31.75971
31.7525
31.9576
31.81584
31.84441
31.67329
31.65967
31.66742
31.76481
31.76681
31.70566
31.60006
31.61335
31.60654
31.61153
31.69676
31.78795
31.86125
31.83249
31.95142
32.00901
31.97763
31.87894
31.91686
31.8577
31.8218
31.8814
31.79688
31.78118
31.92055
31.6998
31.91832
32.06702
31.70549
31.75135
31.87828
31.75588
31.93388
31.76112
31.75672
31.93471
31.86873
31.87286
31.76198
31.7063
31.77916
31.80046
31.82327
31.74159
31.81082
31.79736
31.8981
31.79827
31.78
31.81173
31.88311
31.87699
31.79909
31.86125
31.8488
31.79567
31.65595
31.72602
31.71693
31.63875
31.74129
31.71482
31.8212
31.87582
31.70654
31.71677
31.72012
31.63574
31.58419
31.81373
31.8036
31.7643
31.73114
31.85986
31.91327
31.80312
31.7344
31.69372
31.68213
31.72629
31.78207
31.80568
31.75768
31.68787
31.68993
31.7306
31.72819
31.79738
31.75258
31.78807
31.81799
31.78611
31.74855
31.79916
31.80407
31.73503
31.74542
31.76021
31.7782
31.62545
31.73996
31.65373
31.63739
31.63999
31.7403
31.77072
31.69735
31.823
31.76353
31.84016
31.71266
31.73914
31.68792
31.60528
31.72109
31.6535
31.70476
31.79634
31.73142
31.81906
31.71699
31.69866
31.79313
31.82587
31.75021
31.75518
31.73207
31.81801
31.80952
31.75257
31.76818
31.84541
31.76087
31.89685
31.76644
31.82519
31.85288
31.81497
31.85077
31.79701
31.838
31.92746
31.89416
31.71131
31.89039
31.94414
31.90392
31.8193
31.9755
31.8967
31.74478
31.74725
31.7259
31.83721
31.8413
31.87795
31.55566
31.72849
31.79457
31.84301
31.65251
31.8914
31.65239
31.53442
31.71334
31.80025
31.85618
31.84937
31.95771
31.81587
31.72065
31.61643
31.63563
31.64728
31.76234
31.68133
31.74643
31.79952
31.73789
31.75779
31.86944
31.79232
31.82756
31.81345
31.83856
31.90865
31.92705
32.24033
31.82561
32.11354
31.82173
31.87815
31.96211
31.8793
31.9075
31.8595
31.8728
31.8273
31.84594
31.8072
31.93312
31.87986
31.84722
31.80863
31.73271
31.78166
31.77002
31.79347
31.81026
31.81186
31.77164
31.72526
31.75335
31.85067
31.77456
31.82275
31.92136
31.85312
31.91146
31.87376
31.87222
31.79932
31.93148
31.88846
31.95361
31.93515
32.02205
31.96017
31.87682
31.87508
31.78713
31.77668
31.67395
31.80504
31.79092
31.78233
31.67928
31.67074
31.62562
31.5895
31.64777
31.75988
31.82037
31.89629
31.74703
31.65432
31.82884
31.59648
31.64655
31.67781
31.72014
31.84656
31.72624
31.78734
31.70343
31.82886
31.83132
31.77106
31.84301
31.80093
31.75636
31.81527
31.88002
31.83132
31.85212
31.84934
31.85338
31.8057
31.83416
31.82101
31.77387
31.80988
31.89426
31.80436
31.83697
31.97716
31.86341
31.86686
31.887
31.83695
31.83239
31.82117
31.83235
31.88651
31.92077
31.88655
31.67936
31.82173
31.77721
31.90906
31.83877
31.88626
31.93644
31.89697
31.91092
31.74498
31.74737
31.76752
31.78305
31.7812
31.88759
31.79842
31.93457
31.85686
31.88648
31.91732
31.84739
31.85649
31.95775
31.67276
31.73463
31.83576
31.82391
31.8598
31.79762
31.9125
31.98129
31.87121
31.9991
31.88991
31.90957
32.01974
31.86749
31.89032
31.81089
31.89373
31.94587
31.84434
31.84232
31.85614
32.25148
31.93483
31.93621
31.94104
31.9495
31.92293
31.98734
32.01901
31.95071
31.93426
31.94249
31.88554
31.93556
31.96068
31.99495
31.9439
31.92014
31.77449
31.82906
31.9488
31.89294
31.91241
31.85144
31.85401
31.95138
31.85537
32.03736
32.00048
31.94897
32.03012
32.06859
31.98798
31.95272
31.92485
31.81727
31.78157
31.9171
31.86027
31.9222
31.92106
31.84587
31.83015
31.91597
31.74981
31.88416
31.84018
31.88306
31.96362
32.00056
31.9731
31.89215
31.81445
31.82131
31.89207
31.90118
31.80097
31.71432
31.94625
32.01432
31.96517
31.96224
32.02781
31.95879
31.90606
31.83259
31.94562
31.86193
31.83116
31.80594
31.85215
31.99091
31.90101
31.87074
32.01084
32.00292
32.02608
31.91603
31.95357
31.9291
31.96702
31.98567
31.99172
31.98539
31.96701
31.95639
32.01006
31.98871
32.01192
32.02891
31.78033
31.92851
31.8524
31.91196
31.996
31.95696
31.89686
31.85289
31.82515
31.76648
31.81497
31.96292
31.93687
31.88633
31.93412
31.87496
31.93654
31.98524
31.87817
32.00281
32.01659
32.03468
32.03699
31.93033
31.99204
32.00181
31.94531
31.94129
31.9227
31.9871
31.95944
31.95729
31.93456
31.93307
32.04181
31.96408
31.99057
31.97143
31.90576
31.91575
31.93218
31.88797
31.93867
31.9033
31.9572
31.93172
31.97219
31.99123
31.97346
31.93465
31.99121
31.98971
31.93048
31.86343
32.00821
31.99809
31.92457
31.84355
31.90323
31.88492
31.84604
32.06088
31.9785
31.90112
31.95977
32.00736
32.12152
32.00889
31.81016
32.00511
31.84953
31.81518
31.79076
31.77263
31.81406
31.85133
31.82559
31.88838
31.84413
31.86706
31.91833
31.87523
31.71709
31.87591
31.72516
31.73087
31.68637
31.78969
31.87771
31.81878
31.84945
31.89884
31.88254
31.8912
31.86195
31.91589
31.83222
31.8709
32.01098
31.88731
31.85354
31.80703
31.83251
31.85413
31.72137
31.79664
32.00961
31.86691
31.79702
31.75022
31.78639
31.86488
31.87889
31.90579
31.84078
31.90885
31.88008
31.88085
31.94132
31.91369
31.90195
31.9422
31.85078
32.00303
31.79452
31.86084
32.04185
32.09627
32.11826
32.10663
32.06166
32.27142
32.03339
32.22824
32.02029
31.99588
31.9154
31.95921
31.94291
31.88642
31.93242
31.96461
31.97237
31.96632
31.97636
31.99424
31.98606
32.09084
31.9486
31.89687
31.98848
31.92335
32.07811
32.08802
32.02738
31.93796
32.09691
31.93537
31.90835
31.94166
31.87004
31.89103
31.87504
31.84213
31.80414
31.8422
31.87514
31.88126
31.67895
31.83653
31.8756
31.7172
31.96297
32.00089
31.72516
31.97301
31.73091
31.68638
31.74485
31.78978
31.96616
31.91861
32.01522
32.02755
31.9587
31.90609
31.80571
31.82101
31.83417
31.77148
31.83094
31.80231
31.80189
31.8247
31.93175
31.87939
31.95614
31.82588
31.75518
31.73207
31.80952
31.92746
31.88918
31.93013
31.99963
31.90416
31.87622
31.99914
32.01781
32.01505
32.01201
31.91775
31.89832
31.95554
31.92626
31.99374
31.99742
32.03285
32.00419
32.30483
32.06552
32.05567
32.29455
32.05344
32.04342
32.06598
32.0539
32.03125
31.99897
31.98797
32.02078
31.91446
31.97319
31.91582
31.88918
31.97486
31.9146
31.97342
31.99854
31.97663
31.99448
31.99548
32.12007
31.93066
31.92356
31.98877
32.0782
31.93181
32.09694
31.94185
31.90861
31.93566
31.84642
31.7854
31.79089
31.81532
31.84971
31.85152
31.8142
31.77275
31.88146
31.91509
31.88858
31.92951
31.89213
31.82139
31.8144
31.89211
31.8619
31.8099
31.89424
31.94561
31.69757
31.78879
31.70517
31.72165
31.67175
31.77385
31.75257
31.80088
31.68791
31.85006
31.88452
31.73986
31.91785
31.92181
31.95357
31.89224
31.90621
31.93518
31.91083
31.8703
31.90052
31.81801
31.85782
31.87424
31.97853
31.99859
31.95194
31.99146
32.03174
31.99733
31.96288
32.01089
31.99395
31.93391
32.29533
32.05647
32.30535
32.02157
32.03169
32.04424
31.99641
31.95968
31.98867
31.94349
31.95349
31.99936
31.88686
31.88941
31.93282
31.97501
31.93126
31.9649
31.97269
31.96671
31.97674
31.92482
32.00852
31.9487
32.09087
31.98607
31.88267
32.02752
31.89713
31.84626
31.88511
32.08817
32.11829
32.0075
32.12167
32.00907
31.98807
31.91082
31.82553
31.86036
31.83026
31.84596
31.92108
31.92222
31.82571
31.82139
31.71514
31.75045
31.79912
31.74784
31.90117
31.82874
31.77215
31.84136
31.84604
31.84293
31.73912
31.82661
31.84576
31.85838
31.73968
31.72934
31.76777
31.84017
31.71268
31.75221
31.85782
31.84821
31.80239
31.77343
31.91516
31.86804
31.80375
31.92422
31.92466
31.96647
31.93109
31.86331
31.8154
31.87257
31.8228
31.89347
31.91802
31.94214
31.9216
32.22854
31.99087
32.03393
32.27194
31.97171
32.02084
31.91592
31.90591
31.93889
31.90344
31.93228
31.95618
31.9875
32.01913
31.95735
31.93189
31.9158
31.9723
31.93354
31.99147
31.97369
31.99148
31.93483
31.96087
31.9951
31.86363
31.9307
31.85161
31.9126
31.90132
31.95996
31.90125
31.97876
31.84373
31.90338
32.03047
32.06893
32.06113
31.93832
32.0378
31.95278
31.95148
31.92487
31.78242
31.81791
31.83058
31.79162
31.91595
31.78222
31.65417
31.64639
31.59632
31.73131
31.63142
31.74026
31.63993
31.63738
31.65376
31.74
31.77072
31.72002
31.57545
31.65496
31.7529
31.75643
31.75738
31.67274
31.66593
31.7619
31.68211
31.6552
31.58611
31.61943
31.60533
31.72116
31.87454
31.84981
31.95926
31.9578
31.93679
31.92603
31.93954
31.96155
31.96494
31.88261
31.8741
31.8186
31.85786
32.17603
31.89292
32.15466
31.8881
31.93497
31.93636
31.92309
31.95079
31.88758
31.88576
31.94408
31.9357
31.92027
31.89306
31.94893
31.93635
32.00085
31.94921
31.83301
31.82319
31.85411
31.85551
31.92138
32.03959
32.01934
31.95425
31.93512
31.96017
32.02206
31.8058
31.67916
31.62547
31.67063
31.78281
31.74305
31.79906
31.74839
31.78604
31.81797
31.78803
31.80402
31.67762
31.7453
31.79701
31.82216
31.80399
31.75822
31.70891
31.70808
31.78205
31.81275
31.80687
31.74229
31.83397
31.82015
31.82453
31.85467
31.89122
31.85638
31.82776
31.81327
31.8174
31.84068
31.82675
31.74956
31.70272
31.64057
31.8845
31.82168
31.82557
31.94066
31.9066
31.96231
31.92682
31.9412
31.88383
31.87924
31.85945
31.90745
31.84715
31.80858
31.82938
31.88507
31.88013
31.77487
31.83547
31.79389
31.81184
31.77162
31.77502
31.85312
31.87447
31.85259
31.88928
31.93222
31.91215
31.79989
31.9141
31.8768
31.87507
31.80309
31.7373
31.68452
31.66658
31.78803
31.77865
31.68994
31.68786
31.75766
31.80562
31.78205
31.73062
31.73494
31.73515
31.70961
31.68634
31.71576
31.8062
31.83407
31.71875
31.66807
31.6912
31.64302
31.753
31.8111
31.79206
31.72732
31.84977
31.83024
31.79356
31.88342
31.85101
31.74095
31.72955
31.90864
31.92705
32.24034
31.87289
32.18684
31.86877
31.82728
31.87279
31.87703
31.88314
31.73269
31.78164
31.79569
31.84883
31.71081
31.72525
31.63876
31.71695
31.71867
31.71458
31.82203
31.8765
31.70656
31.72013
31.71682
31.86072
31.73438
31.68213
31.69373
31.69888
31.73616
31.71585
31.73877
31.75523
31.73612
31.7013
31.71053
31.71959
31.70769
31.68605
31.75787
31.72401
31.83148
31.80769
31.72586
31.65377
31.689
31.66831
31.72244
31.78984
31.78285
31.76179
31.70179
31.6708
31.73079
31.74935
31.8689
31.74412
31.85843
31.89834
31.86986
31.88523
31.85917
31.75112
31.74549
31.70014
31.70584
31.76202
31.75675
31.93475
31.70633
31.89814
31.7983
31.81178
31.78003
31.86162
31.80132
31.86129
31.79914
31.75277
31.81199
31.72607
31.65599
31.61948
31.68716
31.77244
31.76524
31.74214
31.58315
31.79226
31.77363
31.70621
31.66763
31.63579
31.58426
31.80471
31.6917
31.81471
31.84052
31.81486
31.8517
31.87195
31.84198
31.81646
31.71932
31.70949
31.6693
31.75573
31.67222
31.65883
31.76521
31.7766
31.6599
31.67119
31.65347
31.68619
31.70594
31.72804
31.82906
31.70966
31.80362
31.84887
31.82965
31.8049
31.80409
31.72912
31.71053
31.92089
32.1759
31.91521
31.8954
31.72401
31.71234
31.80082
31.83718
31.77503
31.74266
31.72186
31.87983
31.79421
31.92432
31.88041
31.79469
31.77319
31.74159
31.70692
31.79821
31.69718
31.70795
31.79838
31.7446
31.79885
31.69785
31.74521
31.60902
31.65711
31.69925
31.82727
31.79951
31.80761
31.82797
31.8082
31.83715
31.80026
31.84979
31.80241
31.87139
31.88577
31.87911
31.85615
31.89455
31.91495
31.85636
31.88645
31.87223
31.89813
31.84734
31.69621
31.62903
31.79995
31.81566
31.80633
31.69703
31.62994
32.04768
31.91145
31.91519
31.88739
31.94376
31.77438
31.88856
31.94154
31.85332
31.88441
32.06611
31.88464
31.74698
31.73031
31.77613
31.99926
32.01364
31.93392
31.96774
31.73597
31.63407
31.79802
31.72262
31.75813
31.67754
32.04347
31.93066
31.77071
32.13917
32.2002
32.25063
32.20019
32.15418
31.95637
32.07387
32.21812
32.15416
32.21812
31.95636
32.17505
31.97963
31.80137
31.93068
31.74367
31.94356
31.79992
31.76492
31.70965
32.04345
31.9435
31.82423
31.76487
31.74141
31.74137
31.9429
31.88652
31.91087
32.04709
31.77349
31.88766
31.83999
31.74608
32.11765
32.17546
32.07653
32.02857
32.04623
32.10037
32.12096
32.03577
32.05037
32.15298
32.13732
32.01076
32.11768
31.94296
31.88658
32.02861
32.04626
31.88772
31.84007
32.03581
32.05041
32.06515
31.9982
31.8804
32.0108
31.88029
31.99812
32.06507
31.92083
31.93299
32.01258
32.04718
31.91095
31.77354
31.91465
31.88376
31.83083
31.88726
31.94364
32.11841
32.02933
32.0773
32.17623
32.04702
32.03662
32.12182
32.10116
32.05131
32.01179
32.13837
32.15393
32.11844
32.02937
31.88733
31.9437
32.04705
31.8885
32.01184
31.77423
31.88842
31.8408
31.92187
31.88131
31.83178
31.77431
31.74691
32.11769
32.02861
32.07654
32.17547
32.04627
32.03581
32.12096
32.10037
32.05041
32.01081
32.13732
32.15298
32.11765
32.02858
31.94292
32.04623
32.01077
31.88035
31.99814
31.88772
31.84005
31.88035
31.83078
31.74606
31.83077
31.77416
31.88836
31.84073
31.74676
32.11837
32.17623
32.0773
32.02929
32.04697
32.10116
32.12182
32.03657
32.05126
32.15393
32.13836
32.01175
32.11848
32.02941
32.04709
31.84094
32.03669
32.05138
31.88146
32.01188
31.8872
31.94358
31.88125
31.92197
32.02198
31.92183
31.83193
31.88418
31.98421
31.93573
31.71156
32.04712
31.94088
31.67543
31.77553
31.85276
31.72937
32.06515
31.9982
32.01207
32.07399
32.01202
31.7755
32.07393
31.82803
32.01611
31.96265
31.94562
32.01606
31.96262
31.828
31.92358
31.94557
32.01241
32.04164
32.02736
32.01778
32.01242
31.84962
31.93
32.0177
31.91826
31.91438
32.17507
32.06696
31.9183
31.69978
31.92054
32.067
31.89453
31.83625
31.74174
31.72317
31.87822
31.82325
31.74157
31.75133
31.87826
31.68496
31.60742
31.6178
31.66569
31.70428
31.70711
31.6963
31.84772
31.81326
31.86977
31.69256
31.85404
31.89245
31.88974
31.8038
31.81334
31.89705
31.86008
31.81083
31.86057
31.79778
31.72454
31.68569
31.75147
31.65425
31.63379
31.58231
31.81371
31.76428
31.76263
32.23939
31.9261
31.87198
32.18593
32.11254
31.8246
31.87174
31.90766
31.82068
31.85839
31.72359
31.73124
31.7699
31.73109
31.75036
31.78442
31.7035
31.81023
31.85141
31.73595
31.68305
31.68562
31.79944
31.75224
31.79992
31.77675
31.72604
31.72857
31.63322
31.74169
31.71045
31.88794
31.91849
31.94697
31.88457
31.88715
31.94234
31.95913
31.91063
31.89089
31.85166
31.74632
31.69668
31.69712
31.79329
31.62726
31.63966
31.60474
32.22821
32.03337
32.27139
31.92864
31.98959
31.98951
31.99632
32.0063
31.84116
31.86135
31.92242
31.84362
31.97841
31.94881
32.06082
31.92023
31.91062
31.82942
31.93731
31.9485
31.91641
31.62441
32.05344
32.0434
31.95315
32.02732
32.08798
32.07807
31.91377
31.90937
31.83096
31.94202
32.06599
32.29535
32.30535
31.9281
31.99626
31.99216
31.92097
32.12004
32.09688
32.09693
31.76555
31.81318
31.79385
31.78425
31.88166
31.80319
31.88287
31.8491
31.93113
32.22857
32.27197
32.09089
31.79768
31.81316
31.87257
31.9731
31.85968
31.98963
31.92864
32.00643
31.9965
31.98965
31.84367
31.92249
31.7657
31.80772
31.87092
32.07623
32.11248
31.82454
31.93498
32.25163
31.93638
31.88712
31.91847
31.94233
31.94695
31.91059
31.95909
31.88454
31.88016
31.89085
31.85162
31.83233
31.83487
31.92022
31.94849
31.91062
31.9139
31.89291
31.88316
31.81339
31.794
31.83947
31.79755
31.90944
31.9109
31.8495
31.8035
31.84434
31.93154
31.84637
31.81898
31.95957
31.95742
31.94856
31.97792
31.99917
31.98276
31.98325
31.94888
31.92407
31.8917
31.70551
31.77159
31.71689
31.67051
31.8305
31.97298
31.97173
31.87168
31.90761
31.86781
31.87599
31.78028
31.82606
31.88199
31.84755
31.73118
31.72353
31.76983
31.71384
31.71015
31.63693
31.70447
31.71791
31.79391
31.91216
31.87449
31.91411
31.86073
31.73592
31.85136
31.68303
31.88931
31.93224
31.66498
31.74091
31.63772
31.76229
31.71184
31.71066
31.72967
31.62835
31.82626
31.79781
31.76518
31.85427
31.80711
31.79669
31.92419
31.76842
31.7534
31.7685
31.83053
31.86763
31.83051
31.69162
31.66824
31.83085
31.73722
31.7773
31.71962
31.75416
31.68655
31.6549
31.78744
31.8378
31.7348
31.78131
31.70014
31.9209
31.79775
31.72451
31.71533
31.79425
31.75144
31.68566
31.58229
31.63377
31.65423
31.61778
31.66567
31.81472
31.80472
31.82205
31.69032
31.64001
31.59026
31.62448
31.64083
31.57039
31.72934
31.70404
31.7055
31.82173
31.53906
31.61566
31.8474
31.75838
31.74913
31.79014
31.75335
32.17503
31.91434
31.91823
32.06693
31.8945
31.83622
31.8782
31.74043
31.77398
31.72081
31.70562
31.81327
31.66727
31.69664
31.66607
31.64858
31.68317
31.69669
31.69712
31.63966
31.73965
31.93518
31.84939
31.63567
31.78572
31.86716
31.6492
31.77326
31.66188
31.63321
31.68215
31.66006
31.87424
31.88918
31.75998
31.79715
31.90987
31.85019
31.7646
31.83084
31.73719
31.67695
31.69928
32.01199
32.07391
32.01603
31.82795
31.94553
31.67713
31.81322
31.8425
31.69254
31.90932
31.97309
31.65336
31.74963
31.71063
32.02735
32.04163
32.01236
32.01773
32.01956
32.01157
31.80619
31.96269
32.01614
31.93007
31.84969
32.01246
32.01774
31.85405
31.89247
31.80381
31.67653
31.98423
31.8842
31.94095
31.74613
31.85279
31.77556
32.01209
32.07401
31.69266
31.67001
31.76264
31.80464
31.703
31.88447
31.76479
31.97173
31.85606
31.69947
31.70714
31.75003
31.88397
32.00179
31.66566
31.61849
31.63539
31.59894
31.77147
31.71958
31.81276
31.87258
31.82847
31.75417
32.18681
31.85591
31.84274
31.69536
31.71889
31.66836
31.93411
31.96289
32.00957
31.88637
31.93685
31.78302
31.94709
31.85106
31.76733
31.92663
32.02843
32.01167
32.00959
31.89279
32.17589
32.15448
31.94889
31.89836
31.88169
31.88547
31.83193
31.80639
31.94909
31.82604
31.84997
31.70402
31.95317
32.12006
31.93517
31.91614
31.80106
31.83081
31.65753
31.99841
31.76088
31.76471
31.71467
31.84826
31.89768
32.07653
31.87121
32.25162
31.93335
31.65069
32.11351
31.75383
31.75168
31.74191
31.77952
31.81254
31.77494
31.93651
31.6764
31.71001
31.83347
31.67706
31.80617
31.91225
31.91648
31.72086
31.77401
31.88377
31.74046
31.7721
31.79362
31.67535
31.79357
31.70565
31.70917
31.63264
31.73455
31.93009
31.73449
31.75661
31.83542
31.72103
31.84967
31.79827
31.72083
31.67562
31.91262
31.75126
31.70548
31.80044
31.77915
31.74112
31.77146
31.66987
31.62653
31.86782
31.87602
31.88203
31.84758
31.82613
31.78035
31.79429
31.71537
31.71473
32.07628
31.87097
31.88359
31.94039
31.90633
31.91302
31.73095
31.66499
31.73936
31.79238
31.79699
31.78015
31.80898
31.80258
31.98722
32.0177
31.99354
31.84941
31.853
31.90073
31.7903
31.8165
31.76219
31.72963
31.75942
31.71174
31.62827
31.97017
31.89439
32.11803
31.9729
31.992
31.92083
31.99507
31.94812
32.00507
31.83935
31.78695
31.97312
31.96497
31.97035
31.89453
31.78432
31.72762
31.7026
31.76514
31.94827
31.78439
31.84945
31.79016
31.98722
32.0177
31.99352
31.98357
31.85512
31.82449
31.91646
31.88193
31.98774
31.83457
32.23934
31.92605
31.82246
31.81652
31.74612
31.74872
31.89294
31.93435
31.91036
32.1859
31.87196
31.89703
31.86006
31.7147
31.91296
31.77756
31.80898
31.7214
31.71687
31.6707
31.66836
31.82445
31.71067
31.74967
31.67737
31.65342
31.65256
31.75706
31.66986
31.75124
31.86055
31.81081
31.6074
31.68494
31.70426
31.74111
31.82425
31.68346
31.7241
31.93569
31.71151
31.98415
31.88412
31.72312
31.91218
31.74169
31.91641
31.87052
31.75476
31.69455
31.68636
31.91456
31.8527
31.72931
31.94087
31.74683
31.70909
31.73447
31.63256
31.75653
31.83534
31.93002
31.8496
31.72095
31.67576
31.80066
31.66985
31.75699
31.68336
31.72398
31.77075
31.68262
31.78287
31.69848
31.8837
31.69365
31.62651
31.63859
31.68257
31.91262
31.78296
31.73456
31.72089
31.72039
31.97314
31.69309
31.57625
31.69858
31.72935
31.79362
31.6754
31.69635
31.7162
31.70654
31.63555
31.81797
31.98633
31.88251
32.11808
31.80845
31.89251
31.93394
31.83284
31.64
31.70169
31.79774
31.83172
31.63352
)
