/*--------------------------------*- C++ -*----------------------------------*\
| =========                 |                                                 |
| \\      /  F ield         | OpenFOAM: The Open Source CFD Toolbox           |
|  \\    /   O peration     | Version:  5.x                                   |
|   \\  /    A nd           | Web:      www.OpenFOAM.org                      |
|    \\/     M anipulation  |                                                 |
\*---------------------------------------------------------------------------*/
FoamFile
{
    version     2.0;
    format      ascii;
    class       volScalarField;
    location    "20/tumor";
    object      T;
}
// * * * * * * * * * * * * * * * * * * * * * * * * * * * * * * * * * * * * * //

dimensions      [0 0 0 1 0 0 0];

internalField   nonuniform List<scalar> 
636
(
38.99316
38.96826
39.20309
39.18042
38.85121
38.82438
38.95
39.77197
39.32148
38.89212
39.82141
40.22869
40.0525
39.32263
39.86841
40.28251
40.13485
39.44818
39.27052
39.90454
39.77854
39.21805
38.68825
39.20372
39.16216
38.60635
39.02858
39.00875
39.77264
40.15322
39.98653
39.29382
38.99319
40.2295
40.63542
40.47533
39.82036
38.89091
39.20307
40.28305
40.69765
40.54344
39.98099
39.09616
38.85117
39.90464
40.34995
40.19815
39.71381
38.70094
39.20367
39.64737
39.46962
39.06597
38.96574
38.86073
38.50641
39.00866
39.00026
39.32136
39.98591
39.8496
39.25765
38.96818
40.05202
40.47498
40.32372
39.7874
38.85826
39.18022
40.13418
40.54316
40.38698
39.95183
39.0777
38.824
39.77741
40.19798
40.03704
39.67604
38.72781
39.16164
39.46944
39.30955
39.01796
38.86062
38.77462
38.50633
38.44307
38.89198
39.29362
39.25766
38.82306
39.32251
39.8202
39.78772
39.22992
39.4479
39.98076
39.9518
39.37194
39.2162
39.71345
39.67576
39.11577
38.60568
39.06568
39.01774
38.46562
38.89083
38.85832
39.09607
39.07768
38.70081
38.72778
39.00112
38.99636
39.05906
39.20418
39.26556
38.97949
39.20173
38.9857
38.94724
38.9745
39.21535
39.0889
39.35091
39.04179
39.14941
39.20588
39.42278
39.47613
39.55252
39.61706
39.13232
38.92228
39.40606
39.23958
39.51345
39.35652
38.91241
39.01773
39.00457
38.88684
39.13422
39.39234
39.03232
39.30105
39.24729
39.07857
39.12978
39.60093
39.65747
39.49657
39.56715
38.97675
39.05223
38.84052
39.56578
39.40253
39.45204
39.30897
39.04978
38.97398
38.85496
39.10763
38.82099
38.91872
39.30925
39.3482
39.08319
39.14062
39.26976
39.11565
39.06437
38.90918
38.81614
38.60967
38.75725
38.83276
38.76952
38.61222
39.01574
39.02398
39.09521
39.22094
39.3038
38.99998
39.21785
38.99215
39.00118
39.13005
39.13349
39.44054
39.13022
39.42982
39.44095
39.65846
39.09217
39.59997
39.4708
39.57519
39.45697
39.83832
39.73371
39.05823
39.06052
39.38244
38.92072
38.97448
39.08886
39.21537
38.94722
39.35089
38.87988
39.42678
38.99092
39.57989
39.1471
39.71794
39.29911
38.84306
39.13413
39.0322
39.00454
39.39229
38.88682
39.30099
39.02575
39.39331
38.93186
39.75509
39.33237
39.68754
39.2224
38.8998
38.76012
38.85494
39.10772
38.82108
39.52953
38.92043
39.32244
39.53044
39.77053
39.32313
39.60359
38.78251
38.97656
38.56516
39.49565
39.03634
39.23801
38.7964
38.93605
38.61377
38.93623
39.25741
38.61381
38.87515
39.24321
38.79438
38.83503
39.45911
39.48968
39.08685
39.11573
38.98503
38.75788
38.57441
39.39337
39.22127
39.03443
38.84817
38.89155
38.52385
38.52228
38.58287
38.73292
38.76411
38.57769
38.58846
38.68589
38.51212
38.51053
39.02413
39.22112
39.09536
39.30397
39.10439
39.38973
39.44752
39.10438
39.24168
39.44752
39.54144
39.36507
39.23577
39.08479
39.42423
39.3045
38.96792
39.03306
38.99645
39.20427
39.05914
39.26565
38.91573
39.5519
39.13532
39.37068
38.97771
39.63034
39.20588
39.42283
39.14942
39.55257
39.04179
39.47616
39.20586
39.61708
39.34124
39.94583
39.47413
39.8804
39.40105
40.00486
39.55568
39.05082
38.93896
39.10707
39.60093
39.07854
39.49652
39.24723
39.65741
39.12967
39.56699
38.95357
39.14357
39.01233
39.30918
39.08312
38.91856
39.34792
39.14036
39.2161
39.46004
38.96961
39.7625
39.26462
39.50958
39.02243
38.78131
38.7572
38.83258
39.45905
38.79434
39.08681
39.24305
39.48956
38.8349
39.11562
38.64743
38.69375
39.10341
38.68339
38.7312
38.7329
38.57767
38.76403
38.58839
38.99828
38.76274
38.77428
38.99825
39.04709
38.77425
38.82484
38.68588
38.6628
38.50352
38.91397
38.72811
38.71874
38.54031
38.578
38.57797
38.68479
38.5507
38.99992
39.21774
38.992
39.08472
39.36492
39.42408
39.23558
39.30434
39.3392
39.20677
39.20675
39.01455
38.94404
38.97943
39.20162
38.98557
39.57496
39.59978
39.8379
39.09197
39.45663
39.47049
39.73327
38.89172
39.51793
39.11068
39.02867
39.3428
38.87445
39.40591
39.1322
39.51323
39.23941
38.92221
39.3563
39.32827
39.91663
39.45781
39.5736
39.11825
39.73047
39.2791
39.03104
38.80548
39.56542
39.05195
39.45139
38.97663
39.40208
38.84052
39.30772
39.51072
39.8781
39.41797
39.75916
39.28
39.68411
39.18922
38.95012
38.84244
38.73761
39.26864
39.06348
39.10893
38.90407
39.19532
39.42003
38.95055
39.48601
38.99945
39.21103
38.74739
38.56275
38.76904
38.61087
39.39289
38.75758
39.03416
38.98427
39.22072
38.57404
38.84786
38.61399
38.64114
38.82867
38.44206
38.45321
38.68572
38.51039
38.51193
38.91389
38.6627
38.71868
38.68575
38.72801
38.5034
38.54023
38.61936
38.59357
38.43998
38.61935
38.44183
38.43997
38.55065
38.96779
39.03294
38.94404
39.06034
39.05808
39.38222
38.9206
39.37049
39.55166
39.63006
38.91561
38.9776
39.13518
39.20574
39.02901
39.51785
39.34384
38.89173
39.11068
38.87463
38.96966
38.91233
39.01764
39.5797
39.42661
39.7177
38.87982
39.14698
38.99083
39.29898
39.88028
39.94565
40.00472
39.34112
39.40096
39.474
39.55559
39.57549
39.91677
39.73124
39.32836
39.11854
39.45785
39.27918
38.81037
39.38702
38.95091
38.81027
38.95073
39.04968
38.97388
39.75476
39.39272
39.68707
39.02566
39.33221
38.93177
39.2222
39.75944
39.87799
39.68437
39.51068
39.28004
39.41792
39.18928
38.93737
39.28536
38.85037
38.93731
38.85032
38.8185
38.60749
39.49483
38.97385
39.23709
38.78241
39.03605
38.56473
38.79603
39.76225
39.45967
39.50929
39.21588
39.26444
38.96937
39.02223
39.48639
39.41957
39.21162
39.19522
38.99952
38.95037
38.74748
38.6715
38.84833
38.4422
38.67147
38.44219
38.89105
38.522
38.52356
39.10316
38.69354
38.73103
38.64723
38.68322
38.82876
38.64105
38.45323
38.61387
38.44208
38.84299
38.93891
39.05074
39.10702
39.03107
38.80553
38.89972
38.76005
39.14351
38.95346
39.01225
38.84245
38.95009
38.73761
38.78121
38.56276
39.52454
39.90718
39.40423
40.03983
39.59369
39.96387
39.49276
40.03965
39.90691
39.96367
39.52438
39.59356
39.40405
39.49261
)
;

boundaryField
{
    tumor_to_gland
    {
        type            compressible::turbulentTemperatureCoupledBaffleMixed;
        refValue        nonuniform List<scalar> 
1125
(
38.68707
38.68707
38.68707
38.68707
38.68707
38.68707
38.53606
38.53606
38.53606
38.68045
38.68045
38.68045
38.68045
38.65784
38.65784
38.33235
38.33235
38.33235
38.60913
38.60913
38.60913
38.60913
38.48478
38.48478
38.48478
38.48478
38.77713
38.77713
38.77713
38.77713
38.66819
38.66819
38.66819
38.68993
38.68993
38.68993
38.68993
38.68993
38.68044
38.68044
38.68044
38.68044
38.65781
38.65781
38.33236
38.33236
38.33236
38.39758
38.39758
38.39758
38.39758
38.77721
38.77721
38.77721
38.77721
38.68712
38.68712
38.68712
38.68712
38.68712
38.68712
38.35695
38.35695
38.35695
38.35695
38.29396
38.29396
38.60904
38.60904
38.60904
38.60904
38.24457
38.24457
38.24457
38.24457
38.09249
38.09249
38.09249
38.09249
38.09249
38.09249
37.90592
37.90592
37.90592
37.90592
38.66812
38.66812
38.66812
38.83977
38.83977
38.83977
38.83977
38.53602
38.53602
38.53602
38.20889
38.20889
38.20889
38.13783
38.13783
38.48474
38.48474
38.48474
38.48474
38.07551
38.07551
38.07551
38.07551
37.90587
37.90587
37.90587
37.90587
38.68984
38.68984
38.68984
38.68984
38.68984
38.50842
38.50842
38.50842
38.50842
38.43925
38.43925
38.09259
38.09259
38.24445
38.24445
38.24445
38.24445
38.07549
38.07549
38.07549
38.07549
38.35692
38.35692
38.35692
38.35692
38.20889
38.20889
38.20889
38.29391
38.29391
38.13781
38.13781
38.39845
38.39845
38.38616
38.38616
38.40393
38.40393
38.40393
38.43397
38.43397
38.43397
38.43397
38.50002
38.50002
38.50002
38.50002
38.48558
38.48558
38.48558
38.48558
38.53208
38.53208
38.53208
38.53208
38.51607
38.51607
38.51607
38.51607
38.36422
38.36422
38.36422
38.38831
38.38831
38.38831
38.38831
38.37787
38.37787
38.25727
38.25727
38.25727
38.46845
38.46845
38.45019
38.45019
38.3382
38.3382
38.31835
38.31835
38.32599
38.32599
38.20411
38.20411
38.20411
38.69403
38.69403
38.69403
38.75624
38.75624
38.75624
38.75624
38.74245
38.74245
38.74245
38.74245
38.6667
38.6667
38.6667
38.56249
38.56249
38.56249
38.54086
38.54086
38.54086
38.80261
38.80261
38.80261
38.80261
38.7705
38.7705
38.7705
38.7705
38.67872
38.67872
38.67872
38.67872
38.67872
38.67872
38.77958
38.77958
38.77958
38.77958
38.77958
38.48324
38.48324
38.48324
38.72095
38.72095
38.72095
38.72095
38.72095
38.43306
38.43306
38.77074
38.77074
38.77074
38.77074
38.43304
38.43304
38.71188
38.71188
38.71188
38.71188
38.6124
38.6124
38.6124
38.6124
38.63871
38.63871
38.63871
38.63871
38.31695
38.31695
38.31695
38.67421
38.67421
38.67421
38.67421
38.28419
38.28419
38.38804
38.38802
38.63076
38.63076
38.63076
38.63076
38.56223
38.56223
38.56223
38.56802
38.56802
38.56802
38.44698
38.44698
38.44698
38.62657
38.62657
38.62657
38.62657
38.45405
38.45405
38.54128
38.54128
38.54128
38.54128
38.26456
38.26456
38.26456
38.4863
38.4863
38.4863
38.4863
38.4863
38.58421
38.58421
38.58421
38.58421
38.33331
38.33331
38.30926
38.30926
38.21164
38.19234
38.19234
38.34493
38.34493
38.34493
38.34493
38.40018
38.40018
38.40018
38.40018
38.37341
38.37341
38.37341
38.37341
38.48716
38.48716
38.48716
38.48716
38.57981
38.57981
38.57981
38.56728
38.56728
38.56728
38.45953
38.45953
38.45953
38.45953
38.6941
38.6941
38.6941
38.69584
38.69584
38.69584
38.79514
38.79514
38.79514
38.79514
38.69589
38.69589
38.69589
38.76493
38.76493
38.76493
38.76493
38.74599
38.74599
38.74599
38.74599
38.65193
38.65193
38.65193
38.61632
38.61632
38.61632
38.61632
38.77052
38.77052
38.77052
38.77052
38.54087
38.54087
38.54087
38.56252
38.56252
38.56252
38.80264
38.80264
38.80264
38.80264
38.43205
38.43205
38.43205
38.46299
38.46299
38.46299
38.6991
38.6991
38.6991
38.6991
38.6991
38.40394
38.40394
38.40394
38.43396
38.43396
38.43396
38.43396
38.71185
38.71185
38.71185
38.71185
38.55974
38.55974
38.55974
38.55974
38.58127
38.58127
38.58127
38.58127
38.26095
38.26095
38.26095
38.27806
38.27806
38.27806
38.27806
38.37786
38.37786
38.25726
38.25726
38.25726
38.56223
38.56223
38.56223
38.50199
38.50199
38.38735
38.38735
38.38735
38.20482
38.20482
38.06629
38.06629
38.48632
38.48632
38.48632
38.48632
38.48632
38.54128
38.54128
38.54128
38.54128
38.26454
38.26454
38.26454
38.14265
38.14265
38.14265
38.30209
38.30209
38.30209
38.36388
38.36388
38.36388
38.36388
38.36388
38.06937
38.06937
38.16005
38.16005
38.16005
38.16005
38.16005
38.16003
38.16003
38.16003
38.16003
38.16003
38.42433
38.42433
38.42433
38.42433
38.29889
38.29889
38.29889
38.29889
38.29889
38.29889
38.27042
38.27042
38.27042
38.27042
38.27042
38.27042
38.29666
38.29666
38.29666
38.29666
38.0846
38.0846
38.0846
38.0846
38.3425
38.3425
38.3425
38.3425
38.3425
38.04923
38.04923
38.04923
38.04923
37.98296
37.98296
37.98296
37.98296
37.98296
37.95176
37.95176
37.95176
37.95176
38.57981
38.57981
38.57981
38.56725
38.56725
38.56725
38.66761
38.66761
38.66761
38.66761
38.65157
38.65157
38.65157
38.65157
38.65154
38.65154
38.65154
38.65154
38.64082
38.64082
38.64082
38.64082
38.54345
38.54345
38.54345
38.54345
38.52529
38.52529
38.52529
38.52529
38.75631
38.75631
38.75631
38.75631
38.74245
38.74245
38.74245
38.74245
38.76493
38.76493
38.76493
38.76493
38.72273
38.72273
38.72273
38.72273
38.70827
38.70827
38.70827
38.70827
38.67791
38.67791
38.67791
38.67791
38.6605
38.6605
38.6605
38.6605
38.39846
38.39846
38.38616
38.38616
38.67871
38.67871
38.67871
38.67871
38.67871
38.67871
38.58792
38.58792
38.58792
38.58792
38.58792
38.58792
38.57247
38.57247
38.57247
38.57247
38.57247
38.57247
38.26301
38.26301
38.24625
38.24625
38.50002
38.50002
38.50002
38.50002
38.53207
38.53207
38.53207
38.53207
38.48557
38.48557
38.48557
38.48557
38.51607
38.51607
38.51607
38.51607
38.37544
38.37544
38.37544
38.37544
38.33838
38.33838
38.33838
38.33838
38.3552
38.3552
38.3552
38.3552
38.46844
38.46844
38.33819
38.33819
38.4502
38.4502
38.31837
38.31837
38.14627
38.14627
38.27124
38.27124
38.12312
38.12312
38.33325
38.33325
38.58399
38.58399
38.58399
38.58399
38.30915
38.30915
38.42826
38.42826
38.42826
38.42826
38.1413
38.1413
38.40454
38.40454
38.40454
38.40454
38.11413
38.11413
38.40011
38.40011
38.40011
38.40011
38.37325
38.37325
38.37325
38.37325
38.29883
38.29883
38.29883
38.29883
38.29883
38.29883
38.27032
38.27032
38.27032
38.27032
38.27032
38.27032
38.19781
38.19781
38.19781
38.19781
38.19781
38.19781
38.1641
38.1641
38.1641
38.1641
38.1641
38.1641
38.21449
38.21449
38.21449
38.21449
37.98293
37.98293
37.98293
37.98293
37.98293
37.95171
37.95171
37.95171
37.95171
38.05898
38.05898
38.05898
38.05898
38.05895
38.05895
38.05895
38.05895
38.02445
38.02445
38.02445
38.02445
37.87476
37.87476
37.87476
37.87476
38.45948
38.45948
38.45948
38.45948
38.5434
38.5434
38.5434
38.5434
38.52527
38.52527
38.52527
38.52527
38.66664
38.66664
38.66664
38.65183
38.65183
38.65183
38.74587
38.74587
38.74587
38.74587
38.72264
38.72264
38.72264
38.72264
38.70824
38.70824
38.70824
38.70824
38.55329
38.55329
38.55329
38.55329
38.55329
38.55329
38.55329
38.55329
38.68196
38.68196
38.68196
38.68196
38.57703
38.57703
38.57703
38.57703
38.77951
38.77951
38.77951
38.77951
38.77951
38.72085
38.72085
38.72085
38.72085
38.72085
38.48322
38.48322
38.48322
38.41826
38.41826
38.41826
38.65264
38.65264
38.65264
38.65264
38.65264
38.61706
38.61706
38.61706
38.61706
38.61706
38.35262
38.35262
38.35262
38.36425
38.36425
38.36425
38.38839
38.38839
38.38839
38.38839
38.61241
38.61241
38.61241
38.61241
38.63883
38.63883
38.63883
38.63883
38.46763
38.46763
38.46763
38.46763
38.46769
38.46769
38.46769
38.21843
38.21843
38.21843
38.21843
38.32618
38.32618
38.20444
38.20444
38.20444
38.56872
38.56872
38.56872
38.4507
38.4507
38.4507
38.38621
38.38621
38.24467
38.24467
37.99389
37.99389
38.19238
38.19238
38.21572
38.21572
38.34481
38.34481
38.34481
38.34481
38.28151
38.28151
38.28151
38.28151
37.98786
37.98786
38.00646
38.17613
38.17613
38.17613
38.08448
38.08448
38.08448
38.08448
38.34236
38.34236
38.34236
38.34236
38.34236
38.29642
38.29642
38.29642
38.29642
38.04912
38.04912
38.04912
38.04912
38.19772
38.19772
38.19772
38.19772
38.19772
38.19772
38.16404
38.16404
38.16404
38.16404
38.16404
38.16404
38.26719
38.26719
38.26719
38.26719
37.9659
37.9659
37.9659
37.9659
38.18117
38.18117
38.18117
37.96589
37.96589
37.96589
37.96589
37.87474
37.87474
37.87474
37.87474
38.61623
38.61623
38.61623
38.61623
38.67783
38.67783
38.67783
38.67783
38.66048
38.66048
38.66048
38.66048
38.57709
38.57709
38.57709
38.57709
38.46293
38.46293
38.46293
38.43201
38.43201
38.43201
38.69902
38.69902
38.69902
38.69902
38.69902
38.58786
38.58786
38.58786
38.58786
38.58786
38.58786
38.57246
38.57246
38.57246
38.57246
38.57246
38.57246
38.6171
38.6171
38.6171
38.6171
38.6171
38.4183
38.4183
38.4183
38.65272
38.65272
38.65272
38.65272
38.65272
38.35265
38.35265
38.35265
38.67418
38.67418
38.67418
38.67418
38.31715
38.31715
38.31715
38.28427
38.28427
38.5597
38.5597
38.5597
38.5597
38.58125
38.58125
38.58125
38.58125
38.46763
38.46763
38.46763
38.46763
38.46768
38.46768
38.46768
38.51777
38.51777
38.62687
38.62687
38.62687
38.62687
38.45542
38.45542
38.502
38.502
38.38738
38.38738
38.38738
38.3862
38.3862
38.24465
38.24465
38.2849
38.2849
38.30188
38.30188
38.30188
38.14263
38.14263
38.14263
38.36374
38.36374
38.36374
38.36374
38.36374
38.06927
38.06927
38.42814
38.42814
38.42814
38.42814
38.40448
38.40448
38.40448
38.40448
38.1412
38.1412
38.11406
38.11406
38.17613
38.17613
38.17613
38.2815
38.2815
38.2815
38.2815
38.00644
37.98783
37.98783
38.21441
38.21441
38.21441
38.21441
38.26298
38.26298
38.24625
38.24625
38.26092
38.26092
38.26092
38.27803
38.27803
38.27803
38.27803
38.33837
38.33837
38.33837
38.33837
38.3754
38.3754
38.3754
38.3754
38.35519
38.35519
38.35519
38.35519
38.21843
38.21843
38.21843
38.21843
38.20479
38.20479
38.06625
38.06625
38.27121
38.27121
38.14621
38.14621
38.12308
38.12308
37.99387
37.99387
38.65183
38.65183
38.65183
38.56162
38.56162
38.56162
38.46546
38.46546
38.46546
38.26523
38.26523
38.31608
38.31608
38.31608
38.31608
38.24037
38.24037
38.24037
38.24037
38.31607
38.31607
38.31607
38.31607
38.15747
38.15747
38.15747
38.15747
38.24013
38.24013
38.24013
38.24013
38.56158
38.56158
38.56158
38.43941
38.43941
38.43941
38.26621
38.26621
38.15732
38.15732
38.15732
38.15732
)
;
        refGradient     uniform 0;
        valueFraction   nonuniform List<scalar> 
1125
(
0.4221572
0.3325559
0.3929285
0.5022199
0.5387481
0.4434037
0.2963019
0.436099
0.2671888
0.2553111
0.3566239
0.5557758
0.431507
0.2755534
0.451751
0.3213549
0.2739288
0.469528
0.3929755
0.4679911
0.5926858
0.6324702
0.395794
0.6300081
0.5845408
0.4910267
0.3118533
0.3784205
0.5098446
0.551708
0.3168308
0.4654093
0.3105214
0.46296
0.560749
0.5664997
0.4528267
0.5596099
0.3566252
0.4315059
0.5557863
0.2553145
0.4516971
0.2755553
0.3213555
0.2739728
0.4696036
0.479228
0.3932906
0.393298
0.425124
0.3118537
0.5098518
0.3784235
0.5517081
0.4221587
0.3325569
0.502207
0.3929317
0.538753
0.4434053
0.2205436
0.3190206
0.2715986
0.3619843
0.3369681
0.3833142
0.3929745
0.5926833
0.4679889
0.6324684
0.4279275
0.4343975
0.4415438
0.4449722
0.2772022
0.1099248
0.1094426
0.1099248
0.1094426
0.1621047
0.1175968
0.1412005
0.159988
0.146693
0.3168277
0.4653949
0.3105164
0.5302997
0.6575671
0.6575688
0.4526496
0.2962995
0.4360853
0.2671841
0.2058337
0.2763471
0.1586854
0.3290953
0.2208077
0.3957926
0.5845363
0.6270455
0.4875762
0.407265
0.4083934
0.3008924
0.3068276
0.1175968
0.1412005
0.159988
0.146693
0.4629592
0.5664854
0.5607415
0.4528228
0.5596146
0.3741469
0.4634115
0.3740199
0.4633166
0.4910052
0.4909836
0.301125
0.3011697
0.4343948
0.4449615
0.4279314
0.4415396
0.40838
0.3068146
0.4072525
0.3008804
0.2205428
0.2715969
0.3190197
0.3619836
0.2058364
0.2763501
0.1586914
0.3369675
0.3833133
0.3290934
0.2208009
0.1589191
0.199915
0.1497424
0.2111124
0.1850569
0.1680525
0.2647361
0.3381187
0.1944226
0.3089375
0.2337509
0.2024931
0.2637586
0.310811
0.3589138
0.1979068
0.2778953
0.3691266
0.3047358
0.3885598
0.3575482
0.4015472
0.4132517
0.3798674
0.4107164
0.3562358
0.4223048
0.2004284
0.2747817
0.1571796
0.3480616
0.3234452
0.1932853
0.2228709
0.1730499
0.279582
0.156846
0.2011813
0.4108459
0.3280623
0.3699747
0.3805278
0.32265
0.1746089
0.2309759
0.17233
0.2447666
0.292881
0.1615266
0.1739483
0.1909145
0.4348863
0.2868702
0.3208494
0.4402256
0.2973093
0.3774233
0.3391306
0.4155218
0.3953527
0.287959
0.431603
0.3329413
0.3058975
0.3406443
0.4217832
0.2890191
0.2809211
0.4293363
0.308695
0.2775236
0.4519597
0.4122036
0.4918231
0.6534447
0.6581038
0.4322534
0.4708953
0.5510327
0.5460086
0.4039724
0.407575
0.5469187
0.3253799
0.4907907
0.4524142
0.4408014
0.6657219
0.4706486
0.5397723
0.6498464
0.3161462
0.4573507
0.2560159
0.4206009
0.4839262
0.554298
0.5565806
0.5252884
0.3335392
0.3282232
0.4557714
0.5733121
0.4557726
0.5733091
0.3335383
0.3282172
0.2950465
0.4801949
0.3654015
0.4904101
0.2882586
0.568989
0.3411868
0.4190587
0.3393115
0.4640167
0.3826337
0.463121
0.3290449
0.3243791
0.3863448
0.4846923
0.5877044
0.4424571
0.5622467
0.3193312
0.3149363
0.3013412
0.3013009
0.6147335
0.4443423
0.6147219
0.4443381
0.3324996
0.3212473
0.5188907
0.2933539
0.4965761
0.4503624
0.3466045
0.5808734
0.3867231
0.6680041
0.623762
0.6504292
0.5973379
0.4545004
0.4205749
0.3693871
0.5963872
0.3742721
0.5359704
0.2738453
0.2103775
0.4521214
0.4121423
0.5164024
0.5725272
0.5875683
0.4987741
0.392322
0.4843107
0.6405483
0.6155074
0.2283776
0.3012339
0.3144014
0.2839444
0.2112995
0.2792445
0.1815201
0.4306823
0.4205705
0.3883651
0.5276251
0.3653595
0.4358778
0.4099892
0.4329847
0.4481591
0.4185122
0.4472504
0.4097378
0.1720969
0.2988689
0.377955
0.377958
0.1944582
0.4355589
0.22901
0.1782382
0.4283108
0.2443902
0.1893479
0.3828272
0.2798165
0.3592978
0.4402688
0.3208505
0.2868723
0.3398811
0.2970786
0.4582078
0.3947996
0.4923431
0.5506551
0.550678
0.3398841
0.2970794
0.4582139
0.396053
0.560722
0.3041929
0.4986644
0.3782342
0.5070617
0.5544279
0.5275023
0.3475293
0.4631244
0.2756668
0.4503673
0.4733968
0.3432478
0.2706595
0.4322635
0.470927
0.5460551
0.5510765
0.3087165
0.2775248
0.4519727
0.2890318
0.2809232
0.4293363
0.4122072
0.4918367
0.6581098
0.6534436
0.3175189
0.285597
0.4466968
0.2992626
0.2943413
0.4262284
0.4060645
0.5200236
0.6669082
0.5592022
0.6604975
0.1850586
0.1680555
0.2647407
0.3381232
0.1944257
0.2337542
0.308942
0.4801949
0.2950497
0.4904025
0.3654048
0.3765658
0.4347452
0.559398
0.2479411
0.4792579
0.2931191
0.4796357
0.3536729
0.1934345
0.1779773
0.265696
0.3414448
0.2101087
0.2438372
0.3147785
0.1730511
0.2795838
0.1568458
0.2011823
0.410855
0.3325011
0.321216
0.5189197
0.4718311
0.265035
0.3266972
0.4164972
0.5640567
0.1825018
0.2860002
0.1633593
0.20626
0.4121498
0.5164419
0.5725781
0.5876119
0.4987786
0.3693869
0.5964086
0.3743095
0.5359769
0.2738718
0.4521493
0.2103789
0.2413809
0.3804672
0.3184767
0.4664965
0.4293592
0.343466
0.3695006
0.6384513
0.5106213
0.4317382
0.5869841
0.2073333
0.2725095
0.312672
0.4018729
0.2075593
0.3368774
0.2817752
0.3126676
0.2075535
0.4018655
0.3368694
0.2817684
0.3016011
0.2991848
0.2991848
0.4891518
0.482708
0.4952032
0.3877428
0.4122994
0.2438571
0.250933
0.5062787
0.4763241
0.4254997
0.2721882
0.3755677
0.223586
0.4921825
0.434698
0.3987435
0.4660281
0.4203351
0.3143317
0.3624767
0.2014502
0.4227066
0.2956257
0.3559554
0.5166021
0.3004401
0.3056849
0.2411505
0.3929843
0.3589544
0.1515791
0.1643752
0.234271
0.1133517
0.1140258
0.09402672
0.1782275
0.1361483
0.1209756
0.1944582
0.4355629
0.2290098
0.1782379
0.24439
0.4283032
0.2187276
0.2709058
0.2709057
0.3339626
0.1997586
0.2859671
0.3467749
0.2493027
0.1997584
0.285967
0.3467747
0.2493027
0.1681076
0.3582301
0.2623778
0.262378
0.2129443
0.4139937
0.2457028
0.4455203
0.1878733
0.249023
0.4434532
0.4101188
0.339131
0.4155249
0.2973101
0.3774266
0.4316037
0.395353
0.3329405
0.287958
0.3960536
0.5607194
0.3041918
0.4986544
0.5122219
0.5495024
0.2959661
0.3621359
0.5555272
0.3773123
0.5169123
0.278842
0.3704971
0.432773
0.290606
0.3634689
0.4476077
0.38187
0.3516209
0.2671006
0.1589205
0.1999164
0.1497435
0.2111135
0.4039724
0.4075743
0.5469167
0.452414
0.3253784
0.4907825
0.4186099
0.3603499
0.5082093
0.4083184
0.5414234
0.4338452
0.3943239
0.4226566
0.5495318
0.4432766
0.34687
0.4975212
0.1694391
0.2018381
0.1538602
0.2129903
0.2024947
0.3108162
0.2637601
0.3589173
0.3885647
0.3575531
0.4015504
0.4132551
0.1979081
0.2778965
0.3691287
0.3047347
0.3798647
0.4107183
0.4223062
0.3562351
0.395081
0.3715264
0.4070531
0.4198708
0.2084723
0.2855074
0.3721023
0.3106747
0.3923656
0.4159799
0.4285913
0.3647352
0.3280637
0.3699751
0.1746081
0.2309741
0.3805269
0.3226478
0.1723287
0.2447644
0.1830671
0.2478208
0.3926897
0.3601873
0.2309006
0.2584456
0.2283783
0.3012328
0.3923204
0.4843082
0.6405445
0.6155045
0.3143998
0.2839436
0.394383
0.6363971
0.6529053
0.4792686
0.3074525
0.3208968
0.4537508
0.6595687
0.4919709
0.6383645
0.3344234
0.299474
0.3653602
0.4358767
0.409988
0.432983
0.4481576
0.4472482
0.4185115
0.4097365
0.4827008
0.4951958
0.387736
0.2438523
0.4122927
0.2509281
0.5062773
0.425499
0.2721882
0.4763233
0.3755774
0.223586
0.4713785
0.4785684
0.4096089
0.279091
0.4302335
0.2808368
0.4898551
0.4415535
0.297637
0.4592046
0.3955077
0.2542671
0.4547706
0.4579586
0.419258
0.4208128
0.1515775
0.1643735
0.2342688
0.1133505
0.1140246
0.09402668
0.1782274
0.1209755
0.1361482
0.07144057
0.1200662
0.1856422
0.117702
0.07144054
0.1200661
0.1856421
0.117702
0.06503548
0.2075854
0.1368415
0.1368415
0.1164007
0.1723191
0.1597876
0.1254296
0.1893492
0.3828192
0.2798158
0.3592956
0.2129442
0.2457029
0.4139894
0.4455178
0.1878733
0.2490232
0.4434515
0.4101196
0.3406415
0.3058945
0.421762
0.3475227
0.4631161
0.2756655
0.3782331
0.5070553
0.554402
0.5274879
0.5122144
0.5494989
0.2959655
0.3621335
0.5555246
0.5169126
0.3773124
0.278844
0.4695705
0.3188875
0.2804155
0.4486397
0.4695718
0.3188875
0.2804193
0.4486788
0.3603355
0.5488973
0.5382609
0.5383292
0.3578641
0.2922176
0.4268413
0.4455161
0.4408033
0.6657112
0.4706426
0.6498421
0.5397723
0.4205997
0.4839195
0.5565575
0.525281
0.554292
0.3161405
0.4573435
0.2560077
0.3143008
0.4373348
0.2787263
0.4338611
0.6746851
0.5079647
0.6575433
0.5188933
0.4506654
0.5790654
0.4716932
0.5399627
0.5414278
0.3324836
0.4503705
0.2687756
0.2004295
0.2747798
0.1571796
0.3480565
0.3234436
0.1932853
0.2228683
0.5689828
0.2882587
0.3411779
0.419049
0.3393115
0.3826281
0.4640074
0.463116
0.5614576
0.2745455
0.3684391
0.4413033
0.3317674
0.3648093
0.4751532
0.3558055
0.3271346
0.2050447
0.2357558
0.2928768
0.1615226
0.1739472
0.1909113
0.4320536
0.2933449
0.4965716
0.4503567
0.3468192
0.5686865
0.3889991
0.351033
0.4708137
0.2651112
0.4124997
0.2173134
0.1444118
0.2792437
0.1815201
0.3887613
0.211993
0.4306812
0.3883651
0.5276243
0.4141614
0.4406789
0.6050781
0.5185296
0.3394091
0.2892752
0.1971776
0.2311974
0.4526132
0.389045
0.4340065
0.4203344
0.3143311
0.3624821
0.2014652
0.4227066
0.3559554
0.2956528
0.5166084
0.3004401
0.4921818
0.4346971
0.4660408
0.3987426
0.2411639
0.35896
0.3056845
0.3929761
0.409618
0.4302335
0.279091
0.2808368
0.4713711
0.4785531
0.4415471
0.2976316
0.3955016
0.2542622
0.4898355
0.459177
0.4717558
0.348967
0.2792334
0.348967
0.4045625
0.2872374
0.3799937
0.2414522
0.473085
0.4286746
0.4286641
0.3799902
0.2414494
0.4045448
0.2872196
0.1164007
0.1723191
0.1254296
0.1597876
0.3432467
0.4503544
0.4733954
0.2706563
0.3704965
0.432771
0.2906044
0.3634548
0.4476078
0.3516228
0.3818633
0.2670911
0.3578675
0.4269105
0.292214
0.4455144
0.2992604
0.294339
0.4262151
0.317516
0.2856012
0.4466888
0.4060615
0.520021
0.6604867
0.666903
0.5592018
0.4186093
0.3603488
0.4083091
0.5082006
0.5414054
0.4338437
0.3943252
0.4226526
0.5495221
0.3468648
0.4974935
0.4432768
0.4506791
0.5791336
0.4717219
0.5400568
0.5413484
0.3142998
0.4373342
0.2787268
0.4338665
0.6746876
0.5079702
0.6575512
0.518903
0.3325043
0.4504048
0.2686511
0.4846815
0.587694
0.4424605
0.5622453
0.3290376
0.3243758
0.3863414
0.3193306
0.3149313
0.376568
0.5593904
0.4347438
0.2479401
0.4792555
0.4796274
0.2931182
0.3536717
0.561476
0.3682994
0.4411969
0.2745574
0.4751404
0.3317762
0.3648028
0.4954829
0.4954657
0.668003
0.6237598
0.6504273
0.5973282
0.4492696
0.4205595
0.4718163
0.2650343
0.4164878
0.5640476
0.3266968
0.4708031
0.3510265
0.4125368
0.2651194
0.4380779
0.438087
0.4664957
0.4293584
0.3434651
0.2413802
0.3804656
0.3184762
0.3694998
0.6384441
0.5106202
0.5869778
0.4317378
0.2073328
0.2725082
0.3943826
0.6363924
0.6528885
0.4792664
0.4537525
0.6595552
0.6383045
0.4919706
0.3074519
0.3208895
0.334419
0.2994573
0.4526192
0.4340648
0.3890376
0.4406835
0.6050347
0.518538
0.3394146
0.2312634
0.2892654
0.1971683
0.4579503
0.4547694
0.4207969
0.4192432
0.1694385
0.2018366
0.1538616
0.2129905
0.1934332
0.1779769
0.2656942
0.341443
0.2101084
0.3147766
0.2438367
0.2084739
0.2855079
0.3721034
0.3106765
0.3950801
0.3715255
0.4070523
0.4198713
0.3923598
0.4159807
0.3647365
0.4285924
0.3558018
0.3271372
0.2050492
0.235749
0.1825015
0.2859988
0.1633587
0.2062597
0.3926903
0.3601826
0.1830669
0.2478191
0.230902
0.2584454
0.2173169
0.1444151
0.3223273
0.4565908
0.3223284
0.3411625
0.4664285
0.3035239
0.3785668
0.3785797
0.4199637
0.2948408
0.2535579
0.339715
0.5097014
0.283665
0.3723855
0.4095935
0.3078843
0.4013299
0.2817644
0.5097354
0.2836681
0.3397162
0.3723859
0.3167421
0.3216408
0.3911271
0.3968413
0.4095928
0.3078843
0.4013288
0.2817634
0.4664218
0.3411523
0.3035285
0.4707833
0.3124968
0.312374
0.2836543
0.2535528
0.3216404
0.3167417
0.396833
0.3911259
)
;
        value           nonuniform List<scalar> 
1125
(
38.8648
38.89361
38.91308
38.94489
38.95433
38.88559
38.8484
38.91208
38.86656
38.88084
38.87057
38.91871
38.91379
38.82653
38.86522
38.69022
38.69141
38.64749
38.75926
38.77669
38.80467
38.80673
38.69332
38.72031
38.7282
38.70413
38.94677
38.97471
38.99458
39.01323
38.89487
38.96214
38.8917
38.79888
38.85229
38.85096
38.8172
38.77472
38.87056
38.91376
38.9187
38.88082
38.86516
38.8265
38.6902
38.69146
38.64745
38.55257
38.5336
38.53362
38.50926
38.94689
38.99471
38.97484
39.01335
38.86484
38.89368
38.94496
38.91315
38.95439
38.88561
38.77534
38.83204
38.78328
38.83812
38.73507
38.74057
38.75919
38.80459
38.77657
38.80658
38.47991
38.50386
38.4945
38.5199
38.58385
38.53402
38.53426
38.534
38.53424
38.59755
38.44523
38.42802
38.44775
38.4654
38.89481
38.96206
38.89158
38.91525
38.96569
38.96569
38.93573
38.84834
38.91201
38.86645
38.72727
38.80686
38.71447
38.68683
38.61001
38.69308
38.72781
38.71967
38.70297
38.4
38.4159
38.33822
38.34429
38.44515
38.4279
38.44767
38.46535
38.79877
38.85084
38.85218
38.8171
38.77464
38.69965
38.74813
38.69963
38.74808
38.65165
38.65163
38.34279
38.34276
38.50369
38.51976
38.47974
38.49436
38.41584
38.3443
38.39992
38.33824
38.77527
38.78323
38.83198
38.83808
38.72731
38.80688
38.71452
38.73498
38.7405
38.68681
38.61001
38.8999
38.91474
38.88277
38.90492
38.88533
38.85785
38.95387
38.94522
38.8493
38.93009
38.87348
38.89449
38.90033
38.94928
38.95425
38.87431
38.88863
38.94169
38.93717
38.94438
38.93027
38.93692
38.95377
38.93032
38.92414
38.91458
38.9405
38.84877
38.92328
38.83705
38.9071
38.89356
38.82145
38.84849
38.80195
38.88569
38.76247
38.76326
38.76118
38.88123
38.88784
38.87387
38.86109
38.76595
38.78877
38.74177
38.77583
38.84277
38.76127
38.72107
38.72274
38.72247
38.90974
38.91789
38.93809
38.92508
38.94496
38.93296
38.95424
38.93408
38.91153
38.94284
38.91425
38.8841
38.88646
38.9131
38.87482
38.87459
38.92914
38.8595
38.85521
38.9113
38.91549
38.90383
38.94206
38.94422
38.87228
38.89288
38.93191
38.93547
38.85247
38.90423
38.94503
38.88191
38.94562
38.8786
38.88619
38.92108
38.88941
38.84661
38.94138
38.82778
38.8948
38.80429
38.82052
38.85828
38.80734
38.88585
38.88169
38.87148
38.90609
38.88242
38.90735
38.88242
38.90733
38.87145
38.90603
38.87942
38.90889
38.89952
38.92862
38.83505
38.88362
38.81161
38.84961
38.82801
38.84346
38.8497
38.86149
38.78915
38.81469
38.75451
38.79817
38.81707
38.79032
38.81427
38.76745
38.79511
38.84082
38.84075
38.78693
38.75796
38.78688
38.75794
38.78148
38.76412
38.82701
38.76383
38.81251
38.79377
38.70712
38.72963
38.67693
38.76837
38.75907
38.7676
38.75154
38.65473
38.64788
38.74003
38.77187
38.71999
38.79553
38.67289
38.65925
38.63632
38.6091
38.651
38.67444
38.6747
38.5542
38.73353
38.75948
38.78642
38.77126
38.66596
38.68741
38.67318
38.64422
38.53102
38.61377
38.54236
38.49829
38.50233
38.51316
38.45747
38.63134
38.64833
38.63754
38.65145
38.63093
38.60812
38.63316
38.60538
38.93515
38.85744
38.9435
38.94361
38.94106
38.9416
38.98413
38.93005
38.93932
38.973
38.90474
38.92767
38.84327
38.95722
38.9382
38.91801
38.90983
38.9067
38.92626
38.98025
38.88872
38.90689
38.94561
38.94569
38.90672
38.92638
38.98036
38.96428
39.00165
38.92849
38.9921
38.83727
38.86744
38.90053
38.89502
38.87405
38.96567
38.88128
38.86095
38.77757
38.84766
38.8356
38.87229
38.89291
38.93546
38.93199
38.85953
38.8552
38.91131
38.87487
38.87466
38.92921
38.91552
38.90387
38.94425
38.94211
38.76679
38.75383
38.8291
38.78501
38.78335
38.84987
38.81469
38.80634
38.84917
38.76419
38.84786
38.88536
38.85783
38.95388
38.9452
38.84928
38.87345
38.93009
38.90886
38.87939
38.92857
38.89948
38.76094
38.8053
38.81965
38.77559
38.79628
38.76894
38.81477
38.79
38.77132
38.7425
38.84374
38.81991
38.72727
38.75154
38.81017
38.80193
38.88566
38.76243
38.76324
38.76123
38.78146
38.76411
38.82704
38.73171
38.69566
38.64196
38.62146
38.67299
38.66317
38.74349
38.60295
38.62128
38.60911
38.65104
38.67443
38.67477
38.55423
38.74
38.77189
38.72003
38.79549
38.67294
38.63639
38.65921
38.46861
38.55215
38.40804
38.46866
38.45629
38.45307
38.58068
38.60926
38.57908
38.45945
38.61711
38.43613
38.4961
38.47741
38.54431
38.50223
38.54599
38.46681
38.47743
38.50223
38.54428
38.54597
38.4668
38.54133
38.53844
38.53843
38.60209
38.5594
38.57372
38.57022
38.57781
38.51686
38.52314
38.55328
38.53016
38.55943
38.50903
38.53586
38.46467
38.45797
38.45863
38.43778
38.41697
38.47982
38.42646
38.47407
38.43387
38.4433
38.46892
38.45721
38.51332
38.46237
38.38398
38.40797
38.44608
38.46376
38.49558
38.49712
38.58738
38.51991
38.5195
38.46395
38.48304
38.44316
38.51151
38.94106
38.94169
38.98412
38.92997
38.97299
38.93925
38.94938
38.98594
38.98594
39.04999
38.93739
38.97478
39.03707
38.97688
38.93731
38.97477
39.03706
38.97682
38.94001
39.02646
38.9684
38.96834
38.90965
38.94948
38.95188
38.96581
38.91119
38.94556
38.95933
38.92771
38.93308
38.95436
38.92517
38.94503
38.94293
38.93412
38.91421
38.91149
38.96437
39.00172
38.92845
38.99205
38.97325
38.98512
38.8958
38.92117
38.97358
38.91099
38.94944
38.87894
38.86088
38.87979
38.8475
38.86965
38.86672
38.85746
38.84492
38.83111
38.89993
38.91474
38.8827
38.90492
38.85241
38.90427
38.94506
38.87859
38.88187
38.94557
38.76571
38.7984
38.85809
38.8194
38.87227
38.78852
38.7476
38.80726
38.85876
38.77833
38.78201
38.84407
38.78685
38.80515
38.76694
38.794
38.89451
38.94928
38.90033
38.95424
38.94436
38.93027
38.9369
38.95373
38.87425
38.88863
38.94167
38.93709
38.9302
38.92413
38.94047
38.91451
38.81425
38.80228
38.81166
38.82389
38.75254
38.76983
38.82358
38.81873
38.79729
38.79668
38.80847
38.78719
38.8812
38.88777
38.76591
38.78864
38.8738
38.8609
38.74147
38.77571
38.60495
38.62916
38.72486
38.70944
38.59368
38.61635
38.6659
38.68727
38.73322
38.7593
38.78619
38.77079
38.67303
38.64384
38.59752
38.62778
38.63713
38.61572
38.49772
38.51536
38.58503
38.61748
38.59948
38.60483
38.49882
38.47057
38.63128
38.6482
38.63749
38.65135
38.63076
38.63301
38.60777
38.60514
38.55935
38.57363
38.57018
38.51684
38.57774
38.52308
38.55316
38.55934
38.50895
38.52995
38.53571
38.46454
38.46486
38.48086
38.49187
38.42565
38.50576
38.45177
38.45822
38.48476
38.43581
38.42734
38.44568
38.37802
38.4749
38.49968
38.4517
38.46723
38.49556
38.49706
38.58737
38.51988
38.51948
38.46387
38.48297
38.51149
38.44303
38.48438
38.52497
38.57714
38.50242
38.4843
38.52494
38.57714
38.50237
38.42633
38.55601
38.48808
38.48803
38.38683
38.43443
38.45183
38.37869
38.90466
38.92759
38.84315
38.95708
38.90957
38.95181
38.94934
38.9657
38.91119
38.9455
38.95923
38.92769
38.8864
38.88404
38.91297
38.87392
38.96553
38.88115
38.83715
38.86731
38.90039
38.89488
38.97311
38.985
38.89568
38.92106
38.97349
38.94942
38.91091
38.87893
38.9003
38.86782
38.83511
38.8163
38.90029
38.86782
38.83511
38.81648
38.7733
38.83223
38.84281
38.84294
38.81328
38.80087
38.83684
38.74338
38.88611
38.921
38.88931
38.94128
38.84653
38.8204
38.85817
38.88572
38.88157
38.80725
38.82769
38.89471
38.80423
38.74399
38.80916
38.74916
38.77095
38.8024
38.76305
38.81321
38.72827
38.73115
38.79102
38.75441
38.78034
38.70736
38.70267
38.77523
38.68998
38.84871
38.9232
38.83699
38.907
38.8935
38.8214
38.84841
38.88356
38.835
38.81156
38.84957
38.828
38.84967
38.84348
38.8615
38.75439
38.71588
38.68637
38.74
38.69632
38.70904
38.7169
38.77523
38.76802
38.68857
38.69931
38.84263
38.7613
38.72082
38.72281
38.7214
38.76404
38.81281
38.79403
38.70833
38.73708
38.67897
38.61828
38.6351
38.4838
38.4997
38.57391
38.48686
38.61343
38.54127
38.64047
38.52991
38.49786
38.51229
38.45723
38.50277
38.53513
38.54882
38.5097
38.47213
38.43923
38.35991
38.3479
38.33969
38.34424
38.33147
38.4796
38.42617
38.47391
38.43368
38.44319
38.45707
38.46873
38.51319
38.46225
38.45751
38.45832
38.41675
38.43751
38.40779
38.46364
38.38375
38.44591
38.49175
38.50567
38.42554
38.45168
38.46471
38.48073
38.48468
38.43573
38.44565
38.378
38.45812
38.42728
38.36602
38.38683
38.40093
38.38682
38.37376
38.32041
38.37759
38.3352
38.33596
38.34234
38.34235
38.37758
38.33519
38.37371
38.32042
38.38682
38.43435
38.37867
38.45179
38.84753
38.86082
38.77747
38.83549
38.86076
38.87969
38.84739
38.86956
38.86665
38.84491
38.85739
38.83112
38.81329
38.83703
38.8009
38.7435
38.78491
38.78325
38.84977
38.7667
38.75377
38.82902
38.81461
38.80625
38.84777
38.84909
38.76412
38.76564
38.7983
38.81932
38.85799
38.87219
38.78847
38.74764
38.8072
38.8587
38.78202
38.84409
38.7783
38.73117
38.79115
38.75451
38.78033
38.70735
38.74401
38.80918
38.7493
38.77102
38.80246
38.76318
38.81336
38.72834
38.70279
38.77538
38.68996
38.79812
38.81702
38.79027
38.81421
38.78916
38.8147
38.75453
38.76741
38.79507
38.76088
38.81959
38.80523
38.77553
38.79623
38.81471
38.76889
38.78994
38.75451
38.68635
38.73996
38.71592
38.71687
38.69635
38.70905
38.73206
38.73204
38.76853
38.75922
38.76775
38.75168
38.65857
38.6484
38.73167
38.69561
38.62142
38.67288
38.64192
38.63507
38.61828
38.49966
38.4838
38.50623
38.5062
38.46821
38.45596
38.45281
38.46828
38.55191
38.40784
38.58055
38.60907
38.57883
38.61693
38.45923
38.43588
38.49592
38.5974
38.62762
38.63699
38.61561
38.58499
38.61737
38.60475
38.5994
38.49755
38.51522
38.49869
38.47047
38.33969
38.33145
38.34426
38.53511
38.54877
38.50973
38.47213
38.34786
38.43915
38.35993
38.49956
38.47477
38.46715
38.4516
38.78678
38.8051
38.76699
38.79396
38.77125
38.74244
38.84367
38.81983
38.72721
38.81011
38.75147
38.75258
38.7698
38.82355
38.81874
38.81418
38.80222
38.81162
38.82383
38.79727
38.79664
38.7872
38.80843
38.77521
38.76804
38.68861
38.69932
38.66311
38.7434
38.60284
38.62122
38.7248
38.70942
38.60484
38.62907
38.59365
38.61627
38.57389
38.48686
38.87148
38.91378
38.87147
38.79429
38.82731
38.78508
38.71044
38.71042
38.73284
38.51299
38.49445
38.61211
38.62351
38.53506
38.62136
38.55722
38.5031
38.55529
38.48659
38.62357
38.53508
38.61207
38.62133
38.41341
38.4111
38.46098
38.48651
38.55684
38.5021
38.55502
38.48625
38.82721
38.79423
38.78502
38.72126
38.69692
38.6969
38.51566
38.49439
38.41086
38.41317
38.48633
38.4608
)
;
        Tnbr            T;
        thicknessLayers 0();
        kappaLayers     0();
        kappaMethod     solidThermo;
        kappa           none;
        alphaAni        Anialpha;
    }
}


// ************************************************************************* //
