/*--------------------------------*- C++ -*----------------------------------*\
| =========                 |                                                 |
| \\      /  F ield         | OpenFOAM: The Open Source CFD Toolbox           |
|  \\    /   O peration     | Version:  5.x                                   |
|   \\  /    A nd           | Web:      www.OpenFOAM.org                      |
|    \\/     M anipulation  |                                                 |
\*---------------------------------------------------------------------------*/
FoamFile
{
    version     2.0;
    format      ascii;
    class       volScalarField;
    location    "10/tumor";
    object      T;
}
// * * * * * * * * * * * * * * * * * * * * * * * * * * * * * * * * * * * * * //

dimensions      [0 0 0 1 0 0 0];

internalField   nonuniform List<scalar> 
1504
(
38.67967
38.71359
38.80764
38.67277
39.24966
39.35812
39.00067
38.77763
39.46514
39.60522
39.13788
38.76448
39.45562
39.59627
39.12804
38.68981
39.36295
39.50395
39.05834
38.56753
39.18392
39.33444
38.92139
38.38546
38.92807
39.07489
38.66428
38.60867
38.73854
38.36239
38.23441
38.36214
38.71366
39.30825
39.46445
39.04413
39.24924
39.97246
40.12294
39.67523
38.80483
39.46492
40.18722
40.33358
39.89589
38.92085
39.45541
40.17505
40.32062
39.88434
38.94308
39.36268
40.07842
40.22282
39.79043
38.86992
39.18359
39.89917
40.04333
39.61323
38.71811
38.92802
39.6329
39.77678
39.34753
38.48711
38.60876
39.28523
39.42581
39.00447
38.23447
38.85428
38.99347
38.57116
38.36829
38.47758
38.15901
38.04036
38.8075
39.46434
39.60439
39.18322
39.35786
40.12281
40.27273
39.82264
38.92357
39.60497
40.33348
40.48068
40.04074
39.01857
38.67954
39.59602
40.32052
40.46716
40.02873
39.03255
39.50371
40.2227
40.36787
39.93409
38.95782
39.33422
40.04322
40.18687
39.75907
38.82505
39.07472
39.77672
39.92052
39.49395
38.64249
38.73842
39.42568
39.5704
39.14358
38.37294
38.36205
38.99336
39.14303
38.6946
38.47752
38.64711
38.22697
38.04032
38.14891
39.044
39.18315
38.73684
39.00051
39.67504
39.82268
39.37263
38.65978
39.13771
39.89571
40.04078
39.59666
38.67116
39.12788
39.88415
40.02874
39.58334
38.67162
39.05819
39.79025
39.93405
39.49763
38.6139
38.92124
39.61305
39.759
39.32826
38.50182
38.66415
39.34738
39.49382
39.0278
38.36228
39.00433
39.1435
38.73749
38.57105
38.69457
38.25992
38.15894
38.22695
38.80468
38.92339
38.65989
38.92069
39.01842
38.67156
38.94291
39.03239
38.67211
38.86977
38.95768
38.61429
38.71797
38.82491
38.50202
38.48701
38.6424
38.37288
38.71014
38.71016
38.65983
38.73333
38.80487
38.92369
38.95931
39.06984
38.92372
38.80493
39.06986
38.95935
38.65981
38.73333
38.67123
38.68789
38.65435
38.92076
39.0187
38.9537
39.0362
38.65435
39.01872
38.92077
39.03621
38.95371
38.67122
38.68789
38.67169
38.65297
38.67966
38.61972
38.94297
39.03268
38.92499
39.0086
38.61972
39.0327
38.94297
39.00861
38.92498
38.6717
38.65298
38.61397
38.5648
38.86984
38.95796
38.79285
38.90424
38.95798
38.86983
38.90427
38.79285
38.61398
38.56482
38.50188
38.42856
38.71809
38.82516
38.62708
38.73543
38.82518
38.71809
38.73544
38.62709
38.50189
38.42858
38.48709
38.64259
38.38712
38.53106
38.64259
38.48711
38.53106
38.38714
38.37302
38.37301
38.71755
38.81326
38.81329
38.71768
38.70901
38.73687
38.70903
39.10457
38.80762
38.99447
39.12392
39.04407
39.18322
39.38023
39.55247
38.71372
39.12391
38.99469
39.18324
39.04435
39.55233
39.38099
38.70902
38.73689
39.10457
38.70907
38.65994
38.73366
39.00067
38.7906
39.15048
39.00078
39.37269
39.15152
39.55959
38.6728
39.15048
38.79064
39.37261
39.00087
39.55953
39.15162
38.65995
38.73368
38.67163
38.68839
39.13787
38.78188
39.1399
39.13943
39.59672
39.14169
39.59926
38.77766
39.13988
38.78192
39.59674
39.13946
39.59932
39.14171
38.67165
38.68841
38.67219
38.65345
39.12803
38.72873
39.09935
39.12988
39.5834
39.10109
39.54968
38.7645
39.09933
38.72874
39.58348
39.12988
39.54977
39.10109
38.6722
38.65346
38.61437
38.5651
39.05834
38.63761
38.99942
39.0598
39.4977
39.00046
39.42552
38.68982
38.99942
38.63763
39.49779
39.05978
39.4256
39.00045
38.61438
38.56511
38.50209
38.42872
38.92138
38.48403
38.81534
38.92201
39.32837
38.81563
39.19872
38.56754
38.81533
38.48405
39.32843
38.922
39.19876
38.81562
38.5021
38.42873
38.66427
38.48613
38.66435
39.02793
38.48606
38.89265
39.07491
38.78528
38.90036
39.34737
39.49411
39.18799
39.32888
38.92809
38.90031
38.78535
39.49411
39.34739
39.32885
39.18801
38.38546
38.48612
39.02797
38.66435
38.89268
38.48607
38.36238
38.22467
38.36235
38.73762
38.22468
38.535
38.73858
38.41575
38.56032
39.0039
39.14371
38.78103
38.93437
38.60871
38.56027
38.41577
39.14374
39.00387
38.93441
38.781
38.22468
38.73763
38.36236
38.53502
38.22469
38.25998
38.13122
38.36215
38.18312
38.57097
38.69467
38.3409
38.47593
38.23442
38.18311
38.69469
38.57097
38.47594
38.3409
38.26
38.13124
38.15896
38.22704
38.05934
38.22706
38.15895
38.05935
38.71765
38.81324
38.95938
39.04308
39.04305
39.13231
39.04309
38.95943
39.13233
39.04311
38.71757
38.81328
38.71002
39.04433
38.99451
39.38104
38.80751
39.18315
39.12366
39.55223
38.7136
39.38037
38.99441
39.18326
38.80758
39.55252
39.12382
38.71006
38.80483
38.95938
38.92351
39.06969
38.95939
38.92354
39.0697
38.92082
38.95378
39.01854
38.65428
39.03604
38.95379
39.01858
39.03609
38.65426
38.94304
38.92506
38.67959
39.03252
38.61965
39.00844
38.92508
39.03259
38.67957
39.00852
38.61963
38.86989
38.79286
38.9578
38.9041
38.79287
38.95788
38.90416
38.71809
38.62709
38.82502
38.73532
38.62711
38.82507
38.73536
38.4871
38.38713
38.64251
38.53099
39.34753
38.78527
39.1886
39.07475
39.49397
38.90026
39.32882
38.92804
39.18865
38.78532
39.49399
39.07477
39.32887
38.90023
38.38711
38.64252
38.53101
38.37297
39.00447
38.41585
38.78138
38.73851
39.14363
38.56027
38.93432
38.60878
38.78131
38.41585
39.14369
38.73849
38.93437
38.56026
38.37298
38.57115
38.34099
38.36212
38.69464
38.1831
38.47591
38.23447
38.34101
38.69469
38.36212
38.47594
38.1831
38.15901
38.22703
38.05933
38.47761
38.07092
38.23198
38.47758
38.64716
38.23196
38.36683
38.36833
38.23199
38.07084
38.64716
38.47759
38.36682
38.23193
38.22704
38.05934
38.04035
38.04033
38.14894
38.14893
38.04033
38.81321
38.71758
39.04302
39.13229
38.95933
39.04303
39.1323
39.04308
39.04305
38.95939
38.81322
38.71754
38.71001
39.18311
39.12369
39.55215
38.7136
39.04421
38.99452
39.38082
38.80757
39.55245
39.12384
39.04405
38.71355
39.38019
38.99442
38.71003
38.92354
39.06967
38.80478
38.95919
39.06969
38.8048
38.95921
39.01853
38.65422
39.03603
38.92061
38.95354
39.03605
38.65423
38.92068
38.95361
39.03251
38.61959
39.00843
38.9428
38.92481
38.67955
39.00844
38.6196
38.94288
38.92489
38.95781
38.90411
38.86967
38.7927
38.9041
38.86975
38.79276
38.82502
38.7353
38.71794
38.62695
38.73533
38.718
38.62699
38.64246
38.53095
38.48699
38.38703
39.49396
38.90017
39.32871
38.92793
39.34723
38.78521
39.18786
39.07476
39.32865
38.90019
39.34725
38.92795
39.18791
38.78515
38.53093
38.487
38.38705
38.37291
39.14359
38.56016
38.93428
38.60858
39.00372
38.41566
38.78087
38.73847
38.93429
38.56024
39.00379
38.60855
38.78093
38.41566
38.69459
38.18304
38.47586
38.23432
38.57086
38.34081
38.36209
38.47581
38.18307
38.57091
38.23434
38.34084
38.22699
38.0593
38.15887
38.64712
38.23193
38.36679
38.36825
38.47753
38.07079
38.23188
38.47756
38.36678
38.23188
38.47753
38.36827
38.23186
38.07075
38.0593
38.15889
38.1489
38.04029
38.04031
38.04029
38.71747
38.81319
38.81319
38.71764
38.73677
38.70889
39.10442
38.70894
39.18313
39.3802
39.55235
38.71348
38.80745
38.99424
39.1236
39.04431
39.55221
39.38101
38.80747
38.71362
39.12359
38.99446
39.10449
38.70897
38.70898
38.65968
38.73319
39.37243
39.15032
39.55935
38.67267
39.00071
38.7905
39.15145
39.00061
39.55951
39.15041
39.00072
38.67271
39.15144
38.79051
38.73324
38.67109
38.68775
39.59656
39.13972
39.59914
38.77753
39.1393
38.78178
39.14154
39.13782
39.59917
39.13984
39.13937
38.77753
39.14162
38.78178
38.68778
38.67157
38.65285
39.5833
39.09917
39.54959
38.76437
39.12972
38.72861
39.10092
39.12798
39.54957
39.09928
39.12982
38.76436
39.10102
38.72863
38.65286
38.61385
38.56469
39.49762
38.99926
39.42542
38.68969
39.05963
38.63751
39.0003
39.05827
39.42539
38.99934
39.05972
38.6897
39.00037
38.63752
38.56471
38.50177
38.42847
39.32825
38.81519
39.19861
38.56741
38.92186
38.48393
38.81549
38.92129
39.19858
38.81524
38.92192
38.56742
38.81553
38.48395
38.42849
39.02782
38.486
38.89254
38.38535
38.66423
38.48595
39.49385
39.18851
39.32873
38.9279
39.07461
38.78519
38.9001
39.34741
39.3286
39.18852
39.07461
38.9279
38.90009
38.78513
38.66418
38.89248
38.48606
38.66425
38.38538
38.48597
38.7375
38.22458
38.5349
38.36226
38.2246
39.14355
38.78118
38.93425
38.60866
38.73837
38.41575
38.56017
39.00436
38.93423
38.78128
38.73839
38.60862
38.56019
38.41574
38.36232
38.53488
38.22462
38.36228
38.22461
38.25991
38.13116
38.69459
38.34092
38.47586
38.23439
38.36204
38.18304
38.57109
38.47578
38.34093
38.36206
38.23439
38.18304
38.13117
38.22699
38.05929
38.15893
38.05928
38.70991
38.70992
38.65983
38.73355
38.92336
38.95923
39.06953
38.80475
39.06954
38.95928
38.73356
38.67152
38.68828
39.0184
38.95362
39.0359
38.65413
38.92074
39.03589
38.95369
38.65416
38.68828
38.67207
38.65334
39.03241
38.92492
39.00834
38.67944
38.61951
38.94296
39.0083
38.92496
38.67949
38.61954
38.65334
38.61426
38.56499
38.95771
38.79272
38.904
38.8698
38.90395
38.79276
38.565
38.50199
38.42863
38.82492
38.62698
38.73522
38.71799
38.73522
38.62699
38.42864
38.6424
38.38702
38.5309
38.487
38.53086
38.38704
38.37289
39.35806
39.42606
39.55947
39.67483
39.8227
39.8505
39.99529
39.24982
39.55948
39.42616
39.82279
39.67553
39.99539
39.8507
39.60521
39.47039
39.61123
39.89522
40.0409
39.9002
40.0459
39.4652
39.61119
39.47048
40.04099
39.89527
40.04599
39.9002
39.59628
39.41931
39.55947
39.88362
40.02887
39.84665
39.99127
39.45567
39.55939
39.41938
40.02897
39.88358
39.99135
39.8466
39.50398
39.28552
39.42988
39.78992
39.93428
39.71292
39.85767
39.36299
39.42981
39.2856
39.93433
39.78989
39.85772
39.7129
39.33445
39.04727
39.21574
39.61322
39.75926
39.48962
39.63764
39.18393
39.21572
39.04725
39.75932
39.61319
39.63769
39.48959
39.46443
39.69383
39.85
39.46436
39.60437
39.84985
39.99958
39.3083
39.84994
39.69391
39.60441
39.46447
39.99963
39.85008
39.67585
39.42581
39.85117
39.35768
39.82273
39.5592
39.99531
40.12273
40.14218
40.28909
40.12285
40.2727
40.28928
40.43686
39.97248
40.28928
40.1422
40.27275
40.12276
40.43693
40.28909
39.24922
39.85088
39.42584
39.82271
39.35775
39.99526
39.5592
39.896
39.47018
39.90102
39.60497
40.04089
39.61099
40.04589
40.33355
40.19207
40.33827
40.33369
40.4807
40.3384
40.48522
40.18733
40.33809
40.19235
40.48077
40.33358
40.48529
40.33832
39.46494
39.90092
39.47025
40.0409
39.60492
40.04593
39.61094
39.88441
39.4191
39.84735
39.59604
40.02886
39.55926
39.99122
40.32064
40.13694
40.28189
40.32075
40.46722
40.28199
40.42782
40.17512
40.2819
40.13694
40.4673
40.32067
40.42792
40.2819
39.45545
39.84719
39.41917
40.02891
39.596
39.99128
39.55922
39.79046
39.28515
39.71319
39.50374
39.9342
39.42963
39.8576
40.22289
39.99933
40.14375
40.22294
40.36794
40.14381
40.28787
40.07855
40.1434
39.99974
40.36803
40.22289
40.28796
40.14375
39.36272
39.71314
39.28523
39.93426
39.50371
39.85764
39.42963
39.61328
39.04712
39.48958
39.33419
39.75917
39.21553
39.63755
40.04344
39.77652
39.92091
40.04356
40.18697
39.92117
40.06447
39.89927
39.92092
39.77646
40.18705
40.04346
40.06456
39.92107
39.18361
39.48946
39.04712
39.7592
39.33422
39.63755
39.2156
39.77684
39.46942
39.61164
39.77696
39.92059
39.61163
39.75571
39.63299
39.61135
39.46976
39.92066
39.77691
39.75576
39.6116
39.42588
39.07882
39.21942
39.42578
39.57051
39.21932
39.3657
39.28531
39.2195
39.07875
39.57056
39.42573
39.36574
39.21929
38.99344
38.60364
38.7491
38.99338
39.14312
38.74906
38.90394
38.85431
38.74901
38.60382
39.14314
38.99341
38.90395
38.74913
39.60434
39.84978
39.99953
39.30816
39.46435
39.69373
39.84992
39.46445
39.99957
39.85004
39.46439
39.30823
39.84988
39.69384
39.82262
39.55924
39.99522
39.24962
39.67534
39.42596
39.85051
40.27265
40.28915
40.43681
39.9723
40.12263
40.14202
40.28898
40.12271
40.43681
40.28902
40.12284
39.97241
40.28922
40.14211
39.35791
39.99514
39.55929
39.67475
39.24955
39.85038
39.42593
40.04082
39.61095
40.04582
39.46499
39.89508
39.47027
39.90002
40.48068
40.338
40.48521
40.18717
40.33348
40.1922
40.33823
40.33349
40.48509
40.33822
40.33365
40.18722
40.33837
40.19222
39.605
40.04564
39.61102
39.89512
39.46496
39.9001
39.47025
40.0288
39.55915
39.99118
39.45546
39.88339
39.41918
39.84641
40.46722
40.28179
40.42784
40.17496
40.32059
40.13678
40.28181
40.32057
40.42766
40.28181
40.32071
40.17496
40.28192
40.13675
39.59606
39.99109
39.55926
39.88349
39.45544
39.84652
39.41916
39.93415
39.42959
39.85754
39.36279
39.7897
39.28541
39.71271
40.36797
40.14327
40.28788
40.07839
40.2228
39.99958
40.14366
40.22281
40.28769
40.14367
40.2229
40.07835
40.14376
39.99953
39.50377
39.85735
39.42967
39.7898
39.36279
39.71278
39.28543
39.75915
39.21552
39.63753
39.18374
39.61301
39.04708
39.48943
40.18695
39.92084
40.06447
39.89911
40.04336
39.77632
39.92101
40.04333
40.06431
39.92083
40.04346
39.89905
39.9211
39.77625
39.33427
39.63749
39.21561
39.61304
39.1838
39.48943
39.04719
39.9206
39.61125
39.75569
39.63287
39.77685
39.46962
39.6115
39.7768
39.75554
39.61157
39.77693
39.6328
39.61157
39.46958
39.57048
39.21937
39.36566
39.28517
39.4256
39.07861
39.21916
39.42576
39.36555
39.21931
39.42567
39.28513
39.21922
39.0786
39.14307
38.74893
38.9039
38.8542
38.9933
38.60372
38.74904
38.9934
38.90386
38.74911
38.99334
38.85422
38.74907
38.60379
39.82255
39.85069
39.99509
39.24902
39.35749
39.42564
39.55897
39.67578
39.99518
39.85106
39.35753
39.24913
39.55903
39.42568
40.04075
39.90073
40.04578
39.46474
39.6047
39.47004
39.61071
39.8959
40.04568
39.90091
39.60478
39.46474
39.61079
39.47004
40.02876
39.847
39.99112
39.45524
39.59577
39.41897
39.55899
39.88429
39.99107
39.84722
39.59585
39.45523
39.55905
39.41896
39.9341
39.71296
39.85748
39.36252
39.50348
39.28505
39.42941
39.79034
39.8573
39.71304
39.50353
39.36252
39.42944
39.28506
39.75904
39.48929
39.63739
39.18343
39.33402
39.04696
39.21541
39.6131
39.63741
39.4894
39.33402
39.18347
39.21542
39.04704
)
;

boundaryField
{
    tumor_to_gland
    {
        type            compressible::turbulentTemperatureCoupledBaffleMixed;
        refValue        nonuniform List<scalar> 
1228
(
38.11508
38.11508
38.22213
38.22213
38.22213
38.22213
38.01514
38.01514
38.01514
38.01514
38.11897
38.11897
38.11897
38.11897
38.38188
38.38188
38.38188
38.47062
38.47062
38.47062
38.47062
38.46348
38.46348
38.46348
38.35653
38.35653
38.35653
38.35653
38.0654
38.0654
38.0654
38.0654
38.03966
38.03966
38.03966
37.90211
37.90211
37.98635
37.98635
37.98635
37.98635
37.98635
38.52367
38.52367
38.52367
38.52367
38.33101
38.33101
38.33101
38.33101
38.11512
38.11512
38.01518
38.01518
38.01518
38.01518
38.12311
38.12311
38.12311
37.88054
37.88054
37.90215
37.90215
37.80929
37.80929
37.80929
38.3818
38.3818
38.3818
38.46517
38.46517
38.22205
38.22205
38.22205
38.22205
38.1189
38.1189
38.1189
38.1189
38.23105
38.23105
38.23105
38.23105
38.23105
38.23105
37.97631
37.98628
37.98628
37.98628
37.98628
37.98628
37.87189
37.87189
37.68114
38.52358
38.52358
38.52358
38.52358
38.30848
38.47051
38.47051
38.47051
38.47051
38.3482
38.3482
38.25809
38.25809
38.25809
37.94734
37.94734
37.94734
38.03956
38.03956
38.03956
37.96788
37.96788
37.80924
37.80924
37.80924
37.87187
37.87187
38.33091
38.33091
38.33091
38.33091
38.46508
38.46508
38.34843
38.34843
38.25832
38.25832
38.25832
38.12303
38.12303
38.12303
38.231
38.231
38.231
38.231
38.231
38.231
37.94739
37.94739
37.94739
37.88048
37.88048
37.97627
38.26387
38.26387
38.26388
38.26388
38.25742
38.25742
38.15815
38.15815
38.15815
38.33098
38.33098
38.33098
38.33098
38.46523
38.46523
38.53139
38.53139
38.53139
38.53139
38.53139
38.15816
38.15816
38.15816
38.46524
38.46524
38.33102
38.33102
38.33102
38.33102
38.53142
38.53142
38.53142
38.53142
38.53142
38.25744
38.25744
38.34825
38.34825
38.06333
38.06333
38.06333
38.33904
38.33904
38.33904
38.22213
38.22213
38.22213
38.22213
38.10032
38.10032
38.10032
38.10032
38.20224
38.20224
38.20224
38.11509
38.11509
38.20224
38.20224
38.20224
38.10034
38.10034
38.10034
38.10034
38.34825
38.34825
38.33904
38.33904
38.33904
38.06334
38.06334
38.06334
38.25815
38.25815
38.25815
38.06336
38.06336
38.06336
38.11897
38.11897
38.11897
38.11897
37.96804
37.96804
37.96804
38.32027
38.32027
38.32027
38.32027
38.32027
38.32027
38.32027
38.32027
38.01515
38.01515
38.01515
38.01515
37.96804
37.96804
37.96804
38.32029
38.32029
38.32029
38.32029
38.32029
38.32029
38.32029
38.32029
38.25815
38.25815
38.25815
38.06336
38.06336
38.06336
37.94739
37.94739
37.94739
38.12308
38.12308
38.12308
38.23113
38.23113
38.23113
38.23113
38.23113
38.23113
37.99862
37.99862
38.09196
38.09196
38.09196
38.23112
38.23112
38.23112
38.23112
38.23112
38.23112
38.1231
38.1231
38.1231
38.09196
38.09196
38.09196
37.99864
37.99864
37.9474
37.9474
37.9474
37.88052
37.88052
37.97635
37.85696
37.97635
37.88054
37.88054
37.85697
38.31662
38.31663
38.28407
38.28407
38.3085
38.28409
38.28409
38.38187
38.38187
38.38187
38.50723
38.50723
38.50723
38.50723
38.50723
38.52365
38.52365
38.52365
38.52365
38.50732
38.50732
38.50732
38.50732
38.50732
38.52374
38.52374
38.52374
38.52374
38.2841
38.2841
38.30852
38.28411
38.28411
38.25752
38.25752
38.4706
38.4706
38.4706
38.4706
38.36092
38.36092
38.47063
38.47063
38.47063
38.47063
38.36095
38.36095
38.47066
38.47066
38.47066
38.47066
38.25756
38.25756
38.06341
38.06341
38.06341
38.34848
38.34848
38.33932
38.33932
38.33932
38.46351
38.46351
38.46351
38.06343
38.06343
38.06343
38.34851
38.34851
38.33934
38.33934
38.33934
38.25838
38.25838
38.25838
38.06347
38.06347
38.06347
38.17592
38.17592
38.17592
38.35655
38.35655
38.35655
38.35655
38.17594
38.17594
38.17594
38.2584
38.2584
38.2584
38.06348
38.06348
38.06348
37.94746
37.94746
37.94746
38.18458
38.18458
38.18458
38.18458
38.1846
38.1846
38.1846
38.1846
38.06542
38.06542
38.06542
38.06542
38.18457
38.18457
38.18457
38.18457
38.18461
38.18461
38.18461
38.18461
37.94746
37.94746
37.94746
38.03965
38.03965
38.03965
37.88398
38.03966
38.03966
38.03966
37.88399
38.07574
38.07574
38.07574
38.07574
38.07574
38.07577
38.07577
38.07577
38.07577
38.07577
37.88399
38.03967
38.03967
38.03967
37.88399
37.98635
37.98635
37.98635
37.98635
37.98635
37.82755
37.82755
37.82755
37.99051
37.99051
37.99051
37.99051
37.90213
37.90213
37.82755
37.82755
37.82755
37.99053
37.99053
37.99053
37.99053
37.80926
37.80926
37.80926
37.87193
37.87193
37.87193
37.87193
37.80928
37.80928
37.80928
38.3166
38.39991
38.39991
38.39991
38.51318
38.51318
38.51316
38.51316
38.6244
38.51318
38.51318
38.39993
38.39993
38.39993
38.62441
38.51319
38.51319
38.31661
38.26381
38.26381
38.52371
38.52371
38.52371
38.52371
38.50727
38.50727
38.50727
38.50727
38.50727
38.38182
38.38182
38.38182
38.50725
38.50725
38.50725
38.50725
38.50725
38.38186
38.38186
38.38186
38.26384
38.26384
38.33099
38.33099
38.33099
38.33099
38.53146
38.53146
38.53146
38.53146
38.53146
38.46515
38.46515
38.15811
38.15811
38.15811
38.53148
38.53148
38.53148
38.53148
38.53148
38.46518
38.46518
38.15814
38.15814
38.15814
38.10036
38.10036
38.10036
38.10036
38.22209
38.22209
38.22209
38.22209
38.2022
38.2022
38.2022
38.11515
38.11515
38.10039
38.10039
38.10039
38.10039
38.22211
38.22211
38.22211
38.22211
38.20221
38.20221
38.20221
38.32035
38.32035
38.32035
38.32035
38.32035
38.32035
38.32035
38.32035
38.11894
38.11894
38.11894
38.11894
37.96801
37.96801
37.96801
38.0152
38.0152
38.0152
38.0152
38.32036
38.32036
38.32036
38.32036
38.32036
38.32036
38.32036
38.32036
38.11895
38.11895
38.11895
38.11895
37.96802
37.96802
37.96802
38.12311
38.12311
38.12311
37.99864
37.99864
38.23109
38.23109
38.23109
38.23109
38.23109
38.23109
38.09193
38.09193
38.09193
37.99861
37.99861
38.23109
38.23109
38.23109
38.23109
38.23109
38.23109
38.09193
38.09193
38.09193
37.88054
37.88054
37.97632
37.85694
38.07579
38.07579
38.07579
38.07579
38.07579
38.07579
38.07579
38.07579
38.07579
38.07579
37.97633
37.85695
37.99054
37.99054
37.99054
37.99054
37.98634
37.98634
37.98634
37.98634
37.98634
37.82754
37.82754
37.82754
37.90214
37.90214
37.99055
37.99055
37.99055
37.99055
37.98635
37.98635
37.98635
37.98635
37.98635
37.82755
37.82755
37.82755
37.80928
37.80928
37.80928
37.87192
37.87192
37.71681
37.86104
37.86104
37.86104
37.86103
37.86103
37.86103
37.86104
37.86104
37.86104
37.7168
37.86104
37.86104
37.86104
37.87192
37.87192
37.68116
37.68116
38.31658
38.51314
38.51314
38.62438
38.39988
38.39988
38.39988
38.51314
38.51314
38.62439
38.51317
38.51317
38.51316
38.51316
38.39991
38.39991
38.39991
38.3166
38.26379
38.26379
38.52365
38.52365
38.52365
38.52365
38.50721
38.50721
38.50721
38.50721
38.50721
38.38184
38.38184
38.38184
38.52364
38.52364
38.52364
38.52364
38.5072
38.5072
38.5072
38.5072
38.5072
38.26383
38.26383
38.46513
38.46513
38.15808
38.15808
38.15808
38.33091
38.33091
38.33091
38.33091
38.5313
38.5313
38.5313
38.5313
38.5313
38.15812
38.15812
38.15812
38.33095
38.33095
38.33095
38.33095
38.53134
38.53134
38.53134
38.53134
38.53134
38.20216
38.20216
38.20216
38.11501
38.11501
38.10025
38.10025
38.10025
38.10025
38.22208
38.22208
38.22208
38.22208
38.20217
38.20217
38.20217
38.11505
38.11505
38.10028
38.10028
38.10028
38.10028
37.96797
37.96797
37.96797
38.01507
38.01507
38.01507
38.01507
38.32018
38.32018
38.32018
38.32018
38.32018
38.32018
38.32018
38.32018
38.11891
38.11891
38.11891
38.11891
37.968
37.968
37.968
38.01511
38.01511
38.01511
38.01511
38.32022
38.32022
38.32022
38.32022
38.32022
38.32022
38.32022
38.32022
38.23103
38.23103
38.23103
38.23103
38.23103
38.23103
38.09188
38.09188
38.09188
38.12301
38.12301
38.12301
37.99855
37.99855
38.09187
38.09187
38.09187
38.12304
38.12304
38.12304
37.99858
37.99858
37.97628
37.85691
37.88046
37.88046
38.07567
38.07567
38.07567
38.07567
38.07567
38.07571
38.07571
38.07571
38.07571
38.07571
37.85696
37.8805
37.8805
37.82749
37.82749
37.82749
37.90205
37.90205
37.99046
37.99046
37.99046
37.99046
37.98631
37.98631
37.98631
37.98631
37.98631
37.82752
37.82752
37.82752
37.90209
37.90209
37.99048
37.99048
37.99048
37.99048
37.87188
37.87188
37.80922
37.80922
37.80922
37.861
37.861
37.861
37.71676
37.86101
37.86101
37.86101
37.86102
37.86102
37.86102
37.861
37.861
37.861
37.71677
37.80924
37.80924
37.80924
37.68114
38.31657
38.31658
38.30844
38.28401
38.28401
38.28402
38.28402
38.38178
38.38178
38.38178
38.50714
38.50714
38.50714
38.50714
38.50714
38.52369
38.52369
38.52369
38.52369
38.3818
38.3818
38.3818
38.50724
38.50724
38.50724
38.50724
38.50724
38.28405
38.28405
38.28407
38.28407
38.25734
38.25734
38.47055
38.47055
38.47055
38.47055
38.36084
38.36084
38.47057
38.47057
38.47057
38.47057
38.47059
38.47059
38.47059
38.47059
38.36088
38.36088
38.25739
38.25739
38.34815
38.34815
38.33893
38.33893
38.33893
38.06326
38.06326
38.06326
38.4634
38.4634
38.4634
38.46343
38.46343
38.46343
38.33898
38.33898
38.33898
38.0633
38.0633
38.0633
38.25805
38.25805
38.25805
38.06327
38.06327
38.06327
38.35644
38.35644
38.35644
38.35644
38.17585
38.17585
38.17585
38.35649
38.35649
38.35649
38.35649
38.17588
38.17588
38.17588
38.06332
38.06332
38.06332
37.94731
37.94731
37.94731
38.18447
38.18447
38.18447
38.18447
38.06533
38.06533
38.06533
38.06533
38.18452
38.18452
38.18452
38.18452
38.18452
38.18452
38.18452
38.18452
38.06536
38.06536
38.06536
38.06536
38.18452
38.18452
38.18452
38.18452
37.88391
38.03959
38.03959
38.03959
37.88393
38.07572
38.07572
38.07572
38.07572
38.07572
38.07573
38.07573
38.07573
38.07573
38.07573
38.0396
38.0396
38.0396
37.88395
38.0396
38.0396
38.0396
37.88394
37.99049
37.99049
37.99049
37.99049
37.90208
37.90208
37.98629
37.98629
37.98629
37.98629
37.98629
37.8275
37.8275
37.8275
37.9905
37.9905
37.9905
37.9905
37.98628
37.98628
37.98628
37.98628
37.98628
37.9021
37.9021
37.82749
37.82749
37.82749
37.87188
37.87188
37.80925
37.80925
37.80925
38.26376
38.26376
38.26378
38.26378
38.25746
38.25746
38.46507
38.46507
38.53135
38.53135
38.53135
38.53135
38.53135
38.15807
38.15807
38.15807
38.33096
38.33096
38.33096
38.33096
38.53141
38.53141
38.53141
38.53141
38.53141
38.15808
38.15808
38.15808
38.25749
38.25749
38.3484
38.3484
38.06335
38.06335
38.06335
38.33924
38.33924
38.33924
38.11506
38.11506
38.22204
38.22204
38.22204
38.22204
38.10031
38.10031
38.10031
38.10031
38.20213
38.20213
38.20213
38.22204
38.22204
38.22204
38.22204
38.11509
38.11509
38.20214
38.20214
38.20214
38.10033
38.10033
38.10033
38.10033
38.33925
38.33925
38.33925
38.06338
38.06338
38.06338
38.2583
38.2583
38.2583
38.0634
38.0634
38.0634
38.32027
38.32027
38.32027
38.32027
38.32027
38.32027
38.32027
38.32027
38.01512
38.01512
38.01512
38.01512
38.11888
38.11888
38.11888
38.11888
37.96796
37.96796
37.96796
38.32028
38.32028
38.32028
38.32028
38.32028
38.32028
38.32028
38.32028
38.11888
38.11888
38.11888
38.11888
38.01514
38.01514
38.01514
38.01514
37.96797
37.96797
37.96797
38.06342
38.06342
38.06342
37.94739
37.94739
37.94739
38.23102
38.23102
38.23102
38.23102
38.23102
38.23102
37.99854
37.99854
38.09187
38.09187
38.09187
38.12305
38.12305
38.12305
38.09183
38.09183
38.09183
37.99858
37.99858
37.97627
37.8569
37.88049
37.88049
37.85693
37.96794
37.96794
37.96794
37.96794
37.96787
37.96787
)
;
        refGradient     uniform 0;
        valueFraction   nonuniform List<scalar> 
1228
(
0.3728183
0.3570388
0.456125
0.4584785
0.1450329
0.4407759
0.202841
0.402475
0.3749307
0.3673071
0.1043198
0.453334
0.4484676
0.4537796
0.3519363
0.3748516
0.3739564
0.4278627
0.7233456
0.4197593
0.5041911
0.5362914
0.5387117
0.5735135
0.6000745
0.5522824
0.5615569
0.5459027
0.2256138
0.3330238
0.5407556
0.5406831
0.3706317
0.6499769
0.2670803
0.2370126
0.498231
0.4661144
0.5999459
0.4246568
0.2361029
0.6627982
0.551867
0.2835283
0.5406488
0.5076032
0.3503648
0.2787041
0.5070174
0.3427575
0.3727362
0.3569531
0.4024137
0.2028416
0.3748534
0.3672405
0.3338523
0.3106214
0.2393863
0.416469
0.2429892
0.2370154
0.4982324
0.267908
0.3341589
0.3551684
0.3519233
0.3748499
0.3739548
0.4812285
0.2200653
0.4561085
0.4584728
0.4407535
0.1450304
0.104317
0.4533155
0.4484529
0.4537722
0.5567208
0.5958525
0.5958188
0.477636
0.5105292
0.4287964
0.141239
0.4661125
0.599936
0.2361025
0.4246563
0.6627974
0.4491432
0.1771485
0.2371056
0.283525
0.5406358
0.551855
0.5076001
0.2665736
0.7233348
0.4197524
0.4278583
0.5041864
0.3323334
0.3481571
0.3484008
0.3659814
0.3409458
0.3480817
0.1629316
0.4110004
0.3706268
0.649971
0.2670781
0.4725932
0.328966
0.2679078
0.3341586
0.3551681
0.4491423
0.1771483
0.3503582
0.5070058
0.3427516
0.2787012
0.4811858
0.2200609
0.3323231
0.3481291
0.3484085
0.3660176
0.3409464
0.3338468
0.3106187
0.2393831
0.5567156
0.5958401
0.5958038
0.5105257
0.477634
0.4287951
0.4109304
0.1629315
0.348083
0.416463
0.2429881
0.1412397
0.1969379
0.3074178
0.3074179
0.1969387
0.1859663
0.3110904
0.3262541
0.4045135
0.394601
0.3427663
0.2787668
0.3504402
0.5070533
0.2200802
0.4812445
0.4018667
0.5572392
0.4851738
0.695783
0.648898
0.3262562
0.3946038
0.4045203
0.220082
0.4812482
0.3427645
0.350445
0.2787691
0.5070658
0.6957729
0.4851726
0.6488939
0.4018629
0.5572341
0.1859719
0.3110971
0.3481599
0.3323394
0.311546
0.3136901
0.3333006
0.3751257
0.3706127
0.3950966
0.4584714
0.4561221
0.1450329
0.4407734
0.2130455
0.4169701
0.2238215
0.4120189
0.105499
0.1436917
0.1257418
0.3728257
0.3570442
0.1436917
0.105499
0.1257418
0.2238216
0.2130456
0.4169729
0.4120203
0.3481676
0.3323453
0.3751286
0.3706157
0.3950985
0.3136917
0.311552
0.3332975
0.36599
0.3484093
0.3409535
0.3147365
0.2709852
0.1890079
0.1043198
0.4533336
0.4537796
0.4484675
0.3986071
0.3866663
0.3612595
0.5704125
0.6502715
0.5262211
0.443757
0.6223376
0.7262828
0.5673881
0.7180829
0.202841
0.4024764
0.3749312
0.3673071
0.3866663
0.3986071
0.3612595
0.6502715
0.5704125
0.7262829
0.6223376
0.7180829
0.5673881
0.5262211
0.443757
0.3659914
0.3484093
0.3409535
0.3147365
0.2709852
0.1890079
0.1629335
0.3480843
0.4110049
0.3106291
0.3338518
0.2393852
0.5958229
0.5958624
0.5105326
0.5567275
0.4287987
0.4776394
0.1640309
0.2963291
0.287229
0.3345722
0.1785856
0.5958624
0.5958229
0.5567275
0.5105326
0.4776394
0.4287987
0.3106291
0.3338518
0.2393852
0.3345722
0.287229
0.1785856
0.1640309
0.2963291
0.4110049
0.1629335
0.3480843
0.4164401
0.2429881
0.1412397
0.3920032
0.1412397
0.2429881
0.4164401
0.3920032
0.1963651
0.1963669
0.3151052
0.3296924
0.2665736
0.3296969
0.3150862
0.3739554
0.3748498
0.3519364
0.3636982
0.5532705
0.6210422
0.5983029
0.6484362
0.5076012
0.2835265
0.5406369
0.5518584
0.5983079
0.3637098
0.6484553
0.5532899
0.621057
0.540642
0.2835395
0.5076088
0.5518747
0.315112
0.3297043
0.2665833
0.3296995
0.3150772
0.1859286
0.3110681
0.5041895
0.4278583
0.4197425
0.7233306
0.2744482
0.4097746
0.5043022
0.4197265
0.4278279
0.723323
0.2744524
0.4097821
0.4197124
0.5043023
0.4278337
0.723321
0.1859388
0.3110793
0.3116234
0.3137692
0.3333772
0.3481334
0.3323293
0.3751769
0.3706852
0.3951425
0.53872
0.536294
0.5735146
0.3137702
0.3116291
0.333374
0.3481493
0.332335
0.3751795
0.3706864
0.3951436
0.3660268
0.3484172
0.3409537
0.3147283
0.2709718
0.1890075
0.3861597
0.4143855
0.3498658
0.6000789
0.5615503
0.5522831
0.545904
0.4143867
0.3861604
0.3498658
0.3660274
0.3484177
0.3409537
0.3147283
0.2709718
0.1890075
0.1629335
0.410936
0.348087
0.5252861
0.6368672
0.5484956
0.5001364
0.5252878
0.6367979
0.5483453
0.5001345
0.5407556
0.3330238
0.2256138
0.5406836
0.6368672
0.5001364
0.5252861
0.5484956
0.5252878
0.6367982
0.5483453
0.5001345
0.348087
0.1629335
0.4109364
0.6499769
0.3706317
0.2670803
0.205218
0.6500013
0.3706298
0.2670848
0.2052211
0.6989147
0.3832091
0.4681547
0.5874229
0.804327
0.6989147
0.804327
0.5874229
0.4681547
0.3832091
0.205218
0.3706298
0.2670848
0.6500013
0.2052211
0.4246568
0.5999459
0.4661144
0.2361029
0.6627982
0.1437962
0.4710378
0.3868811
0.4739038
0.5991213
0.3851856
0.7470368
0.2370126
0.498231
0.1437962
0.4710378
0.3868811
0.5991213
0.4739038
0.7470368
0.3851856
0.2679083
0.3551683
0.334159
0.4491441
0.1771485
0.4491441
0.1771485
0.2679083
0.3551683
0.334159
0.1963659
0.2429435
0.2429474
0.2934638
0.3235559
0.3905078
0.323557
0.3905067
0.4773666
0.3235578
0.3905088
0.2429485
0.2934658
0.2429445
0.4773681
0.3905146
0.3235658
0.1963744
0.1969275
0.3074039
0.5075964
0.5518656
0.2835371
0.5406404
0.3636917
0.6210511
0.553243
0.6484042
0.5982936
0.3739449
0.3748506
0.351916
0.6210476
0.5532244
0.3637008
0.648401
0.5983049
0.3748575
0.3739548
0.3519356
0.3074172
0.1969297
0.2787003
0.3427589
0.5070216
0.3503637
0.401766
0.5571431
0.485078
0.6488182
0.6957663
0.2200636
0.4811998
0.4044049
0.3262254
0.3945662
0.4850744
0.4017669
0.5571409
0.6488092
0.6957561
0.2200683
0.4812069
0.4044101
0.32623
0.394565
0.4169141
0.213046
0.4119677
0.2238223
0.4583644
0.4560897
0.440735
0.1450322
0.1054982
0.1436906
0.125741
0.3569589
0.3727414
0.4119682
0.4169161
0.2130461
0.2238224
0.4583706
0.4560896
0.4407411
0.1450322
0.1054982
0.1436906
0.125741
0.5703437
0.5261755
0.4437462
0.6502052
0.6222929
0.5673782
0.7262679
0.7180784
0.1043191
0.4536907
0.4533023
0.4484406
0.3985168
0.386638
0.3612293
0.3748566
0.4024142
0.2028416
0.3672373
0.6222929
0.5703437
0.5261755
0.4437462
0.6502006
0.5673782
0.7262679
0.7180784
0.1043191
0.453688
0.453301
0.4484375
0.3985138
0.3866345
0.3612293
0.3106214
0.3338523
0.2393863
0.1640318
0.2963304
0.5958079
0.5958496
0.510529
0.4287974
0.5567222
0.4776384
0.2872279
0.3345713
0.1785864
0.1640318
0.2963303
0.510529
0.5958079
0.5958495
0.4287974
0.5567221
0.4776382
0.2872279
0.3345711
0.1785864
0.416469
0.2429892
0.1412404
0.3919985
0.6989388
0.3832127
0.4681636
0.5874389
0.804325
0.4681636
0.6989388
0.5874389
0.804325
0.3832127
0.1412404
0.3919985
0.4739041
0.5991231
0.385185
0.7470368
0.4246578
0.5999402
0.6627989
0.4661145
0.2361032
0.4710386
0.1437964
0.3868807
0.2370154
0.4982324
0.385185
0.4739041
0.5991231
0.7470368
0.5999402
0.4246578
0.6627989
0.4661145
0.2361032
0.4710386
0.1437964
0.3868807
0.267908
0.3551684
0.3341589
0.4491436
0.1771486
0.2338365
0.3562449
0.4631004
0.137432
0.356245
0.4631001
0.137432
0.137432
0.3562449
0.4631004
0.2338365
0.4631001
0.356245
0.137432
0.4491436
0.1771486
0.2371056
0.2371056
0.1963657
0.3235566
0.3905061
0.477366
0.2429474
0.2934632
0.2429433
0.3905065
0.3235553
0.4773676
0.390514
0.3235654
0.3905079
0.3235572
0.2934649
0.2429438
0.2429478
0.1963741
0.3074087
0.1969263
0.5406393
0.2835362
0.5076061
0.5518627
0.598295
0.3637052
0.648442
0.6210484
0.5532867
0.3748573
0.3519352
0.3739547
0.5518584
0.540648
0.2835274
0.5076008
0.6210422
0.5983024
0.3636972
0.6484342
0.5532697
0.3074166
0.1969283
0.2200616
0.4812271
0.3262427
0.3945874
0.4045147
0.3427519
0.5070541
0.3504379
0.2787662
0.6957564
0.4851626
0.6488843
0.4018586
0.557229
0.3262445
0.3945831
0.4045078
0.2787663
0.5070513
0.3427577
0.3504365
0.6957716
0.4018659
0.4851686
0.6488886
0.5572372
0.1436879
0.1054962
0.125739
0.3728175
0.3570333
0.2238173
0.2130426
0.4169609
0.4120076
0.4407571
0.4561053
0.458466
0.1450304
0.1054962
0.1436879
0.125739
0.3728111
0.3570332
0.2130426
0.41696
0.2238173
0.4120077
0.3866518
0.3985999
0.361242
0.2028381
0.4024636
0.3749196
0.3672971
0.6502616
0.7262674
0.7180755
0.6223288
0.5673819
0.5704085
0.5262174
0.4437553
0.4533118
0.104317
0.4484529
0.4537723
0.361242
0.3866517
0.3986
0.2028381
0.4024642
0.3749203
0.3672973
0.726266
0.5262158
0.6502604
0.7180742
0.6223273
0.5673804
0.570407
0.4437537
0.5958525
0.5958188
0.5567207
0.4776358
0.5105292
0.4287964
0.3345688
0.2872269
0.1785848
0.3338462
0.2393816
0.3106267
0.1640278
0.2963278
0.1785848
0.3345689
0.2872269
0.3338459
0.2393813
0.3106264
0.2963281
0.1640279
0.1412389
0.391994
0.2429869
0.4164341
0.80432
0.6989094
0.5874181
0.3832073
0.4681525
0.80432
0.6989094
0.5874181
0.3832073
0.4681525
0.391994
0.2429871
0.4164343
0.143796
0.471037
0.3868805
0.2370113
0.4982296
0.5991195
0.7470363
0.385184
0.4739029
0.599936
0.4661125
0.2361025
0.4246563
0.6627974
0.3868805
0.143796
0.471037
0.2370113
0.4982296
0.7470363
0.5991195
0.385184
0.4739029
0.4491432
0.1771485
0.3551683
0.2679074
0.334159
0.1374319
0.3562449
0.4631004
0.2338365
0.4631001
0.137432
0.3562449
0.4631004
0.3562449
0.1374319
0.4631001
0.137432
0.3562449
0.2338365
0.334159
0.3551683
0.2679074
0.2371056
0.1963642
0.196366
0.2665695
0.3296932
0.3151077
0.3296884
0.315073
0.3748486
0.3739534
0.3519315
0.6210391
0.5532213
0.3636954
0.5982989
0.6483876
0.5518656
0.5406411
0.283538
0.507596
0.3748505
0.3519233
0.3739442
0.6210511
0.5983001
0.3636908
0.6484027
0.5532418
0.3296924
0.3151044
0.3296969
0.3150847
0.1859679
0.3110905
0.4197056
0.7233101
0.5042979
0.4278293
0.2744464
0.4097689
0.4278573
0.7233291
0.4197411
0.5041877
0.4278254
0.7233218
0.4197241
0.5043004
0.2744458
0.4097659
0.1859654
0.3110879
0.3481599
0.3323356
0.3751181
0.3706039
0.3950863
0.3136835
0.3115427
0.3332889
0.5387074
0.5362876
0.573505
0.5387039
0.53629
0.5735077
0.3706034
0.3751168
0.3950877
0.3136851
0.3115391
0.3332937
0.3659794
0.3483992
0.3409458
0.3147304
0.2709799
0.1890052
0.6000692
0.5615386
0.5522725
0.5458986
0.4143806
0.3861444
0.3498611
0.6000724
0.5615528
0.5522796
0.5459045
0.4143793
0.3861425
0.3498593
0.2709796
0.3147302
0.1890051
0.4110007
0.3480819
0.1629318
0.636862
0.5001319
0.5484896
0.5252848
0.5407492
0.3330192
0.2256109
0.5406771
0.5252854
0.6367922
0.5483386
0.5001284
0.636862
0.5484896
0.5252848
0.5001319
0.3330177
0.5407473
0.5406752
0.2256097
0.6367922
0.5252854
0.5483386
0.5001284
0.2052157
0.3706238
0.2670822
0.6499949
0.2052188
0.4681614
0.6989336
0.5874341
0.8043225
0.3832109
0.6989336
0.8043225
0.5874341
0.4681614
0.3832109
0.649971
0.3706268
0.2670781
0.2052157
0.6499949
0.3706238
0.2670822
0.2052188
0.385185
0.4739029
0.5991209
0.7470362
0.4982305
0.237014
0.5999376
0.6627977
0.4246573
0.4661134
0.2361029
0.471037
0.143796
0.3868798
0.7470362
0.5991209
0.4739029
0.385185
0.5999376
0.6627977
0.4661134
0.4246573
0.2361029
0.4982305
0.237014
0.3868798
0.471037
0.143796
0.4491423
0.1771483
0.3341586
0.2679078
0.3551681
0.3074136
0.1969255
0.3074083
0.1969262
0.1859348
0.3110727
0.2200601
0.4811886
0.4850652
0.4017626
0.5571357
0.6957403
0.6487993
0.3262176
0.4044045
0.3945499
0.2786984
0.5070201
0.342757
0.3503594
0.6957554
0.4017633
0.4850719
0.6488087
0.5571401
0.3262163
0.3945495
0.4043992
0.1859263
0.3110644
0.3481417
0.3323247
0.3137619
0.3116198
0.3333653
0.3751674
0.3706744
0.3951332
0.3569465
0.3727331
0.4583649
0.4560744
0.4407224
0.1450313
0.4119559
0.4169027
0.2130442
0.2238198
0.1054971
0.1436892
0.12574
0.4407235
0.4560741
0.458359
0.1450313
0.3727289
0.3569482
0.1054972
0.1436892
0.12574
0.4169052
0.2130443
0.4119574
0.2238199
0.3706763
0.3751689
0.3951335
0.3137643
0.3116166
0.3333705
0.3660166
0.3484076
0.3409449
0.3147208
0.2709656
0.1890042
0.6222779
0.5703378
0.6501916
0.5261702
0.4437429
0.7262528
0.5673705
0.7180699
0.3748455
0.4024024
0.2028398
0.3672301
0.104318
0.4532864
0.4536828
0.4484196
0.3985087
0.3866166
0.3612129
0.7262529
0.5261709
0.6501927
0.570339
0.6222783
0.71807
0.5673706
0.4437436
0.4532872
0.1043181
0.4484199
0.4536836
0.4024033
0.2028399
0.3748467
0.3672311
0.3612128
0.3866169
0.3985094
0.2709667
0.3147221
0.1890051
0.3480833
0.4109304
0.1629308
0.5105258
0.5958039
0.5958401
0.5567153
0.4287953
0.4776336
0.1640292
0.2963291
0.2872261
0.3345668
0.1785856
0.3106193
0.3338465
0.2393824
0.1785856
0.3345671
0.2872258
0.2963291
0.1640286
0.1412397
0.3919956
0.2429881
0.416463
0.3919956
0.4726104
0.3289764
0.4726104
0.3289764
0.472607
0.328975
)
;
        value           nonuniform List<scalar> 
1228
(
38.62481
38.61672
38.66808
38.60429
38.57524
38.65432
38.4839
38.54685
38.53741
38.49514
38.55265
38.568
38.54275
38.47667
38.63162
38.62558
38.55929
38.55699
38.604
38.58334
38.55123
38.59427
38.5984
38.58765
38.50998
38.49539
38.5093
38.47423
38.29907
38.33199
38.33172
38.3318
38.2308
38.2325
38.1618
38.14103
38.11098
38.1773
38.20903
38.11806
38.12279
38.09832
38.5994
38.62596
38.6376
38.59332
38.61503
38.54071
38.63738
38.55505
38.62494
38.61684
38.54696
38.48385
38.53752
38.49521
38.35437
38.32186
38.31206
38.29492
38.24227
38.14109
38.11104
38.04805
37.97028
37.95584
38.63151
38.6255
38.55918
38.68485
38.62638
38.66796
38.60417
38.6542
38.57512
38.55254
38.56788
38.54264
38.47656
38.40608
38.42804
38.38373
38.37942
38.34809
38.31125
38.30439
38.17722
38.20896
38.12272
38.11798
38.09824
38.05535
38.00734
38.02284
38.62587
38.63752
38.5993
38.59322
38.59021
38.60388
38.58321
38.55687
38.55111
38.54416
38.57788
38.47586
38.4938
38.44683
38.28818
38.33558
38.35838
38.2307
38.23239
38.1617
38.11047
38.06157
38.04798
37.97022
37.95579
38.05533
38.00733
38.6149
38.63725
38.55492
38.54059
38.68473
38.62627
38.54451
38.57818
38.4762
38.49417
38.4471
38.35427
38.32176
38.31197
38.40601
38.42797
38.38371
38.34806
38.37936
38.31123
38.3585
38.33571
38.2882
38.29484
38.24219
38.30434
38.59159
38.61248
38.6125
38.59161
38.55388
38.56277
38.65039
38.61648
38.69327
38.55509
38.54059
38.615
38.63736
38.62647
38.68493
38.58535
38.60634
38.65332
38.64011
38.67058
38.6504
38.69328
38.61649
38.62648
38.68494
38.55511
38.61506
38.54059
38.63749
38.64013
38.65337
38.67061
38.58535
38.60635
38.55387
38.56277
38.57796
38.54423
38.52934
38.53778
38.49111
38.54037
38.53262
38.51503
38.60428
38.66807
38.57525
38.65433
38.52121
38.58437
38.53582
38.5832
38.58948
38.59543
38.55276
38.62483
38.61675
38.59542
38.58947
38.55275
38.53582
38.52121
38.5844
38.58324
38.57795
38.54422
38.54036
38.53261
38.51502
38.53781
38.52935
38.49113
38.4939
38.47594
38.44691
38.39311
38.36957
38.34548
38.55266
38.56801
38.47665
38.54276
38.45262
38.53189
38.50494
38.41663
38.47888
38.39755
38.37087
38.46339
38.45394
38.44512
38.43258
38.48389
38.54688
38.53745
38.49517
38.53187
38.45264
38.50492
38.47891
38.41663
38.45394
38.46342
38.43259
38.44515
38.39756
38.37088
38.49389
38.47592
38.44691
38.39311
38.36956
38.34549
38.33566
38.28824
38.35846
38.32173
38.35433
38.31205
38.3838
38.42815
38.34816
38.40617
38.31132
38.37951
38.31035
38.2518
38.29122
38.37359
38.31083
38.42814
38.38381
38.40616
38.34817
38.3795
38.31133
38.32173
38.35436
38.31207
38.37358
38.29124
38.31083
38.31037
38.2518
38.35846
38.33566
38.28826
38.29488
38.24229
38.30445
38.27407
38.30445
38.24229
38.2949
38.27407
38.68232
38.68235
38.54488
38.55793
38.59023
38.55793
38.5449
38.55919
38.62556
38.6316
38.60769
38.57765
38.57749
38.61167
38.66377
38.5933
38.62594
38.63759
38.59938
38.61173
38.60781
38.66391
38.5777
38.57755
38.63765
38.62606
38.59342
38.59944
38.54489
38.55795
38.59025
38.55796
38.54495
38.554
38.56303
38.55121
38.557
38.58333
38.60393
38.55846
38.59409
38.55121
38.58335
38.55708
38.60396
38.55849
38.59413
38.5834
38.55124
38.5571
38.60397
38.55402
38.56306
38.52931
38.53775
38.49109
38.57826
38.54458
38.54077
38.53302
38.51542
38.59844
38.5943
38.58769
38.53779
38.52933
38.49112
38.57828
38.5446
38.5408
38.53304
38.51544
38.49427
38.47627
38.44719
38.39335
38.36975
38.34563
38.40397
38.43348
38.36392
38.50999
38.50932
38.4954
38.47425
38.43351
38.40399
38.36395
38.49429
38.47629
38.44721
38.39337
38.36977
38.34565
38.3358
38.35858
38.28826
38.27125
38.35189
38.3118
38.26395
38.27125
38.35196
38.31182
38.26395
38.33173
38.33201
38.29907
38.33181
38.35188
38.26395
38.27124
38.31179
38.27126
38.35197
38.31182
38.26395
38.28829
38.33582
38.3586
38.23249
38.2308
38.1618
38.14016
38.23251
38.23078
38.16181
38.14017
38.23075
38.16179
38.14518
38.20813
38.16717
38.23077
38.16719
38.20816
38.1452
38.16182
38.14017
38.23079
38.16181
38.23252
38.14017
38.11805
38.20904
38.1773
38.1228
38.09831
38.11646
38.08717
38.05898
38.05209
38.12194
38.07957
38.04477
38.14106
38.11101
38.11644
38.08719
38.05897
38.12197
38.0521
38.04479
38.07959
38.04799
37.95583
37.97027
38.05541
38.0074
38.0554
38.00739
38.04802
37.95584
37.97028
38.6823
38.60167
38.60174
38.76395
38.68804
38.81136
38.68802
38.81134
38.86882
38.68806
38.81136
38.60178
38.764
38.6017
38.86884
38.81138
38.68805
38.68233
38.59149
38.61239
38.59337
38.59941
38.62602
38.63761
38.60775
38.57751
38.57768
38.66382
38.61165
38.55922
38.62553
38.63152
38.57751
38.5777
38.60771
38.66378
38.61167
38.62556
38.5592
38.63158
38.61246
38.59153
38.54069
38.55501
38.6374
38.61501
38.58546
38.60653
38.65335
38.67068
38.64011
38.62636
38.68482
38.61658
38.65027
38.6932
38.65337
38.58547
38.60655
38.67069
38.64013
38.6264
38.68485
38.61659
38.6503
38.69321
38.58448
38.52116
38.58331
38.53578
38.60437
38.668
38.65425
38.57518
38.58941
38.59536
38.5527
38.61687
38.62493
38.58333
38.58448
38.52115
38.53576
38.60437
38.66802
38.65425
38.57517
38.5894
38.59534
38.55268
38.41681
38.3977
38.37099
38.47897
38.46346
38.44517
38.45396
38.4326
38.5526
38.4767
38.56794
38.54269
38.45268
38.53181
38.50487
38.53753
38.54695
38.48383
38.4952
38.46347
38.41683
38.39771
38.37101
38.47897
38.44518
38.45397
38.43262
38.55258
38.47669
38.56792
38.54268
38.45268
38.53181
38.50487
38.32184
38.35435
38.31206
38.31036
38.25177
38.38379
38.42809
38.34814
38.31131
38.40611
38.37946
38.29122
38.37353
38.31078
38.31036
38.25177
38.34816
38.38379
38.42809
38.31131
38.40611
38.37946
38.29122
38.37354
38.3108
38.29492
38.24226
38.30441
38.27404
38.2308
38.16185
38.14521
38.20819
38.1672
38.14521
38.2308
38.2082
38.16721
38.16185
38.30442
38.27405
38.0521
38.122
38.07961
38.04479
38.11808
38.20902
38.09833
38.17728
38.12279
38.08721
38.11644
38.05897
38.1411
38.11103
38.07962
38.05211
38.122
38.04479
38.20903
38.11809
38.09834
38.1773
38.1228
38.08722
38.11645
38.05896
38.04804
37.95583
37.97028
38.0554
38.00739
37.97291
37.97404
37.96307
37.99421
37.97402
37.96306
37.9942
37.99421
37.97403
37.96307
37.97291
37.96307
37.97403
37.99422
38.05539
38.00739
38.02285
38.02285
38.68227
38.68799
38.81131
38.86881
38.60169
38.76392
38.60161
38.81132
38.68799
38.86882
38.81137
38.68802
38.81134
38.688
38.76397
38.60166
38.60174
38.6823
38.61238
38.59148
38.63756
38.62596
38.59331
38.59933
38.61161
38.60769
38.66378
38.57744
38.57758
38.62554
38.63157
38.55916
38.59936
38.63757
38.62593
38.59328
38.57746
38.61163
38.60766
38.66374
38.57762
38.61244
38.59151
38.62634
38.6848
38.65026
38.69316
38.61637
38.55498
38.63736
38.61493
38.54047
38.64
38.65324
38.67047
38.58523
38.60622
38.65031
38.69317
38.61641
38.54054
38.63732
38.55501
38.61495
38.64004
38.5853
38.65327
38.67051
38.60627
38.5953
38.58935
38.55263
38.62471
38.61663
38.5357
38.52109
38.58427
38.58312
38.65422
38.66797
38.6042
38.57512
38.58934
38.59527
38.55263
38.62474
38.61665
38.52109
38.5843
38.53568
38.58313
38.53176
38.45253
38.50481
38.48378
38.54676
38.53733
38.49505
38.47879
38.45383
38.43247
38.4633
38.44503
38.41652
38.39744
38.37077
38.56789
38.55253
38.54262
38.47658
38.50483
38.53175
38.45255
38.48378
38.54678
38.53734
38.49508
38.45386
38.39749
38.47882
38.4325
38.46333
38.44506
38.41655
38.3708
38.42804
38.38371
38.40606
38.3794
38.34807
38.31123
38.37348
38.29114
38.31073
38.35425
38.31196
38.32163
38.31027
38.2517
38.31076
38.37349
38.29116
38.35428
38.312
38.32166
38.25174
38.3103
38.30435
38.27398
38.2422
38.29479
38.1671
38.23067
38.20806
38.16172
38.1451
38.16714
38.23072
38.2081
38.16176
38.14514
38.27403
38.24224
38.29484
38.11637
38.08712
38.05891
38.14096
38.11092
38.12189
38.04471
38.07952
38.05203
38.20899
38.17725
38.12275
38.11801
38.09827
38.05892
38.11641
38.08714
38.141
38.11095
38.04473
38.12191
38.07953
38.05204
38.05534
38.00734
37.95578
38.04795
37.97022
37.99417
37.97398
37.96302
37.97285
37.96302
37.99418
37.97399
37.96304
37.97399
37.99419
37.96303
37.99417
37.97397
37.97288
37.97024
37.95579
38.04796
38.02282
38.68226
38.68228
38.59014
38.55784
38.54477
38.55785
38.54483
38.62549
38.55909
38.63147
38.57739
38.57758
38.60759
38.61155
38.66366
38.59939
38.63759
38.62602
38.59335
38.6255
38.63149
38.55919
38.57748
38.61161
38.60772
38.66379
38.57765
38.55791
38.54484
38.55791
38.54487
38.55375
38.56265
38.58328
38.60385
38.55112
38.55698
38.55837
38.59401
38.55695
38.60389
38.58329
38.55116
38.55703
38.60393
38.58331
38.55116
38.5584
38.59403
38.55383
38.5627
38.57783
38.5441
38.54024
38.53249
38.51491
38.5377
38.52924
38.49102
38.59832
38.59418
38.58757
38.59834
38.59421
38.5876
38.53255
38.54028
38.51494
38.53773
38.52928
38.49107
38.49377
38.47581
38.44679
38.393
38.36945
38.34538
38.50988
38.50921
38.49529
38.47414
38.4334
38.40388
38.36384
38.50992
38.50926
38.49534
38.47419
38.43344
38.40392
38.36387
38.36951
38.39304
38.34541
38.35835
38.28815
38.33555
38.35177
38.26385
38.31168
38.27114
38.33162
38.3319
38.29897
38.33171
38.27116
38.35187
38.31173
38.26386
38.35181
38.31173
38.27118
38.26388
38.33194
38.33166
38.33173
38.299
38.35187
38.27118
38.31173
38.26387
38.14007
38.2307
38.16173
38.23243
38.14009
38.14513
38.23072
38.20812
38.16713
38.16178
38.23074
38.16714
38.20814
38.14515
38.1618
38.23244
38.23074
38.16175
38.14011
38.23245
38.23071
38.16174
38.1401
38.07955
38.05204
38.12193
38.04473
38.11096
38.14102
38.20896
38.09827
38.11802
38.17723
38.12274
38.08715
38.11639
38.05891
38.04474
38.12195
38.05205
38.07957
38.20895
38.09828
38.17722
38.11803
38.12273
38.11099
38.14104
38.0589
38.08717
38.11638
38.05534
38.00735
37.97024
38.048
37.95578
38.61234
38.5914
38.61236
38.59141
38.5539
38.56294
38.62626
38.68471
38.65324
38.58535
38.60643
38.64
38.67055
38.65017
38.61647
38.69309
38.54064
38.63737
38.55494
38.61496
38.64004
38.5854
38.6533
38.67061
38.60646
38.65019
38.6931
38.61652
38.55395
38.56296
38.57816
38.54448
38.53767
38.52921
38.491
38.54068
38.53292
38.51532
38.61674
38.62481
38.60425
38.6679
38.65413
38.57505
38.58321
38.58436
38.52104
38.53565
38.58928
38.59522
38.55256
38.65415
38.6679
38.6043
38.57505
38.62487
38.61677
38.58928
38.5952
38.55256
38.5844
38.52104
38.58323
38.53563
38.53294
38.54068
38.51532
38.5377
38.52926
38.49105
38.49417
38.47618
38.4471
38.39327
38.36967
38.34555
38.46337
38.41672
38.47886
38.39761
38.3709
38.45386
38.44507
38.43251
38.53742
38.54683
38.48372
38.49509
38.55246
38.56781
38.47659
38.54258
38.45257
38.5317
38.50476
38.45387
38.39763
38.4789
38.41673
38.46339
38.43252
38.4451
38.37091
38.56781
38.55247
38.54255
38.47663
38.54689
38.48373
38.53745
38.49515
38.50475
38.53168
38.45262
38.36969
38.39327
38.34555
38.28819
38.3585
38.33572
38.34807
38.3837
38.428
38.40602
38.31122
38.37937
38.31027
38.25169
38.29114
38.37345
38.31072
38.32176
38.35428
38.31199
38.31071
38.37343
38.29114
38.2517
38.31029
38.30434
38.27398
38.24219
38.29486
38.27398
38.11052
38.06162
38.11053
38.06163
38.11044
38.06156
)
;
        Tnbr            T;
        thicknessLayers 0();
        kappaLayers     0();
        kappaMethod     solidThermo;
        kappa           none;
        alphaAni        Anialpha;
    }
}


// ************************************************************************* //
