nonuniform List<scalar>
4788
(
31.69559
31.75141
31.91214
31.7317
31.72115
31.72845
31.96522
31.68521
31.64294
31.99795
32.07234
31.81571
31.80768
31.64586
31.65371
31.88975
31.748
31.59372
31.85062
31.94555
31.67397
31.62975
31.82078
31.79362
31.96523
31.92377
31.8558
31.74902
31.57056
31.9561
31.70213
31.68914
31.64479
31.89193
31.83697
31.76208
31.77661
31.93146
31.86241
31.7883
31.81302
31.63924
31.82221
31.71771
31.60526
31.85986
31.78784
31.93593
31.89628
31.82794
31.95717
31.88288
31.95727
31.94639
31.71495
31.8228
31.83271
31.63285
31.96729
31.91527
31.85417
32.00969
31.89356
31.82008
32.0924
31.98549
31.84723
31.6525
31.6705
31.66925
31.9516
31.98668
31.90002
32.05156
32.02678
31.9603
31.85881
32.05403
31.91166
32.07058
31.83456
31.97756
31.89846
31.89152
31.70798
31.95935
31.86295
31.77895
32.07119
32.04708
31.9826
31.84708
31.96079
32.20922
31.87671
31.75317
31.90509
31.60184
31.559
31.94409
31.77743
32.06954
31.99502
32.05234
32.02752
31.96081
31.85911
31.94985
32.20963
31.89333
31.77216
32.00683
31.67603
31.68036
31.82153
32.07995
31.91106
31.83154
31.96739
31.91531
31.85393
32.01568
31.83051
32.0706
31.83756
31.73991
31.93774
31.67562
31.6972
31.55841
31.99339
31.67724
32.07236
32.18523
32.15427
31.92075
31.9359
31.89626
31.82795
32.01417
31.99601
31.81919
32.09235
31.86181
31.86548
32.00685
31.72783
31.67552
31.99435
31.96719
31.84964
31.76415
32.04884
31.87817
31.79891
31.90071
31.86782
31.93135
31.75887
31.86232
31.66755
31.78824
31.81296
31.97412
31.94634
31.84724
31.56972
31.89871
31.60209
31.89252
31.69735
32.02171
31.8975
31.7235
31.76036
31.89867
31.89581
31.93226
31.88152
31.72179
31.64584
31.81983
31.65369
31.82801
31.8858
31.77859
31.64724
31.95607
31.68278
31.838
31.79964
31.89158
31.57356
31.55903
31.83621
31.55839
31.86562
31.67172
31.73387
31.92687
31.49155
31.58324
31.84843
32.04098
31.98476
31.79062
31.69682
31.58173
31.85062
31.70247
31.7607
31.84017
31.68429
31.70799
31.98461
31.82153
32.07952
31.76416
31.76035
31.92693
31.68295
31.56486
31.94939
31.69945
31.67956
31.73627
31.67968
31.96517
31.64289
32.02937
31.94553
31.62865
31.64822
31.83271
31.59202
31.66925
31.91944
31.77743
32.04862
31.67724
31.95974
31.80963
31.84146
31.5832
31.56479
31.8815
31.57932
31.78108
31.76563
32.15039
32.01344
31.76535
32.07227
31.88306
31.62974
31.64478
31.60526
31.82336
31.9516
31.73155
32.06954
31.95034
32.07235
31.92366
31.99209
31.89579
31.57735
31.94921
31.6916
31.53634
32.08566
31.90147
31.91211
32.04179
31.99286
31.80767
31.82078
31.89192
31.85985
31.91691
31.86295
32.06325
31.91106
32.18523
32.11208
31.87817
31.93225
31.86704
31.84393
31.78093
32.15043
32.134
32.00642
31.86983
32.0748
31.79362
31.83696
31.78784
31.98667
31.84354
31.77895
32.01281
31.83154
32.15427
32.06538
31.79891
31.88154
31.82527
31.79704
31.76601
32.08662
31.98603
32.04477
31.94846
31.77709
31.99801
31.81576
31.64896
31.84936
31.90556
31.85062
31.90002
31.99502
31.7805
31.92075
32.12814
31.75822
31.95499
31.7218
31.84847
31.69958
31.90128
32.15029
32.08698
31.71009
31.73174
31.72119
31.72849
31.68525
31.83037
31.81011
31.67399
31.68915
31.71771
31.63285
31.95934
31.71357
32.07995
31.86438
32.04883
31.79636
31.89868
31.79136
31.7915
31.88144
31.6837
31.75344
31.74429
31.88977
31.74801
31.59373
31.92304
31.70215
31.82222
31.82283
31.67055
31.94412
31.68874
31.99339
31.76993
32.1226
31.98937
31.49156
31.79156
31.69147
31.84395
31.79727
31.96524
31.92378
31.85581
31.74903
31.57057
31.75288
31.91894
31.63927
31.88721
31.71513
31.65279
31.93236
31.83049
31.68045
31.96891
31.84965
31.72349
31.98909
31.84144
31.79139
31.57731
31.86704
31.82533
31.76209
31.93683
31.77662
31.96779
31.99918
31.95723
31.83012
31.88293
31.70133
31.95732
32.08561
31.9856
31.76134
31.97777
31.73329
31.90558
31.61757
31.6764
31.95605
31.96723
31.89749
31.67171
32.1227
31.80962
31.99208
31.95502
31.86016
31.87589
32.00977
31.89367
31.82018
32.02436
31.83462
31.75331
31.98089
31.94273
31.99423
32.02161
31.8656
31.95974
32.12815
31.79638
32.02326
31.99583
31.91453
32.05411
31.91173
32.15959
31.87674
31.77218
31.94227
31.95611
31.96892
32.07951
31.76993
31.92366
32.11209
32.06538
31.75823
32.06713
32.0432
31.97902
31.849
31.96081
32.22266
31.89331
31.73983
31.981
31.72745
31.89221
31.83617
32.04862
31.86438
32.0681
32.04416
31.97978
31.84939
31.9498
32.15987
31.83753
31.86535
31.61755
31.83047
31.98461
31.68875
31.95034
32.06325
32.01282
31.7805
32.02362
31.9962
31.91484
32.01557
31.83042
32.02448
31.86177
31.73323
31.93225
31.57355
31.91945
31.71359
31.8602
31.87595
32.01411
31.99592
31.81911
32.08565
31.7613
31.56969
31.79958
31.68437
31.73156
31.91693
31.84356
31.93681
31.96775
31.99918
31.83019
31.70139
31.9741
31.88719
31.83784
31.84012
31.59202
31.82338
31.85065
31.90071
31.86781
31.75886
31.66753
31.75287
31.91893
31.68275
31.76062
31.6482
31.90561
31.81982
31.82801
31.88578
31.77857
31.64722
31.92314
31.7025
31.62861
31.84935
32.04095
31.75346
31.98472
31.74432
31.79059
31.69679
31.58171
31.83041
32.02933
31.81015
31.88302
32.07481
31.64897
31.6795
31.9861
31.73621
32.04483
31.67962
32.15031
31.94853
32.01336
32.13406
31.77715
31.76527
32.04177
32.00648
31.99284
31.86987
31.78646
31.67903
31.7079
31.87545
31.77484
31.91206
31.6355
31.66328
31.86791
31.99092
31.99138
31.86465
31.74258
31.73549
31.61511
31.69618
31.62502
31.58092
31.62482
31.80789
31.72864
31.81724
31.72875
31.80807
31.80652
31.80661
31.61327
31.81947
31.82635
31.82763
31.89454
31.66951
31.67991
31.7092
31.73656
31.67382
31.70093
31.67468
31.64982
31.70097
31.67487
31.62619
31.84478
31.82078
31.86876
31.86878
31.8191
31.6331
31.9005
31.88926
31.8091
31.75861
31.70982
31.79233
31.57043
31.75104
31.78881
31.85459
31.91646
31.70192
31.68162
31.71236
31.63896
31.75865
31.89845
31.63588
31.83301
31.89194
31.89262
31.89266
31.64493
31.83316
31.89881
31.76137
31.93591
31.94293
31.93651
31.96675
31.89796
31.7426
31.69922
31.87003
31.69942
31.97345
31.82805
31.8832
31.68005
31.83639
31.73434
31.71731
31.83681
31.62924
31.83718
31.69365
31.81686
31.6985
31.85989
31.81708
31.69871
31.84019
31.58715
31.85923
31.85994
32.01011
31.80112
32.01382
32.00149
31.92725
31.99561
31.91578
31.957
32.02028
32.08274
32.0739
31.59634
31.85205
31.7572
31.56806
31.71131
31.56852
31.71192
31.77546
31.79728
31.68763
31.86763
31.91674
31.88982
31.96204
31.83316
31.91729
31.86831
31.68018
31.57727
31.90444
31.90445
31.72213
31.95684
31.87523
31.99475
31.963
31.85425
31.93427
31.91318
31.8766
31.84407
32.01527
31.94292
31.7874
32.02119
31.88517
32.07941
31.73622
31.86125
31.98352
31.52318
31.84757
31.71587
31.92212
31.55724
31.66961
31.83349
31.84796
31.56597
31.84894
31.50598
31.6936
31.91062
31.98633
31.87711
31.82444
31.97756
31.97767
31.95205
31.91149
31.70349
31.69477
32.06631
31.9989
31.90806
31.99457
32.02584
31.84744
31.87072
31.83405
31.83668
31.78154
31.68291
31.94964
31.60647
31.87669
31.60761
31.81354
31.81066
31.81495
31.66605
31.95813
31.97711
31.93827
31.98433
32.02603
31.72739
31.9856
31.70925
31.97849
31.98742
32.0425
32.04263
31.98801
31.93439
31.753
32.02045
32.04314
32.01601
31.92546
32.03186
31.84785
31.88935
31.87594
31.89255
31.85383
31.8131
31.89333
31.85463
31.97304
31.81648
32.06463
31.97404
31.72636
31.61807
31.89034
31.90665
31.94244
32.03953
32.05243
31.80203
32.05446
31.56069
31.83202
31.74579
31.99369
32.03422
32.02203
31.91365
32.08003
32.08027
32.07047
32.02278
31.77901
32.03596
32.04568
32.01481
31.96346
31.87706
32.05451
31.912
31.83301
31.95087
31.89271
31.87614
31.87676
31.85471
31.77121
31.77128
31.6422
31.95543
31.89641
31.89757
31.6434
31.93
32.08337
31.93094
31.67415
31.93684
31.96784
31.70902
31.9703
31.93903
32.00124
31.59387
31.84575
31.94232
32.07764
32.06783
31.78602
32.01094
32.0289
32.0988
32.0313
32.07062
31.7888
32.02326
31.91136
32.07809
32.07839
32.02428
31.9571
31.8594
31.8669
31.87536
32.03802
31.85429
32.06437
32.00999
31.93454
31.94331
31.81993
31.78772
31.91768
32.02115
32.16084
32.09103
32.02193
31.83676
31.81337
31.83502
31.78201
31.97322
31.89644
31.95555
31.95716
31.97449
31.75375
31.92972
31.79831
32.0261
32.02824
31.93226
31.67759
31.99367
32.02051
31.9651
32.01994
31.96873
31.99004
31.85667
31.72843
32.03824
31.99556
31.99928
31.86047
31.73258
31.9184
31.93816
32.07099
32.15314
31.84155
31.89525
32.18559
32.07416
31.84374
31.68016
32.07363
31.94138
31.73854
31.76225
31.76153
31.77647
31.86023
31.7768
31.8015
31.99818
31.74301
31.79402
31.89594
31.69986
31.95695
31.88571
31.95782
32.07452
31.75666
31.73703
31.75785
31.68505
31.93085
32.00946
31.67449
31.93716
31.99132
31.69925
31.94032
31.96645
31.95158
32.05632
31.6954
31.89625
32.04487
31.74584
32.03811
31.96526
31.72668
31.75183
32.05268
31.66663
31.62814
31.92222
31.92434
31.77332
31.63284
31.88948
31.96552
31.95117
31.92408
31.71014
31.69333
31.57107
31.78939
31.64024
31.68121
31.56806
31.52463
31.71631
31.71361
31.74891
31.87683
31.90127
31.75192
31.88016
31.55957
31.81368
31.88901
31.61668
31.60554
31.90961
31.62098
32.01671
31.64375
31.96499
31.97182
31.68353
31.84478
31.8526
31.78057
32.07374
32.08464
31.72525
31.61519
31.89394
31.67977
31.83669
31.80267
31.53684
31.74256
31.65413
31.74385
31.8236
31.70209
31.74861
31.67019
31.56608
31.68145
31.76257
31.73814
31.70341
31.83609
31.44389
31.7339
31.81517
31.44636
31.78358
31.82545
31.78741
31.8096
31.89589
31.78404
31.66607
31.83021
31.94246
32.00125
32.00966
31.56473
31.94915
31.75167
31.85665
31.99003
32.05632
31.70065
32.06869
32.00026
31.7402
32.07412
31.94428
31.96036
32.06066
31.35676
31.79127
31.90007
31.47668
31.53504
31.49421
31.55274
31.66414
31.80378
31.58316
31.68014
31.65314
32.02559
31.83788
31.7042
31.61507
31.62575
31.68596
31.85258
31.82963
31.62577
31.9879
31.7009
31.67679
31.75845
31.71537
31.8368
31.57651
31.84797
31.8335
31.57064
31.8399
31.63743
31.97712
31.95813
31.785
32.05244
32.03953
31.80926
32.05007
31.96639
31.79497
31.70144
32.06783
32.07764
31.78602
31.99557
32.03824
31.74463
32.05428
32.09082
32.04488
31.78061
31.76377
32.06407
32.06064
31.61518
31.78078
31.91599
31.64042
31.69918
31.86479
31.72666
31.60763
31.70444
31.62739
31.63372
31.55844
31.85162
31.68352
31.9466
32.04714
32.04999
31.96031
31.95511
31.87322
31.61891
31.98587
32.04451
32.04459
32.01365
31.65871
32.04043
31.94818
31.82809
31.77675
31.65712
31.99906
31.90016
31.81556
31.73015
31.8171
31.98697
31.6519
31.77385
31.64803
31.84477
31.64193
31.88651
31.8477
31.89213
31.89732
31.9028
31.83967
31.86763
31.68763
31.91674
31.83837
31.92454
31.69502
31.84594
31.91062
31.98433
31.93827
31.9504
31.90904
31.75176
32.03422
31.99369
32.0289
32.01094
32.0305
32.00921
31.79294
31.93816
31.9184
32.07099
31.96526
31.99492
31.69771
32.09652
31.94211
31.73225
31.97893
31.90572
31.66213
31.75274
31.86825
31.87951
31.85524
31.85157
31.88366
31.88354
31.91646
31.72291
31.63526
31.75462
31.86781
32.00768
32.10096
32.10528
31.59627
32.02078
31.88855
32.19555
31.81907
32.09616
31.907
32.13386
32.0137
32.00625
31.9672
31.86786
31.8172
31.72711
31.81921
31.86954
31.6394
32.0743
31.80913
31.63296
31.79351
31.81899
31.79672
31.82283
31.83682
31.84171
31.83886
31.81686
31.88981
31.87199
31.89875
31.61147
31.79479
31.70687
31.98632
32.03921
31.96213
31.99821
31.98201
31.84006
31.93357
31.98741
32.02203
32.12037
32.08748
31.98659
32.04586
32.00598
31.79574
32.02326
32.15314
32.10074
32.18574
31.93329
32.05287
31.76989
31.79731
31.96879
31.65394
31.94007
31.80318
31.93102
31.70591
31.74927
31.80608
31.79306
31.70321
31.68326
31.71168
31.94632
31.99727
31.7269
32.00056
31.76697
31.75984
31.86761
32.00738
32.11189
31.71184
31.61667
32.04867
31.8
32.01519
31.91325
32.01521
32.04416
32.04184
32.04423
32.03149
32.03164
31.99299
31.78177
31.78179
31.7845
31.81015
31.78468
31.86877
31.82417
31.87287
31.82441
31.87318
31.89194
31.89266
31.8971
31.89894
31.89748
31.89946
31.78511
31.85988
31.96203
31.97196
31.97288
31.86833
31.79525
31.97756
31.82443
31.97766
31.83907
31.99491
31.84057
31.91823
32.0425
31.86309
32.04262
32.08003
32.08027
31.93839
32.11029
31.94132
31.88211
32.06557
31.8842
32.07809
31.91135
32.07838
32.18559
32.22238
31.98201
32.2272
31.98779
32.11639
31.94659
31.98903
31.87872
31.98975
31.93208
32.05167
31.73535
31.79462
32.00312
31.80441
31.8039
31.80381
31.86945
31.88149
31.87796
31.77631
31.77835
32.04702
31.80461
32.05014
31.86782
32.12562
31.88107
31.85669
32.10083
31.78487
32.10546
31.93663
31.83566
32.1631
31.84849
31.87637
32.19567
31.83191
32.15055
32.09634
32.01387
32.01368
31.90728
31.66313
31.9675
31.76569
31.69736
31.86469
31.72534
31.81956
32.07449
31.72769
31.80662
31.62792
31.80976
31.8839
31.61657
31.79749
31.82379
31.63383
31.63792
31.63609
31.65097
31.64345
31.69871
31.60547
31.81707
31.90144
31.87655
31.79686
31.70931
31.82658
31.6143
31.82929
31.95204
32.02602
32.04778
32.00203
31.98715
31.9682
31.89799
31.98801
31.93439
32.02278
32.07047
31.96632
32.09879
32.13697
31.83637
32.09944
32.00172
31.80188
31.96131
32.02428
31.89886
32.07416
32.19988
31.95048
32.12344
31.90091
31.94416
31.92434
31.77333
31.85784
32.02968
31.84726
31.65687
31.73403
31.98462
31.85412
31.53689
31.84118
31.67708
31.71916
31.95541
31.9605
31.69746
31.80439
32.05986
31.78646
31.74918
32.02113
31.88879
32.11195
32.16931
31.83819
31.96048
31.67354
32.0447
31.67978
31.70866
31.73575
32.01392
31.77576
32.04085
31.80644
31.70153
31.77601
31.63557
31.96652
31.82863
31.63684
31.90078
31.64454
31.64721
31.72878
31.81778
31.9879
32.0303
31.7312
31.64984
31.77518
31.949
31.65355
31.63896
31.88874
31.64462
31.89881
31.64469
31.62924
31.90101
31.63786
31.58715
31.91729
31.83315
31.70078
31.84425
31.88274
31.59742
31.91148
31.72738
31.98559
31.9618
32.01075
31.75059
31.93017
31.68739
31.753
31.77627
31.77901
32.03595
31.77821
32.0313
32.05229
32.07542
31.81881
32.02509
32.06955
31.80993
32.07363
31.68015
31.94138
31.72668
32.03455
31.79372
31.97059
31.99787
31.73228
31.95545
32.04786
31.71161
31.5507
31.80938
31.92078
31.65111
31.70032
31.69641
31.87326
31.60053
31.91633
31.99766
31.99782
31.68932
31.80178
31.97789
31.6874
32.04837
31.6164
31.79964
32.16327
31.8487
31.96073
31.67388
31.73249
31.72918
32.04136
32.02597
31.73642
31.98518
31.83831
31.7295
31.70468
31.79111
31.73848
31.62505
31.61659
31.62648
31.62485
31.58094
31.85362
31.62666
31.8081
31.98932
31.85302
31.7394
31.73882
31.67723
31.67887
31.70442
31.71266
31.75866
31.71875
31.76385
31.77547
31.78575
31.84551
31.57727
31.6802
31.56598
31.84896
31.84934
31.86513
31.58082
31.59109
31.70926
31.9785
32.05447
32.06889
32.08419
31.82946
31.97982
31.81204
32.00055
31.72959
31.83042
31.7888
32.07063
31.73461
31.99928
32.08963
32.05057
31.78214
32.11688
31.83334
32.11001
31.86043
32.04388
31.76911
32.11178
31.83162
31.82752
31.71481
31.85687
31.95736
31.68999
31.94108
31.86037
31.82093
32.0505
31.97262
31.70444
31.73594
31.81428
31.73595
31.58258
31.59586
31.72278
31.7266
32.00024
31.99709
32.12579
31.86779
31.88128
31.78679
32.06013
31.80471
31.97796
31.68748
31.75272
31.76419
31.81948
31.65121
31.82636
31.64671
31.8272
31.65205
31.76498
31.74269
31.65376
31.82765
31.91827
31.65461
31.89553
31.82427
31.88645
31.84237
31.66952
31.77808
31.67103
31.77944
31.70306
31.67992
31.64663
31.84566
31.84778
31.68189
31.56715
31.92075
31.85462
31.9588
31.85772
31.65835
31.7123
31.76291
31.74143
31.44432
31.73435
31.83636
31.8205
31.82796
31.45052
31.84226
31.78433
31.79741
31.71601
31.72729
31.8107
31.82808
31.90756
31.79921
31.68385
31.58406
31.66757
31.74581
31.83207
31.5939
31.84577
32.03466
31.8775
31.62264
31.96729
31.77448
31.85619
31.58242
31.73259
31.5618
31.86048
32.11481
31.74591
32.03406
31.59919
32.05268
31.66663
32.08464
32.03567
32.16843
31.7211
31.89394
31.35675
31.79127
31.89091
31.84389
31.89069
31.44978
31.55274
31.94911
31.9728
32.05059
31.82099
31.59154
31.69137
31.85515
31.87945
31.62334
31.80602
31.86944
31.88156
31.8413
31.67722
31.69649
31.70039
31.75974
31.85683
31.74939
31.9509
31.90051
31.88927
31.95177
31.90143
31.89021
31.93653
31.93764
31.92473
31.8934
31.86861
31.80779
31.75863
31.70984
31.89799
31.93277
31.89936
31.81037
31.75981
31.71116
31.63747
31.79235
31.66722
31.86405
31.87023
31.75048
31.79401
31.63905
31.66869
31.75106
31.87006
31.79043
31.87234
31.695
31.79099
31.99113
31.81326
31.97349
31.8281
32.02033
32.0238
31.99448
31.81586
31.83139
31.88324
31.68016
31.85221
31.95109
31.85736
31.60137
31.64312
31.68493
31.71219
31.56867
31.52342
31.84784
31.85438
31.85567
31.53071
31.71964
31.57471
31.92242
31.55748
31.75024
31.89012
31.90996
31.76272
31.66204
31.9068
31.89069
31.97051
31.99188
31.72896
31.63677
31.90687
31.61865
31.9424
31.64707
31.96876
31.70034
32.02003
31.67854
31.72596
31.70478
31.77807
31.88418
31.65649
31.72524
31.65193
31.96036
32.16883
32.03579
31.72146
31.72981
31.7871
31.91598
31.97891
32.04788
31.95733
31.85688
31.71483
31.7065
31.86821
31.80315
31.94005
31.93101
31.7059
32.00315
31.79463
31.80443
31.8542
31.98466
31.73408
31.92083
31.93525
31.65116
31.80941
31.79304
31.878
31.93591
31.94294
31.93698
31.92065
31.94392
31.76232
31.96677
32.01016
31.89741
32.01133
31.86111
31.77765
32.02905
32.01389
31.80119
32.00157
31.82931
32.00292
31.80252
31.93157
31.74265
31.92731
31.9957
31.9588
31.92904
31.99721
31.91757
31.74435
31.69947
31.88492
31.8978
31.7959
32.0828
32.07947
32.09563
32.08307
31.8887
31.96008
32.07752
31.73635
31.98366
31.87841
31.98992
31.98908
31.74143
31.8656
31.72703
31.95001
31.86491
31.81679
32.06497
32.07389
31.82503
31.98455
31.95839
31.69196
31.87152
31.60805
31.88113
31.72677
32.08387
32.00814
32.0981
32.01943
31.94675
31.9159
31.89434
31.93938
32.02066
31.99379
31.7188
32.01116
31.69406
31.69208
31.95158
31.98656
31.99459
31.78056
31.85258
31.70064
32.06869
32.11482
31.74592
31.89217
32.06065
32.06064
32.06407
31.74744
31.99491
32.03456
31.79373
32.12336
31.82756
32.1118
31.83164
31.90571
31.66212
31.96879
31.83897
32.05168
31.92553
31.93208
32.0297
31.84728
31.85785
31.8653
31.71163
31.95687
31.96837
31.95787
31.86773
31.87494
31.87529
32.03895
31.91641
31.87626
31.85433
31.93563
31.85527
32.06548
32.01538
31.94302
31.89517
31.84588
32.01697
31.94478
31.9197
31.78972
32.02162
32.09433
32.07386
32.16431
31.78162
31.83736
31.81845
31.78694
31.84166
31.97416
31.89764
31.96532
31.90609
31.64725
31.74617
32.02824
31.80059
31.81374
31.95046
31.81347
32.04247
31.69385
31.71924
31.70203
31.6502
32.04807
32.00327
31.72604
31.67856
32.00024
31.74463
32.05427
32.05058
32.08964
31.78215
31.78218
32.03407
31.59919
32.09652
31.69771
31.94211
31.87421
31.93329
32.10074
32.18574
31.98201
31.98779
32.22238
32.2272
31.90092
32.19988
32.12345
31.99788
31.9706
31.73229
32.02234
32.01439
32.05267
32.04586
32.01539
31.9948
32.028
32.00008
31.96423
31.91326
31.87669
31.90813
31.96175
31.90953
31.99466
31.99644
31.86059
32.02769
31.87077
31.91374
31.83506
31.873
32.15682
31.95071
31.95264
32.21266
31.95611
31.89333
31.87334
31.88094
31.85991
31.77222
31.6395
31.95701
31.90607
31.96529
31.64724
31.77865
31.7787
31.93206
32.00909
31.94619
32.01908
32.09814
31.99194
31.72899
31.68344
31.59847
32.00964
31.87751
32.03467
31.62264
31.70478
31.80129
32.09082
32.0305
32.12037
32.13698
32.07543
32.05229
31.81882
32.11001
32.11689
31.86044
32.05287
31.85844
32.11639
31.94265
31.94659
31.94416
31.86975
32.06632
32.05961
32.06467
32.07232
32.0656
32.06055
32.01513
32.04834
32.0216
32.01627
31.98411
31.92943
31.92625
31.84748
32.03196
32.03371
31.84893
32.03384
31.8893
31.96288
31.89163
31.963
31.89176
31.95285
32.21313
31.9565
31.85466
31.87674
31.81332
31.81861
31.89771
31.86007
31.88118
31.97439
31.75364
32.0739
31.82509
31.73699
31.89436
31.91591
31.60526
31.62086
31.90686
31.92712
31.61862
31.63675
31.75165
31.94913
32.05007
32.0842
32.06889
31.82947
31.85619
31.96729
31.58242
31.79107
32.00921
31.98659
32.04586
32.08748
31.82797
32.11029
31.9384
31.94132
32.00173
32.09945
31.83637
32.06956
32.0251
31.80993
32.06723
32.05348
32.04668
32.06152
32.04312
31.99962
32.0288
32.00081
32.01717
31.9785
31.92542
31.96237
31.91005
31.92691
32.05442
31.99489
32.02809
31.86103
31.99676
31.87081
31.91193
31.83295
31.87327
31.914
31.83529
32.15692
31.95086
32.16082
32.16448
32.07401
32.09444
31.8736
31.87849
31.83909
31.68483
31.9584
31.98448
31.69193
31.60872
31.76265
31.90984
31.89007
31.89586
31.81502
31.7992
31.90757
31.82811
31.79496
31.71514
31.9664
31.9504
32.03922
32.04778
32.01076
31.96182
31.7506
32.00056
31.81204
31.97984
31.72961
31.76626
32.00598
32.06557
31.88211
31.88421
31.96132
32.02273
32.01478
31.95707
31.96851
31.95801
32.01576
31.99517
31.9634
31.8753
32.03796
31.91655
32.03907
31.87641
31.96457
31.91358
32.06427
31.85421
32.00991
32.06575
31.85544
31.93582
31.94501
31.84607
31.78764
31.9176
31.82041
31.83242
31.91986
31.7899
32.02186
31.88567
32.08313
32.09572
31.88875
31.73698
31.98902
31.98988
31.74137
31.85554
31.85424
31.53057
31.71862
31.7273
31.66191
31.51008
31.67418
31.83993
31.8652
31.84939
31.5809
31.58407
31.52163
31.68393
31.90905
31.89011
31.98201
31.96214
31.99822
31.99492
31.83908
31.84058
31.98716
31.89799
32.00204
31.96822
31.93019
31.68741
31.85938
31.86688
31.91981
31.93699
31.92066
31.86778
31.87504
32.01139
31.89745
31.86118
31.80143
32.0031
31.82941
31.80266
31.91612
31.91775
31.95889
31.92914
31.79395
31.89589
31.82095
31.79601
31.88499
31.89786
32.07449
31.95778
32.02379
32.07754
31.96012
31.75781
31.85726
31.95104
31.60128
31.81509
31.82048
31.72088
31.78744
31.82539
31.78578
31.80651
31.83153
31.58253
31.92455
31.83838
31.69503
31.872
31.89877
31.972
31.97293
31.90147
31.87658
31.88277
31.84428
31.70081
31.69281
31.59113
31.84008
31.91825
31.73711
31.94388
31.76228
32.02807
31.77678
31.93758
32.02903
31.7776
31.93269
31.8993
31.93162
31.8289
31.74297
31.86888
31.86402
31.87022
31.74443
31.69982
31.87234
31.79043
31.69501
31.82881
31.81388
31.99196
31.83138
31.81585
31.99443
31.68119
31.6402
31.7381
31.74147
31.6431
31.73643
31.45045
31.63347
31.89734
31.90103
31.63787
31.84547
31.84595
31.7069
31.61149
31.79482
31.79533
31.86776
31.86842
31.82663
31.6144
31.89016
31.96614
31.9518
31.80773
31.92476
31.89342
31.71013
31.80944
31.71111
31.81037
31.63789
31.66866
31.794
31.63905
31.57106
31.84636
31.8478
31.79099
31.57239
31.91708
31.85769
31.95884
31.65834
31.73639
31.7389
31.70574
31.71534
31.88645
31.88869
31.64461
31.76379
31.71872
31.69408
31.9028
31.83891
31.6492
31.84171
31.89962
31.89711
31.89751
31.84053
31.64357
31.65107
31.6517
31.65158
31.82724
31.64674
31.65208
31.89558
31.65465
31.9183
31.8865
31.84241
31.82431
31.77949
31.7031
31.67109
31.56606
31.85257
31.85369
31.64844
31.68196
31.56722
31.7105
31.98788
31.85313
31.98938
31.73949
31.71233
31.67681
31.7739
31.94904
31.77528
31.65362
31.70451
31.67897
31.6773
31.84765
31.82281
31.6327
31.79671
31.87316
31.82416
31.8244
31.82379
31.63791
31.63385
31.63081
31.75303
32.02555
31.73214
31.72882
32.0414
32.026
31.72923
31.76501
31.83786
31.98522
31.83835
31.72206
31.73647
32.04037
32.04091
31.79114
31.73851
31.72955
31.70472
31.68592
31.61594
31.82803
31.96658
31.82868
31.62651
31.68656
31.61663
31.82959
31.99899
31.64648
31.9001
31.64459
31.90082
31.64725
31.58264
31.6267
31.98692
31.81704
31.72707
31.81917
32.03148
32.03165
32.07453
31.81959
31.72772
32.03033
31.98791
31.73121
32.07428
31.6394
31.80913
31.78468
31.81016
31.88392
31.64031
31.9858
32.04445
31.69637
31.78734
32.04476
31.70871
32.04452
31.77542
32.01358
32.19547
32.19574
31.75224
31.73661
32.01398
31.77582
31.94811
32.09607
32.15062
32.09641
31.80651
32.13379
31.90691
32.01362
32.01517
32.01523
32.01376
32.01393
31.90735
31.63691
32.00618
31.96714
32.04185
32.04414
32.04424
31.76576
31.96754
31.69741
31.99301
31.89199
32.24192
32.17673
32.17673
32.07131
32.01839
32.15937
32.15249
31.73674
32.03846
32.15248
32.15934
32.25026
32.26009
32.25025
31.92465
31.93663
32.18801
32.03842
32.18803
31.92467
31.76859
31.76855
31.69553
31.77251
32.06157
32.10903
32.1723
31.96244
31.98739
31.92138
31.96237
32.00432
31.9873
31.92126
32.06156
32.09168
32.0917
32.10902
32.13245
32.13246
32.17229
32.10321
32.10324
31.91208
31.69557
31.78652
32.0044
31.87551
31.85197
31.69623
32.06232
32.10985
32.17329
31.96318
31.98819
31.92234
31.78719
32.00509
31.96313
31.98811
31.85292
31.92225
32.09246
32.09246
32.06233
32.13335
32.13336
32.10985
32.1043
32.10433
32.1733
32.00515
31.78727
31.69631
31.77335
32.06159
32.10905
32.17233
31.9624
31.98733
31.92133
31.78653
32.00437
31.96243
31.98736
31.85192
32.09172
32.09167
32.06155
32.13249
32.13242
32.109
32.10327
32.10319
32.17227
32.00435
31.7725
31.85191
31.77319
32.0623
32.10982
32.17326
31.96324
31.98824
31.9224
31.96307
32.00503
31.98805
31.92219
32.06235
32.09249
32.09243
32.10987
32.13338
32.13332
32.17332
32.10435
32.10427
31.91327
32.0052
31.87643
31.85307
31.67912
31.69552
31.98532
32.04398
31.70062
31.92133
32.14969
31.94751
32.01259
32.13283
31.77594
32.04056
32.00482
32.04058
31.7527
31.72114
31.98434
31.7435
31.58092
31.64295
31.82875
32.02814
31.72531
31.88089
31.81773
31.78129
32.07205
31.64624
31.8897
31.74796
31.59366
31.92074
31.73643
31.84504
31.96519
31.90048
31.86758
31.66714
31.68891
31.75847
31.63878
31.64454
31.93152
31.99793
31.86249
31.82859
31.81323
31.63896
31.73646
31.82183
31.62892
31.60548
31.8749
31.82802
31.95705
31.99554
31.8827
31.94676
31.77488
31.63224
31.67953
31.86357
31.96198
31.89006
31.8293
31.68815
31.96738
32.02232
31.91536
32.01517
31.82999
32.0927
32.02156
31.98502
31.86081
31.84778
31.72688
31.56953
31.56508
31.83433
31.67006
32.05182
32.04219
31.96044
31.97776
31.85898
31.83274
32.15677
31.97678
31.68384
31.89941
31.87774
31.89262
31.66754
31.72625
32.02535
31.77845
31.93357
31.93922
32.06724
31.97853
31.96058
31.88928
32.20989
32.21968
31.75234
31.73868
31.81541
31.90388
31.8002
32.04119
31.83043
31.80649
32.02276
32.02776
31.99522
31.91366
32.20988
32.15696
31.63812
32.00774
31.70689
32.00362
31.82407
31.73233
31.77605
32.09749
31.89727
32.01273
31.71203
31.96764
31.9156
31.87508
32.01525
31.82999
32.07128
31.73883
31.89783
31.69889
31.70023
31.73121
32.04131
31.76195
31.93618
31.93606
31.89658
31.96693
31.80103
31.99553
31.95702
31.82895
31.81861
31.88266
32.09319
32.08328
31.88475
31.98498
31.86413
31.97689
31.72779
31.90434
31.60908
31.93398
31.67857
31.96234
31.96308
31.93562
31.6905
31.66022
32.06094
31.76911
31.79732
31.95182
32.08926
31.96866
31.87639
31.92371
31.85569
31.66707
31.57039
31.75153
31.8139
31.91709
31.63892
31.94769
31.88419
31.71446
31.5226
31.65184
31.84905
31.92421
31.81761
31.67816
31.94541
31.93579
31.82368
31.71537
31.639
31.95301
31.94831
31.71603
31.80863
31.62337
31.68997
31.65685
31.74221
31.64625
31.75304
31.77805
31.74793
31.59364
31.92169
31.70187
31.73643
31.56958
31.66963
31.67239
31.73907
31.6905
32.08755
31.47681
31.71204
31.5947
31.77636
31.75392
31.70912
32.04055
31.98432
31.72839
31.69618
31.68513
31.85187
31.80913
31.67382
31.6889
31.67953
31.63224
31.85385
31.71514
32.06195
31.84083
31.73121
32.00958
31.75317
31.86814
31.94912
31.70652
31.69139
31.58259
31.8021
31.96605
31.64396
31.64532
32.02809
31.94752
31.62618
31.63878
31.62891
31.8747
31.99571
31.79107
31.76626
32.04681
31.78186
31.9483
31.80861
31.71602
31.57365
31.61623
31.57426
31.90609
31.6388
32.1496
32.0125
31.66457
32.07396
31.72526
31.88086
31.64117
31.86356
32.02535
31.8901
32.09749
31.89726
31.95181
32.08926
31.87421
31.80979
31.53093
32.04053
31.9909
31.82141
31.86769
31.96197
31.90444
31.79441
31.99323
32.10708
31.94265
31.92553
32.04357
31.99333
31.80266
31.80201
32.11204
32.1329
32.00489
31.7813
32.07207
31.84283
31.84039
31.89005
31.80648
32.0553
31.86974
31.99252
31.95967
31.74225
31.75399
31.70926
32.04044
31.98538
31.75139
32.04404
31.94758
31.99959
31.64627
31.77161
31.84505
31.89247
31.84019
31.68815
31.73709
31.93084
31.91761
31.93922
31.72428
32.01273
31.71202
31.81253
31.87639
31.62701
31.93519
31.95348
31.93348
31.90622
31.63882
31.71283
31.73655
31.72202
31.68651
31.82878
31.63079
31.69408
31.6517
31.72533
31.70311
31.64444
31.83433
31.69477
32.04119
32.04131
31.73854
31.86528
32.12333
31.99142
31.71207
31.68017
31.62741
31.8355
32.11189
31.83861
32.04079
31.71303
31.89083
31.69747
31.74937
31.5826
31.59546
31.85071
31.70574
31.76739
31.74102
31.83156
31.69272
31.79522
31.52158
31.82407
32.00364
31.73233
32.06094
31.78217
31.76891
31.86479
31.65633
31.60744
31.80197
31.93362
31.82031
31.9661
31.82853
31.85695
31.64841
31.57239
31.95627
31.91648
31.68537
31.72109
31.80652
31.89274
31.878
31.81517
31.56866
31.56074
31.92712
31.90176
32.00326
31.89215
31.72868
31.83071
31.78707
32.08754
31.90007
31.86813
31.59141
31.95358
31.62709
31.76302
31.93154
31.99797
31.86252
31.82864
31.97622
31.75731
31.84792
31.89982
31.68416
31.69907
32.048
32.04184
31.99386
31.93996
31.93996
31.83057
31.72889
31.76376
31.99143
31.80978
31.99334
32.04357
31.95971
31.99254
31.85925
31.82808
32.01516
32.01098
31.8208
31.82215
32.09277
31.83898
31.75985
31.93116
31.73715
32.04211
32.01098
31.90176
31.78061
32.00957
31.75316
31.95049
31.9674
31.9154
31.87812
32.05572
31.83223
31.95423
31.89777
31.65129
31.67839
31.9337
31.93998
31.94533
31.85044
31.73906
32.04681
31.73224
31.83335
32.05184
32.02699
32.04221
31.9605
31.97779
31.95165
32.20993
32.21969
31.89753
31.95909
31.74626
31.69212
31.83272
32.06194
31.84082
31.77448
32.10709
32.05531
31.81253
32.07149
32.04732
31.84735
31.84781
31.95195
31.95446
31.8418
31.75995
31.78705
31.8716
31.81747
31.56469
31.78399
31.67238
31.99571
32.05249
32.02772
31.96106
32.05611
31.87842
32.01722
31.86568
31.72771
31.92413
31.5686
31.85391
31.70145
31.99324
31.80188
31.72429
31.96762
31.91555
32.01115
32.01527
31.89537
31.99741
31.82232
32.08324
31.57456
31.71944
31.79525
31.87472
31.91763
31.93087
31.93605
31.96691
31.82831
31.99814
31.97622
31.88415
31.68488
31.84218
31.74096
31.64447
31.70311
31.59744
31.79447
31.70937
31.76299
31.9014
31.86856
31.75975
31.78892
31.75151
31.68536
31.82784
31.76741
31.72532
31.64118
31.89909
31.79693
31.82034
31.82858
31.85696
31.75048
31.92168
31.63646
31.87284
31.84296
31.64624
31.73843
31.89087
31.74941
31.69749
31.59552
31.8091
31.9475
31.73011
31.64799
31.78449
31.79749
31.80978
31.73253
31.67983
31.68006
31.966
31.77667
31.99965
32.0739
31.6645
31.86949
31.81781
31.8214
31.7317
31.72837
31.98533
31.70795
32.04396
32.04393
31.72839
31.73578
31.7749
31.73546
32.04397
32.01302
31.87545
32.19485
32.19474
31.73569
32.013
31.72843
31.94748
31.80533
32.0397
32.09534
32.14955
32.09524
31.70053
31.80535
32.03965
31.70353
31.68517
31.77587
31.65617
31.82719
32.1328
31.906
32.01257
32.01402
32.01395
32.01246
32.01256
31.90593
31.96521
31.82717
31.61517
31.76429
31.99792
31.89891
32.00496
31.9658
32.04045
32.04279
32.04268
31.76411
31.9662
31.69549
31.89895
31.64541
31.81563
32.0294
32.02931
32.07249
31.7253
31.75261
31.76411
31.65118
32.02516
32.04058
32.02517
31.76417
31.64588
31.6512
31.8374
31.98433
31.8374
31.65375
31.91732
31.79013
31.70348
31.73735
31.7901
31.73734
31.82307
31.69621
31.66945
31.62499
31.56514
31.82863
31.62471
31.64538
31.8516
31.85162
31.56524
31.98633
31.98524
32.02815
31.98536
31.85069
31.98647
31.64603
31.64972
31.61321
31.77144
32.07185
31.78178
31.78179
31.88089
31.94566
31.77159
31.79352
31.62982
31.81948
31.82634
31.95089
31.82764
31.92374
31.89455
31.91725
31.89238
31.88539
31.85573
31.84114
31.82301
31.88537
31.84115
31.77808
31.74892
31.70148
31.77806
31.70152
31.63745
31.64659
31.6798
31.64662
31.84564
31.92051
31.70937
31.95626
31.65533
31.73437
31.73456
31.63297
31.88298
31.819
31.62622
31.88319
31.83683
31.762
31.88921
31.76127
31.95084
31.77654
31.80665
31.89232
31.86759
31.80669
31.75857
31.809
31.70975
31.63732
31.7922
31.6672
31.86846
31.78861
31.84553
31.75085
31.78844
31.69276
31.91618
31.65515
31.85442
31.9911
31.68148
31.76261
31.76289
31.73673
31.83519
31.71266
31.83557
31.44431
31.89213
31.63609
31.64469
31.89247
31.78764
31.9358
31.94284
31.93601
31.91965
31.93649
31.96665
32.02777
32.02788
31.89636
31.8979
31.9978
31.93003
31.93014
31.86837
31.82843
31.74244
31.6926
31.86986
31.8952
31.89543
31.97328
31.82776
31.99086
31.67966
31.88283
31.83612
31.71446
31.44391
31.73391
31.81272
31.81316
31.82225
31.69316
31.5868
31.83967
31.78511
31.78517
31.86391
31.91958
31.85914
31.86665
31.86673
31.85987
31.87481
31.87515
32.01005
32.0377
32.03776
31.80104
32.01378
32.00965
32.00142
31.9342
31.89352
31.91567
31.92709
31.81865
31.81997
31.79337
31.81877
31.79358
32.01998
32.08242
32.07352
31.88478
31.59591
31.75671
31.85161
31.73568
31.52253
31.79677
31.65175
31.78357
31.78427
31.57651
31.72178
31.8993
31.82893
32.02217
32.01423
31.95677
32.01436
32.04491
31.99463
31.96289
32.02695
31.91308
31.8765
32.06382
32.06391
32.0539
31.84397
31.94278
31.91145
31.78714
31.91708
31.94289
31.83016
31.91731
31.94309
32.07901
32.07098
32.09061
31.98292
31.87299
31.72612
31.84687
31.71508
31.9212
31.5563
31.50498
31.57048
31.70263
31.96713
31.82436
31.96755
31.87774
31.8631
32.06602
32.05938
32.04471
32.0596
32.07149
32.06467
32.04198
32.01492
31.99876
32.0151
32.04732
31.97757
31.92459
31.90792
31.92776
31.92478
31.98283
31.92799
31.84721
31.99439
32.02559
31.84735
31.94931
31.9605
31.8889
31.83242
31.8703
31.9496
32.15623
31.9501
31.95197
32.09015
32.16007
32.16062
31.95068
31.95261
31.78081
31.87234
31.8123
31.83731
31.86395
31.94859
31.86474
31.74863
31.74985
31.61657
31.80958
31.77914
31.78041
31.60331
31.785
31.7865
31.75176
31.8058
31.91344
32.06032
32.06443
32.06697
32.04549
32.06056
32.05252
32.0429
32.01577
32.02024
31.99967
31.97826
31.92518
31.96112
31.90864
31.84752
32.03165
32.03157
32.03197
31.85948
32.02624
31.9495
31.88898
31.9609
31.87084
32.21923
31.95494
31.9555
31.95284
31.86734
31.86804
32.06354
31.73961
31.95649
31.6392
31.72536
31.87908
31.9917
31.88063
31.99304
31.88872
31.90493
31.83017
31.67809
31.74365
31.8283
31.77466
31.96512
31.96632
31.77627
31.77821
31.83064
32.0225
32.01457
31.99941
31.99495
31.96317
31.87669
31.90831
31.91331
32.05413
31.99453
31.94281
32.02587
31.99498
31.91155
31.83251
31.78714
31.87048
31.95026
31.95233
32.15641
31.85399
31.81244
31.6382
31.77226
31.63959
32.08163
31.93114
31.93225
31.93941
31.79992
31.69566
31.59154
31.93963
31.84301
31.64703
31.72926
31.73461
31.56178
31.70986
31.89886
31.95685
31.85913
31.86664
31.91983
31.87505
31.87477
32.0377
32.01006
32.01042
32.00963
32.01379
31.9341
32.00142
32.06398
31.82837
32.00188
31.89346
31.84393
31.89394
31.84447
31.91621
31.79332
31.91706
31.94284
31.82051
31.94355
32.09017
32.07898
32.16016
32.07993
31.8341
31.86085
31.78092
31.87365
31.75251
32.06383
32.06572
31.81751
31.72557
31.79814
31.8007
31.99144
32.01671
31.95376
31.95704
32.01658
31.64381
31.84499
31.73491
31.72259
31.93896
31.93942
31.89665
31.87872
31.90042
31.76121
31.93575
31.94278
31.91955
31.94309
31.86749
31.96658
32.02771
31.85987
31.93638
32.0281
31.93676
31.80695
31.75848
31.70966
31.99774
31.92998
31.8978
31.93047
31.9318
31.89827
31.8284
31.74241
31.91564
31.92706
31.95757
31.92768
31.86287
31.8689
31.69917
31.8698
31.89515
31.88335
31.78895
31.8706
31.97322
31.82772
32.08236
32.07347
32.01994
32.02107
31.82883
31.85159
31.73567
31.98294
31.87243
31.98617
31.98434
31.85311
31.5974
31.72619
31.68316
31.84697
31.94893
31.81572
31.97854
31.95089
31.84905
31.60685
31.87957
31.99203
32.08213
32.085
31.90663
31.88231
31.99521
31.70711
31.6962
31.96807
32.01739
32.02032
31.67756
31.97228
31.71115
31.94652
31.70214
31.89059
31.89075
31.77194
31.93996
31.77806
31.83121
32.04659
31.94417
32.04388
31.64768
31.78186
31.89051
31.87181
31.7699
31.98903
31.98974
31.95519
32.09167
31.78705
31.95543
31.7689
31.87867
31.93322
31.73435
31.73534
31.90024
31.96516
31.81945
31.95081
31.82633
31.88914
31.82672
31.65157
31.82763
31.89228
31.80656
31.89269
31.89497
31.88536
31.80895
31.85613
31.80945
31.84164
31.74887
31.63727
31.79214
31.86829
31.74943
31.79278
31.6379
31.64656
31.7508
31.78856
31.69255
31.84638
31.91612
31.99078
31.85437
31.99197
31.95717
31.85561
31.65637
31.88279
31.59589
31.67965
31.71134
31.8127
31.79679
31.92132
31.55641
31.71512
31.65453
31.71862
31.90505
31.9397
31.59156
31.84301
31.94163
31.65025
31.85047
31.5985
31.7717
31.56685
31.71538
31.66042
31.64584
31.65649
31.65193
31.88261
31.77377
31.84626
31.85713
31.74855
31.7885
31.54134
31.82907
31.65396
31.75613
31.76196
31.81793
31.55068
31.94107
31.53097
31.83878
31.73857
31.74933
31.80388
31.80224
31.76409
31.65116
31.75258
31.76453
31.83738
31.89453
31.91723
31.91774
31.88968
31.7901
31.73732
31.84112
31.82299
31.89023
31.73793
31.66943
31.62496
31.70145
31.5809
31.56512
31.67978
31.8455
31.59447
31.68075
31.9205
31.70916
31.6551
31.7105
31.73792
31.76445
31.73636
31.82181
31.82409
31.7365
31.82224
31.77489
31.77902
31.505
31.56508
31.77919
31.81501
31.67412
31.51005
31.74366
31.72926
31.72843
31.83272
31.63935
32.04669
31.74586
31.34214
31.88233
31.77354
31.84621
31.69918
31.84267
31.86036
31.60767
31.57491
31.81476
31.57597
31.82678
31.58919
31.64408
31.68457
31.70333
31.71189
31.77828
31.8045
31.71893
31.58277
31.73166
31.67907
31.72834
31.70789
32.02513
31.73219
31.72887
31.70843
31.7211
31.73572
31.73543
31.72167
31.73604
31.77548
31.70344
31.72907
31.61598
31.62469
31.85158
31.82861
31.64653
31.80788
31.73642
31.98635
31.73434
31.67467
31.67556
31.71235
31.83518
31.69145
31.838
31.71731
31.64453
31.69316
31.72096
31.69754
31.63348
31.5868
31.58251
31.69361
31.8002
31.73699
31.67762
31.8283
31.80129
31.79301
31.73491
32.03812
31.74744
31.8905
31.67976
31.84283
31.66413
31.57485
31.6075
31.60029
31.69718
31.60054
31.59593
31.78468
31.98526
32.0439
31.78646
31.77484
32.0439
32.01295
31.75209
31.80525
32.03965
31.9474
31.80611
31.82714
31.77579
31.65609
31.99784
31.76421
31.89883
31.67412
31.7286
31.98519
31.646
31.6497
31.77143
31.88297
31.63271
31.6365
31.89845
31.64922
31.8993
31.72178
31.70263
31.72625
31.71396
31.77466
31.77605
31.70986
31.72259
31.84155
31.62813
31.87181
31.54131
31.82904
31.83872
31.81467
31.62342
31.68443
31.64395
31.60014
31.61201
31.6848
31.892
31.89795
31.70066
32.19476
31.8754
31.8763
32.09525
31.90592
32.13273
32.0125
31.91323
32.00488
31.96574
31.63688
32.07182
31.8065
31.63588
31.83301
31.78764
31.6985
31.82893
31.87711
31.96712
31.77845
31.8058
31.96512
31.82797
31.83064
31.89524
31.85844
31.92221
31.83897
32.12379
31.87865
31.75609
31.57589
31.73853
31.75429
31.68475
32.014
32.01397
32.04276
32.04047
32.04269
32.02939
31.99139
32.02932
31.82078
31.86875
31.89262
31.78517
31.82435
31.90444
31.91344
31.91364
31.93896
31.93942
31.73435
31.93322
31.80222
31.89801
32.19482
32.14963
32.09532
32.01263
32.01255
31.90601
31.96626
31.76418
31.81775
32.07254
31.88091
31.62983
31.8191
31.6331
31.64493
31.83316
31.86391
31.72213
31.96754
31.87773
31.89665
31.84374
31.95519
32.09167
32.15302
31.90025
31.762
31.58324
31.65328
31.57911
31.70076
32.04399
31.67909
31.70795
32.01307
31.7749
31.80542
31.70059
32.03971
31.96527
31.82722
31.89901
31.643
31.64546
31.98539
32.02819
31.94568
31.88319
31.62622
31.8683
31.67005
31.70348
31.96866
31.63284
31.78706
31.83672
31.81796
31.59474
31.82687
31.58924
31.58283
31.61907
31.72843
32.0406
32.02519
31.73553
31.98435
31.83742
31.70357
31.79012
31.73737
31.6152
31.69621
31.85163
31.98649
31.73658
31.67488
31.70099
31.73457
31.69365
31.83719
31.83557
31.84208
31.7865
31.80203
31.75183
31.62338
31.85714
31.6337
31.63509
31.76678
31.64589
31.91734
31.89456
31.82309
31.88538
31.84117
31.70153
31.56526
31.7094
31.65536
31.68165
31.73675
31.8132
31.50601
31.57059
31.7805
31.69541
31.95301
31.64768
31.78851
31.74855
31.4942
31.72663
31.61619
31.89239
31.8676
31.80671
31.80912
31.86849
31.78883
31.78847
31.69279
31.94688
31.59649
31.61822
31.60364
31.70925
31.89625
31.93999
31.83121
31.78077
31.64041
31.57362
31.75273
31.76138
31.93603
31.91967
32.02791
31.89639
31.85998
31.93019
31.91587
31.89549
31.81886
31.79365
32.07397
31.88523
31.86132
31.87309
31.99347
31.93254
32.00703
31.67777
31.9664
31.975
31.9416
32.12379
32.15303
31.86676
32.03782
31.93436
32.06401
31.84418
31.9174
31.94318
31.83025
31.78748
31.9455
32.09067
32.07104
32.16066
31.81315
31.95667
31.73969
31.6393
31.80004
31.93942
32.02017
31.95704
31.69906
31.97851
31.97178
31.97505
31.56684
31.7402
32.04493
31.96306
31.99895
31.85905
32.0259
31.8328
31.94965
31.85464
31.86802
31.6434
32.08452
31.97207
31.6772
31.71093
31.79301
32.02045
31.92482
31.98283
31.92799
32.03188
31.96089
31.88934
31.95553
32.20988
32.06542
31.81723
31.88185
31.9062
31.99485
32.00698
31.90948
31.80925
31.79294
32.06054
32.04565
32.01598
31.90857
32.02618
31.85941
32.07123
32.09099
31.78196
31.83499
31.9506
31.97842
31.75161
31.90101
31.88005
31.73699
31.79574
31.87697
31.93444
31.9432
31.89383
31.84437
31.94347
31.94562
32.07988
32.09313
31.98428
31.98613
31.84895
31.84901
31.52457
31.5595
31.65447
31.5707
31.67763
31.71396
31.93617
32.01036
31.89655
31.86018
32.00181
31.95752
31.92762
31.8833
32.02105
31.85308
31.94767
31.59737
31.71358
31.71625
31.77903
31.63744
31.94308
31.76224
31.76151
31.93675
31.93042
31.93178
31.89825
31.86285
31.87058
31.69331
31.82398
31.44629
31.69753
31.72093
31.83795
31.88947
31.96551
31.95116
31.80694
31.92407
31.89268
31.85612
31.79277
31.74942
31.78937
31.8556
31.95716
31.65636
31.76446
31.70342
31.69143
31.64189
31.84203
31.82673
31.89495
31.65413
31.91774
31.84162
31.89023
31.82359
31.70208
31.74859
31.67017
31.68073
31.59445
31.85185
31.73791
31.67556
31.65191
31.76452
31.72162
31.736
31.73791
31.72903
31.70416
31.62572
31.62574
31.64391
31.70837
31.69617
31.78712
31.87623
31.80603
31.83175
31.63636
31.91321
31.72941
31.77258
31.81907
31.78134
31.7012
31.65935
31.5619
31.53661
31.75134
31.72935
31.56163
31.57906
31.78133
31.81906
31.74346
31.73888
31.73891
31.74349
31.65929
31.70114
31.72933
31.75133
31.65877
31.67909
31.81913
31.83081
31.83081
31.81913
31.65869
31.67901
31.63548
31.61769
31.6177
31.65619
31.6742
31.69571
31.67398
31.66306
31.74341
31.738
31.73809
31.74267
31.62784
31.6369
31.81903
31.80763
31.6279
31.63696
31.73798
31.74339
31.74302
31.73844
31.67903
31.70056
31.61761
31.6354
31.61863
31.63643
31.55347
31.57881
31.77326
31.7301
31.85185
31.83075
31.82013
31.83181
31.69564
31.66321
31.67549
31.697
31.62782
31.61319
31.63033
31.6157
31.65589
31.70964
31.70959
31.65584
31.72554
31.67171
31.73675
31.68286
31.57379
31.59918
31.80764
31.81903
31.78367
31.81002
31.82155
31.7838
31.7294
31.77256
31.73018
31.75218
31.83086
31.81918
31.85301
31.82023
31.69555
31.67404
31.66493
31.67584
31.61328
31.63698
31.64027
31.63121
31.59657
31.55378
31.72564
31.67181
31.71183
31.68285
31.71448
31.74356
31.7436
31.71452
31.65594
31.6304
31.65874
31.67906
31.65968
31.68001
31.61777
31.65626
31.61904
31.65753
31.57351
31.5989
31.63074
31.65628
31.74352
31.73811
31.74301
31.74384
31.6157
31.63034
31.81001
31.78365
31.78381
31.82155
31.61661
31.63125
31.75202
31.73003
31.73025
31.77341
31.85286
31.82007
31.83196
31.82028
31.70159
31.65974
31.65705
31.61856
31.6576
31.61911
31.67542
31.69693
31.6759
31.66498
);


// ************************************************************************* //
