/*--------------------------------*- C++ -*----------------------------------*\
| =========                 |                                                 |
| \\      /  F ield         | OpenFOAM: The Open Source CFD Toolbox           |
|  \\    /   O peration     | Version:  5.x                                   |
|   \\  /    A nd           | Web:      www.OpenFOAM.org                      |
|    \\/     M anipulation  |                                                 |
\*---------------------------------------------------------------------------*/
FoamFile
{
    version     2.0;
    format      ascii;
    class       volScalarField;
    location    "24/tumor";
    object      T;
}
// * * * * * * * * * * * * * * * * * * * * * * * * * * * * * * * * * * * * * //

dimensions      [0 0 0 1 0 0 0];

internalField   nonuniform List<scalar> 
636
(
38.96169
38.93403
39.16312
39.13789
38.8
38.77049
38.9254
39.74424
39.29384
38.86193
39.78806
40.19389
40.01531
39.28486
39.82615
40.23835
40.08793
39.40126
39.22019
39.84884
39.71959
39.15955
38.62445
39.13909
39.09372
38.53233
39.00703
38.98555
39.7449
40.12431
39.95546
39.26252
38.96172
40.1947
40.59903
40.43661
39.78181
38.84981
39.1631
40.2389
40.65171
40.49473
39.93264
39.04518
38.79996
39.84895
40.29224
40.13701
39.65303
38.63543
39.13905
39.57593
39.39344
38.99024
38.88612
38.77562
38.41592
38.98547
38.97508
39.29372
39.95484
39.8163
39.22429
38.93395
40.01483
40.43626
40.28251
39.74649
38.81398
39.1377
40.08726
40.49445
40.33536
39.9008
39.02372
38.77014
39.71846
40.13684
39.97221
39.61178
38.65887
39.09321
39.39326
39.22866
38.93789
38.77551
38.68434
38.41584
38.34746
38.8618
39.26232
39.2243
38.78661
39.28474
39.78165
39.74681
39.18567
39.40098
39.9324
39.90078
39.3173
39.15769
39.65266
39.61151
39.04736
38.53163
38.98994
38.93767
38.37854
38.84972
38.81404
39.04508
39.0237
38.63529
38.65884
38.97312
38.97099
39.03283
39.17597
39.23682
38.95244
39.17144
38.9535
38.91193
38.94289
39.18393
39.05461
39.31591
39.00891
39.11375
39.16918
39.39071
39.4433
39.51699
39.58049
39.09441
38.88264
39.37172
39.20388
39.47555
39.31711
38.8748
38.97657
38.96563
38.84306
39.0952
39.35273
38.98876
39.25709
39.2062
39.03355
39.08377
39.56034
39.61586
39.45126
39.52089
38.93285
39.00428
38.79142
39.5226
39.35805
39.40381
39.25964
39.00369
38.92232
38.80543
39.05727
38.76515
38.86627
39.2579
39.2956
39.02643
39.08268
39.21557
39.05906
39.00459
38.84712
38.75814
38.54454
38.69368
38.76766
38.70216
38.54161
38.99318
39.00087
39.0713
39.19748
39.2795
38.97489
39.19235
38.96597
38.97318
39.10502
39.1065
39.41258
39.1052
39.40419
39.41298
39.63033
39.06316
39.56951
39.43871
39.54714
39.42768
39.80741
39.70163
39.02531
39.02994
39.34849
38.88504
38.94288
39.05457
39.18395
38.91192
39.3159
38.84042
39.38508
38.94763
39.54216
39.10797
39.67599
39.25517
38.7973
39.09512
38.98863
38.9656
39.35268
38.84304
39.25703
38.97687
39.34124
38.87738
39.70764
39.28338
39.63491
39.16754
38.84973
38.70396
38.8054
39.05737
38.76525
39.47813
38.86329
39.26583
39.47905
39.71829
39.26652
39.5464
38.72192
38.91169
38.49727
39.43619
38.97488
39.17208
38.72796
38.87195
38.54314
38.87214
39.19263
38.54318
38.80287
39.17708
38.72368
38.76243
39.39281
39.42213
39.01387
39.04124
38.91404
38.68277
38.49613
39.32319
39.14895
38.95721
38.76823
38.81751
38.4478
38.44048
38.50466
38.65403
38.68389
38.49558
38.50537
38.6023
38.42493
38.42297
39.00101
39.19766
39.07144
39.27966
39.08201
39.36612
39.42324
39.082
39.2181
39.42325
39.51629
39.33959
39.20854
39.06066
39.39797
39.27649
38.93932
39.00359
38.97108
39.17606
39.03291
39.23691
38.88357
39.51771
39.09964
39.33856
38.94437
39.59528
39.16941
39.39075
39.11376
39.51704
39.00891
39.44333
39.16916
39.5805
39.30127
39.90312
39.42988
39.84098
39.36017
39.96124
39.5102
39.00513
38.89633
39.05993
39.56034
39.03352
39.45122
39.20614
39.6158
39.08367
39.52074
38.896
39.09122
38.95356
39.25784
39.02637
38.86612
39.29533
39.08243
39.1532
39.39264
38.89987
39.7002
39.1999
39.44068
38.95073
38.71431
38.69364
38.76749
39.39275
38.72364
39.01383
39.17692
39.42201
38.76229
39.04114
38.56975
38.61086
39.02582
38.60372
38.64638
38.65401
38.49556
38.6838
38.5053
38.91684
38.68079
38.68961
38.91682
38.96462
38.68958
38.73897
38.59773
38.57477
38.41238
38.82774
38.63896
38.62947
38.44811
38.49006
38.49003
38.59692
38.45875
38.97483
39.19224
38.96583
39.06058
39.33943
39.39783
39.20834
39.27632
39.31173
39.1776
39.17758
38.98551
38.91366
38.95238
39.17133
38.95338
39.54691
39.56932
39.807
39.06296
39.42735
39.43841
39.70118
38.85742
39.48144
39.07266
38.99351
39.30467
38.83403
39.37157
39.09429
39.47533
39.20372
38.88256
39.31689
39.28585
39.87144
39.4109
39.53127
39.07427
39.68375
39.23039
38.98255
38.7551
39.52224
39.00401
39.40317
38.93272
39.35761
38.79144
39.2584
39.45816
39.82137
39.35914
39.70648
39.22546
39.62567
39.12824
38.88955
38.78636
38.67468
39.21447
39.00373
39.05233
38.84213
39.1287
39.34874
38.87665
39.41982
38.93087
39.1374
38.6709
38.49168
38.70169
38.54027
39.32271
38.68247
38.95694
38.91327
39.1484
38.49574
38.76791
38.53183
38.55333
38.74586
38.35653
38.36188
38.60212
38.42283
38.42473
38.82766
38.57467
38.62941
38.5976
38.63886
38.41225
38.44803
38.52576
38.5002
38.34277
38.52574
38.34345
38.34275
38.4587
38.93918
39.00347
38.91366
39.02976
39.02516
39.34827
38.88493
39.33836
39.51747
39.595
38.88345
38.94426
39.0995
39.16928
38.99385
39.48136
39.30571
38.85743
39.07267
38.83421
38.93025
38.87472
38.97649
39.54196
39.38491
39.67575
38.84035
39.10785
38.94754
39.25503
39.84086
39.90294
39.9611
39.30114
39.36009
39.42975
39.5101
39.53316
39.87159
39.68453
39.28594
39.07456
39.41093
39.23047
38.7641
39.3382
38.90064
38.76399
38.90046
39.00359
38.92221
39.70731
39.34064
39.63443
38.97678
39.28321
38.87729
39.16733
39.70676
39.82126
39.62593
39.45812
39.2255
39.35908
39.12829
38.8809
39.22418
38.78691
38.88083
38.78686
38.76052
38.54209
39.43537
38.90889
39.17114
38.7218
38.97458
38.4968
38.72757
39.69995
39.39226
39.44038
39.15297
39.19972
38.89962
38.95053
39.4202
39.34827
39.13799
39.1286
38.93095
38.87647
38.671
38.60016
38.77183
38.36272
38.60012
38.36271
38.81699
38.44019
38.4475
39.02556
38.61065
38.64621
38.56954
38.60355
38.74596
38.55324
38.36189
38.5317
38.35655
38.79723
38.89628
39.00504
39.05988
38.98258
38.75516
38.84965
38.70388
39.09115
38.89589
38.95347
38.78637
38.88952
38.67469
38.7142
38.49169
39.47476
39.85332
39.3481
39.99044
39.54274
39.90891
39.43559
39.99026
39.85305
39.90871
39.47461
39.54261
39.34791
39.43544
)
;

boundaryField
{
    tumor_to_gland
    {
        type            compressible::turbulentTemperatureCoupledBaffleMixed;
        refValue        nonuniform List<scalar> 
1125
(
38.66083
38.66083
38.66083
38.66083
38.66083
38.66083
38.5068
38.5068
38.5068
38.64722
38.64722
38.64722
38.64722
38.6141
38.6141
38.27808
38.27808
38.27808
38.55085
38.55085
38.55085
38.55085
38.42201
38.42201
38.42201
38.42201
38.75593
38.75593
38.75593
38.75593
38.64472
38.64472
38.64472
38.65719
38.65719
38.65719
38.65719
38.65719
38.64721
38.64721
38.64721
38.64721
38.61407
38.61407
38.27809
38.27809
38.27809
38.32449
38.32449
38.32449
38.32449
38.75601
38.75601
38.75601
38.75601
38.66087
38.66087
38.66087
38.66087
38.66087
38.66087
38.31005
38.31005
38.31005
38.31005
38.23387
38.23387
38.55077
38.55077
38.55077
38.55077
38.1554
38.1554
38.1554
38.1554
37.9967
37.9967
37.9967
37.9967
37.9967
37.9967
37.80456
37.80456
37.80456
37.80456
38.64465
38.64465
38.64465
38.81219
38.81219
38.81219
38.81219
38.50676
38.50676
38.50676
38.15867
38.15867
38.15867
38.07432
38.07432
38.42201
38.42201
38.42201
38.42201
37.98079
37.98079
37.98079
37.98079
37.80451
37.80451
37.80451
37.80451
38.6571
38.6571
38.6571
38.6571
38.6571
38.45709
38.45709
38.45709
38.45709
38.373
38.373
38.01062
38.01062
38.15528
38.15528
38.15528
38.15528
37.98077
37.98077
37.98077
37.98077
38.31002
38.31002
38.31002
38.31002
38.15868
38.15868
38.15868
38.23383
38.23383
38.07431
38.07431
38.36789
38.36789
38.35444
38.35444
38.37062
38.37062
38.37062
38.3961
38.3961
38.3961
38.3961
38.46585
38.46585
38.46585
38.46585
38.45006
38.45006
38.45006
38.45006
38.49294
38.49294
38.49294
38.49294
38.47553
38.47553
38.47553
38.47553
38.32731
38.32731
38.32731
38.3465
38.3465
38.3465
38.3465
38.3347
38.3347
38.20911
38.20911
38.20911
38.42369
38.42369
38.40392
38.40392
38.28803
38.28803
38.26663
38.26663
38.27861
38.27861
38.15172
38.15172
38.15172
38.67147
38.67147
38.67147
38.73311
38.73311
38.73311
38.73311
38.71818
38.71818
38.71818
38.71818
38.64113
38.64113
38.64113
38.53659
38.53659
38.53659
38.51195
38.51195
38.51195
38.77334
38.77334
38.77334
38.77334
38.74559
38.74559
38.74559
38.74559
38.65131
38.65131
38.65131
38.65131
38.65131
38.65131
38.74628
38.74628
38.74628
38.74628
38.74628
38.44851
38.44851
38.44851
38.69029
38.69029
38.69029
38.69029
38.69029
38.39623
38.39623
38.73843
38.73843
38.73843
38.73843
38.39621
38.39621
38.67415
38.67415
38.67415
38.67415
38.5727
38.5727
38.5727
38.5727
38.59394
38.59394
38.59394
38.59394
38.27185
38.27185
38.27185
38.63325
38.63325
38.63325
38.63325
38.23627
38.23627
38.34619
38.34617
38.58056
38.58056
38.58056
38.58056
38.51313
38.51313
38.51313
38.5169
38.5169
38.5169
38.38946
38.38946
38.38946
38.57174
38.57174
38.57174
38.57174
38.39308
38.39308
38.48419
38.48419
38.48419
38.48419
38.20282
38.20282
38.20282
38.42213
38.42213
38.42213
38.42213
38.42213
38.52402
38.52402
38.52402
38.52402
38.26911
38.26911
38.24297
38.24297
38.1484
38.12442
38.12442
38.27047
38.27047
38.27047
38.27047
38.32629
38.32629
38.32629
38.32629
38.29712
38.29712
38.29712
38.29712
38.46878
38.46878
38.46878
38.46878
38.56069
38.56069
38.56069
38.54716
38.54716
38.54716
38.43837
38.43837
38.43837
38.43837
38.67154
38.67154
38.67154
38.67542
38.67542
38.67542
38.77277
38.77277
38.77277
38.77277
38.67547
38.67547
38.67547
38.74257
38.74257
38.74257
38.74257
38.71797
38.71797
38.71797
38.71797
38.62631
38.62631
38.62631
38.5865
38.5865
38.5865
38.5865
38.74562
38.74562
38.74562
38.74562
38.51196
38.51196
38.51196
38.53662
38.53662
38.53662
38.77337
38.77337
38.77337
38.77337
38.39325
38.39325
38.39325
38.42769
38.42769
38.42769
38.65961
38.65961
38.65961
38.65961
38.65961
38.37062
38.37062
38.37062
38.3961
38.3961
38.3961
38.3961
38.67412
38.67412
38.67412
38.67412
38.5156
38.5156
38.5156
38.5156
38.5316
38.5316
38.5316
38.5316
38.2151
38.2151
38.2151
38.22661
38.22661
38.22661
38.22661
38.33469
38.33469
38.20911
38.20911
38.20911
38.51313
38.51313
38.51313
38.44551
38.44551
38.32484
38.32484
38.32484
38.14676
38.14676
38.00189
38.00189
38.42215
38.42215
38.42215
38.42215
38.42215
38.4842
38.4842
38.4842
38.4842
38.20281
38.20281
38.20281
38.07331
38.07331
38.07331
38.22412
38.22412
38.22412
38.29124
38.29124
38.29124
38.29124
38.29124
37.99075
37.99075
38.07871
38.07871
38.07871
38.07871
38.07871
38.0787
38.0787
38.0787
38.0787
38.0787
38.33904
38.33904
38.33904
38.33904
38.21461
38.21461
38.21461
38.21461
38.21461
38.21461
38.18322
38.18322
38.18322
38.18322
38.18322
38.18322
38.21254
38.21254
38.21254
38.21254
37.99528
37.99528
37.99528
37.99528
38.24857
38.24857
38.24857
38.24857
38.24857
37.95591
37.95591
37.95591
37.95591
37.89027
37.89027
37.89027
37.89027
37.89027
37.8559
37.8559
37.8559
37.8559
38.56069
38.56069
38.56069
38.54714
38.54714
38.54714
38.64781
38.64781
38.64781
38.64781
38.63074
38.63074
38.63074
38.63074
38.63071
38.63071
38.63071
38.63071
38.61888
38.61888
38.61888
38.61888
38.52159
38.52159
38.52159
38.52159
38.50251
38.50251
38.50251
38.50251
38.73317
38.73317
38.73317
38.73317
38.71817
38.71817
38.71817
38.71817
38.74257
38.74257
38.74257
38.74257
38.69608
38.69608
38.69608
38.69608
38.6805
38.6805
38.6805
38.6805
38.64725
38.64725
38.64725
38.64725
38.62861
38.62861
38.62861
38.62861
38.3679
38.3679
38.35444
38.35444
38.65129
38.65129
38.65129
38.65129
38.65129
38.65129
38.5522
38.5522
38.5522
38.5522
38.5522
38.5522
38.53541
38.53541
38.53541
38.53541
38.53541
38.53541
38.22056
38.22056
38.20242
38.20242
38.46585
38.46585
38.46585
38.46585
38.49294
38.49294
38.49294
38.49294
38.45005
38.45005
38.45005
38.45005
38.47553
38.47553
38.47553
38.47553
38.32242
38.32242
38.32242
38.32242
38.28987
38.28987
38.28987
38.28987
38.30046
38.30046
38.30046
38.30046
38.42368
38.42368
38.28802
38.28802
38.40393
38.40393
38.26666
38.26666
38.07935
38.07935
38.20932
38.20932
38.05418
38.05418
38.26906
38.26906
38.52382
38.52382
38.52382
38.52382
38.24286
38.24286
38.35376
38.35376
38.35376
38.35376
38.05974
38.05974
38.32768
38.32768
38.32768
38.32768
38.02997
38.02997
38.32623
38.32623
38.32623
38.32623
38.29696
38.29696
38.29696
38.29696
38.21456
38.21456
38.21456
38.21456
38.21456
38.21456
38.18312
38.18312
38.18312
38.18312
38.18312
38.18312
38.10158
38.10158
38.10158
38.10158
38.10158
38.10158
38.0645
38.0645
38.0645
38.0645
38.0645
38.0645
38.12241
38.12241
38.12241
38.12241
37.89024
37.89024
37.89024
37.89024
37.89024
37.85585
37.85585
37.85585
37.85585
37.95999
37.95999
37.95999
37.95999
37.95995
37.95995
37.95995
37.95995
37.92201
37.92201
37.92201
37.92201
37.76999
37.76999
37.76999
37.76999
38.43833
38.43833
38.43833
38.43833
38.52154
38.52154
38.52154
38.52154
38.50249
38.50249
38.50249
38.50249
38.64106
38.64106
38.64106
38.62621
38.62621
38.62621
38.71785
38.71785
38.71785
38.71785
38.69599
38.69599
38.69599
38.69599
38.68047
38.68047
38.68047
38.68047
38.52531
38.52531
38.52531
38.52531
38.52532
38.52532
38.52532
38.52532
38.64758
38.64758
38.64758
38.64758
38.54382
38.54382
38.54382
38.54382
38.74621
38.74621
38.74621
38.74621
38.74621
38.69019
38.69019
38.69019
38.69019
38.69019
38.44849
38.44849
38.44849
38.37905
38.37905
38.37905
38.60868
38.60868
38.60868
38.60868
38.60868
38.57796
38.57796
38.57796
38.57796
38.57796
38.3072
38.3072
38.3072
38.32733
38.32733
38.32733
38.34658
38.34658
38.34658
38.34658
38.5727
38.5727
38.5727
38.5727
38.59406
38.59406
38.59406
38.59406
38.41627
38.41627
38.41627
38.41627
38.40942
38.40942
38.40942
38.16202
38.16202
38.16202
38.16202
38.27881
38.27881
38.15207
38.15207
38.15207
38.51761
38.51761
38.51761
38.39327
38.39327
38.39327
38.32043
38.32043
38.17098
38.17098
37.9236
37.9236
38.12447
38.12447
38.15257
38.15257
38.27031
38.27031
38.27031
38.27031
38.20198
38.20198
38.20198
38.20198
37.90171
37.90171
37.926
38.08611
38.08611
38.08611
37.99516
37.99516
37.99516
37.99516
38.24843
38.24843
38.24843
38.24843
38.24843
38.21229
38.21229
38.21229
38.21229
37.95579
37.95579
37.95579
37.95579
38.10149
38.10149
38.10149
38.10149
38.10149
38.10149
38.06444
38.06444
38.06444
38.06444
38.06444
38.06444
38.16347
38.16347
38.16347
38.16347
37.86337
37.86337
37.86337
37.86337
38.08453
38.08453
38.08453
37.86336
37.86336
37.86336
37.86336
37.76997
37.76997
37.76997
37.76997
38.58641
38.58641
38.58641
38.58641
38.64717
38.64717
38.64717
38.64717
38.62859
38.62859
38.62859
38.62859
38.54388
38.54388
38.54388
38.54388
38.42763
38.42763
38.42763
38.3932
38.3932
38.3932
38.65953
38.65953
38.65953
38.65953
38.65953
38.55214
38.55214
38.55214
38.55214
38.55214
38.55214
38.5354
38.5354
38.5354
38.5354
38.5354
38.5354
38.578
38.578
38.578
38.578
38.578
38.37909
38.37909
38.37909
38.60877
38.60877
38.60877
38.60877
38.60877
38.30723
38.30723
38.30723
38.63321
38.63321
38.63321
38.63321
38.27205
38.27205
38.27205
38.23634
38.23634
38.51556
38.51556
38.51556
38.51556
38.53158
38.53158
38.53158
38.53158
38.41628
38.41628
38.41628
38.41628
38.40941
38.40941
38.40941
38.45919
38.45919
38.57203
38.57203
38.57203
38.57203
38.39444
38.39444
38.44552
38.44552
38.32486
38.32486
38.32486
38.32042
38.32042
38.17096
38.17096
38.2106
38.2106
38.22389
38.22389
38.22389
38.07327
38.07327
38.07327
38.29109
38.29109
38.29109
38.29109
38.29109
37.99064
37.99064
38.35364
38.35364
38.35364
38.35364
38.32761
38.32761
38.32761
38.32761
38.05963
38.05963
38.02989
38.02989
38.0861
38.0861
38.0861
38.20198
38.20198
38.20198
38.20198
37.92598
37.90168
37.90168
38.12233
38.12233
38.12233
38.12233
38.22053
38.22053
38.20242
38.20242
38.21506
38.21506
38.21506
38.22658
38.22658
38.22658
38.22658
38.28986
38.28986
38.28986
38.28986
38.32238
38.32238
38.32238
38.32238
38.30044
38.30044
38.30044
38.30044
38.16202
38.16202
38.16202
38.16202
38.14672
38.14672
38.00185
38.00185
38.20928
38.20928
38.0793
38.0793
38.05414
38.05414
37.92358
37.92358
38.62289
38.62289
38.62289
38.52456
38.52456
38.52456
38.41049
38.41049
38.41049
38.19775
38.19775
38.24417
38.24417
38.24417
38.24417
38.16175
38.16175
38.16175
38.16175
38.24416
38.24416
38.24416
38.24416
38.07111
38.07111
38.07111
38.07111
38.16151
38.16151
38.16151
38.16151
38.52452
38.52452
38.52452
38.39323
38.39323
38.39323
38.19866
38.19866
38.07095
38.07095
38.07095
38.07095
)
;
        refGradient     uniform 0;
        valueFraction   nonuniform List<scalar> 
1125
(
0.4221572
0.3325559
0.3929285
0.5022199
0.5387481
0.4434037
0.2963019
0.436099
0.2671888
0.2553111
0.3566239
0.5557758
0.431507
0.2755534
0.451751
0.3213549
0.2739288
0.469528
0.3929755
0.4679911
0.5926858
0.6324702
0.395794
0.6300081
0.5845408
0.4910267
0.3118533
0.3784205
0.5098446
0.551708
0.3168308
0.4654093
0.3105214
0.46296
0.560749
0.5664997
0.4528267
0.5596099
0.3566252
0.4315059
0.5557863
0.2553145
0.4516971
0.2755553
0.3213555
0.2739728
0.4696036
0.479228
0.3932906
0.393298
0.425124
0.3118537
0.5098518
0.3784235
0.5517081
0.4221587
0.3325569
0.502207
0.3929317
0.538753
0.4434053
0.2205436
0.3190206
0.2715986
0.3619843
0.3369681
0.3833142
0.3929745
0.5926833
0.4679889
0.6324684
0.4279275
0.4343975
0.4415438
0.4449722
0.2772022
0.1099248
0.1094426
0.1099248
0.1094426
0.1621047
0.1175968
0.1412005
0.159988
0.146693
0.3168277
0.4653949
0.3105164
0.5302997
0.6575671
0.6575688
0.4526496
0.2962995
0.4360853
0.2671841
0.2058337
0.2763471
0.1586854
0.3290953
0.2208077
0.3957926
0.5845363
0.6270455
0.4875762
0.407265
0.4083934
0.3008924
0.3068276
0.1175968
0.1412005
0.159988
0.146693
0.4629592
0.5664854
0.5607415
0.4528228
0.5596146
0.3741469
0.4634115
0.3740199
0.4633166
0.4910052
0.4909836
0.301125
0.3011697
0.4343948
0.4449615
0.4279314
0.4415396
0.40838
0.3068146
0.4072525
0.3008804
0.2205428
0.2715969
0.3190197
0.3619836
0.2058364
0.2763501
0.1586914
0.3369675
0.3833133
0.3290934
0.2208009
0.1589191
0.199915
0.1497424
0.2111124
0.1850569
0.1680525
0.2647361
0.3381187
0.1944226
0.3089375
0.2337509
0.2024931
0.2637586
0.310811
0.3589138
0.1979068
0.2778953
0.3691266
0.3047358
0.3885598
0.3575482
0.4015472
0.4132517
0.3798674
0.4107164
0.3562358
0.4223048
0.2004284
0.2747817
0.1571796
0.3480616
0.3234452
0.1932853
0.2228709
0.1730499
0.279582
0.156846
0.2011813
0.4108459
0.3280623
0.3699747
0.3805278
0.32265
0.1746089
0.2309759
0.17233
0.2447666
0.292881
0.1615266
0.1739483
0.1909145
0.4348863
0.2868702
0.3208494
0.4402256
0.2973093
0.3774233
0.3391306
0.4155218
0.3953527
0.287959
0.431603
0.3329413
0.3058975
0.3406443
0.4217832
0.2890191
0.2809211
0.4293363
0.308695
0.2775236
0.4519597
0.4122036
0.4918231
0.6534447
0.6581038
0.4322534
0.4708953
0.5510327
0.5460086
0.4039724
0.407575
0.5469187
0.3253799
0.4907907
0.4524142
0.4408014
0.6657219
0.4706486
0.5397723
0.6498464
0.3161462
0.4573507
0.2560159
0.4206009
0.4839262
0.554298
0.5565806
0.5252884
0.3335392
0.3282232
0.4557714
0.5733121
0.4557726
0.5733091
0.3335383
0.3282172
0.2950465
0.4801949
0.3654015
0.4904101
0.2882586
0.568989
0.3411868
0.4190587
0.3393115
0.4640167
0.3826337
0.463121
0.3290449
0.3243791
0.3863448
0.4846923
0.5877044
0.4424571
0.5622467
0.3193312
0.3149363
0.3013412
0.3013009
0.6147335
0.4443423
0.6147219
0.4443381
0.3324996
0.3212473
0.5188907
0.2933539
0.4965761
0.4503624
0.3466045
0.5808734
0.3867231
0.6680041
0.623762
0.6504292
0.5973379
0.4545004
0.4205749
0.3693871
0.5963872
0.3742721
0.5359704
0.2738453
0.2103775
0.4521214
0.4121423
0.5164024
0.5725272
0.5875683
0.4987741
0.392322
0.4843107
0.6405483
0.6155074
0.2283776
0.3012339
0.3144014
0.2839444
0.2112995
0.2792445
0.1815201
0.4306823
0.4205705
0.3883651
0.5276251
0.3653595
0.4358778
0.4099892
0.4329847
0.4481591
0.4185122
0.4472504
0.4097378
0.1720969
0.2988689
0.377955
0.377958
0.1944582
0.4355589
0.22901
0.1782382
0.4283108
0.2443902
0.1893479
0.3828272
0.2798165
0.3592978
0.4402688
0.3208505
0.2868723
0.3398811
0.2970786
0.4582078
0.3947996
0.4923431
0.5506551
0.550678
0.3398841
0.2970794
0.4582139
0.396053
0.560722
0.3041929
0.4986644
0.3782342
0.5070617
0.5544279
0.5275023
0.3475293
0.4631244
0.2756668
0.4503673
0.4733968
0.3432478
0.2706595
0.4322635
0.470927
0.5460551
0.5510765
0.3087165
0.2775248
0.4519727
0.2890318
0.2809232
0.4293363
0.4122072
0.4918367
0.6581098
0.6534436
0.3175189
0.285597
0.4466968
0.2992626
0.2943413
0.4262284
0.4060645
0.5200236
0.6669082
0.5592022
0.6604975
0.1850586
0.1680555
0.2647407
0.3381232
0.1944257
0.2337542
0.308942
0.4801949
0.2950497
0.4904025
0.3654048
0.3765658
0.4347452
0.559398
0.2479411
0.4792579
0.2931191
0.4796357
0.3536729
0.1934345
0.1779773
0.265696
0.3414448
0.2101087
0.2438372
0.3147785
0.1730511
0.2795838
0.1568458
0.2011823
0.410855
0.3325011
0.321216
0.5189197
0.4718311
0.265035
0.3266972
0.4164972
0.5640567
0.1825018
0.2860002
0.1633593
0.20626
0.4121498
0.5164419
0.5725781
0.5876119
0.4987786
0.3693869
0.5964086
0.3743095
0.5359769
0.2738718
0.4521493
0.2103789
0.2413809
0.3804672
0.3184767
0.4664965
0.4293592
0.343466
0.3695006
0.6384513
0.5106213
0.4317382
0.5869841
0.2073333
0.2725095
0.312672
0.4018729
0.2075593
0.3368774
0.2817752
0.3126676
0.2075535
0.4018655
0.3368694
0.2817684
0.3016011
0.2991848
0.2991848
0.4891518
0.482708
0.4952032
0.3877428
0.4122994
0.2438571
0.250933
0.5062787
0.4763241
0.4254997
0.2721882
0.3755677
0.223586
0.4921825
0.434698
0.3987435
0.4660281
0.4203351
0.3143317
0.3624767
0.2014502
0.4227066
0.2956257
0.3559554
0.5166021
0.3004401
0.3056849
0.2411505
0.3929843
0.3589544
0.1515791
0.1643752
0.234271
0.1133517
0.1140258
0.09402672
0.1782275
0.1361483
0.1209756
0.1944582
0.4355629
0.2290098
0.1782379
0.24439
0.4283032
0.2187276
0.2709058
0.2709057
0.3339626
0.1997586
0.2859671
0.3467749
0.2493027
0.1997584
0.285967
0.3467747
0.2493027
0.1681076
0.3582301
0.2623778
0.262378
0.2129443
0.4139937
0.2457028
0.4455203
0.1878733
0.249023
0.4434532
0.4101188
0.339131
0.4155249
0.2973101
0.3774266
0.4316037
0.395353
0.3329405
0.287958
0.3960536
0.5607194
0.3041918
0.4986544
0.5122219
0.5495024
0.2959661
0.3621359
0.5555272
0.3773123
0.5169123
0.278842
0.3704971
0.432773
0.290606
0.3634689
0.4476077
0.38187
0.3516209
0.2671006
0.1589205
0.1999164
0.1497435
0.2111135
0.4039724
0.4075743
0.5469167
0.452414
0.3253784
0.4907825
0.4186099
0.3603499
0.5082093
0.4083184
0.5414234
0.4338452
0.3943239
0.4226566
0.5495318
0.4432766
0.34687
0.4975212
0.1694391
0.2018381
0.1538602
0.2129903
0.2024947
0.3108162
0.2637601
0.3589173
0.3885647
0.3575531
0.4015504
0.4132551
0.1979081
0.2778965
0.3691287
0.3047347
0.3798647
0.4107183
0.4223062
0.3562351
0.395081
0.3715264
0.4070531
0.4198708
0.2084723
0.2855074
0.3721023
0.3106747
0.3923656
0.4159799
0.4285913
0.3647352
0.3280637
0.3699751
0.1746081
0.2309741
0.3805269
0.3226478
0.1723287
0.2447644
0.1830671
0.2478208
0.3926897
0.3601873
0.2309006
0.2584456
0.2283783
0.3012328
0.3923204
0.4843082
0.6405445
0.6155045
0.3143998
0.2839436
0.394383
0.6363971
0.6529053
0.4792686
0.3074525
0.3208968
0.4537508
0.6595687
0.4919709
0.6383645
0.3344234
0.299474
0.3653602
0.4358767
0.409988
0.432983
0.4481576
0.4472482
0.4185115
0.4097365
0.4827008
0.4951958
0.387736
0.2438523
0.4122927
0.2509281
0.5062773
0.425499
0.2721882
0.4763233
0.3755774
0.223586
0.4713785
0.4785684
0.4096089
0.279091
0.4302335
0.2808368
0.4898551
0.4415535
0.297637
0.4592046
0.3955077
0.2542671
0.4547706
0.4579586
0.419258
0.4208128
0.1515775
0.1643735
0.2342688
0.1133505
0.1140246
0.09402668
0.1782274
0.1209755
0.1361482
0.07144057
0.1200662
0.1856422
0.117702
0.07144054
0.1200661
0.1856421
0.117702
0.06503548
0.2075854
0.1368415
0.1368415
0.1164007
0.1723191
0.1597876
0.1254296
0.1893492
0.3828192
0.2798158
0.3592956
0.2129442
0.2457029
0.4139894
0.4455178
0.1878733
0.2490232
0.4434515
0.4101196
0.3406415
0.3058945
0.421762
0.3475227
0.4631161
0.2756655
0.3782331
0.5070553
0.554402
0.5274879
0.5122144
0.5494989
0.2959655
0.3621335
0.5555246
0.5169126
0.3773124
0.278844
0.4695705
0.3188875
0.2804155
0.4486397
0.4695718
0.3188875
0.2804193
0.4486788
0.3603355
0.5488973
0.5382609
0.5383292
0.3578641
0.2922176
0.4268413
0.4455161
0.4408033
0.6657112
0.4706426
0.6498421
0.5397723
0.4205997
0.4839195
0.5565575
0.525281
0.554292
0.3161405
0.4573435
0.2560077
0.3143008
0.4373348
0.2787263
0.4338611
0.6746851
0.5079647
0.6575433
0.5188933
0.4506654
0.5790654
0.4716932
0.5399627
0.5414278
0.3324836
0.4503705
0.2687756
0.2004295
0.2747798
0.1571796
0.3480565
0.3234436
0.1932853
0.2228683
0.5689828
0.2882587
0.3411779
0.419049
0.3393115
0.3826281
0.4640074
0.463116
0.5614576
0.2745455
0.3684391
0.4413033
0.3317674
0.3648093
0.4751532
0.3558055
0.3271346
0.2050447
0.2357558
0.2928768
0.1615226
0.1739472
0.1909113
0.4320536
0.2933449
0.4965716
0.4503567
0.3468192
0.5686865
0.3889991
0.351033
0.4708137
0.2651112
0.4124997
0.2173134
0.1444118
0.2792437
0.1815201
0.3887613
0.211993
0.4306812
0.3883651
0.5276243
0.4141614
0.4406789
0.6050781
0.5185296
0.3394091
0.2892752
0.1971776
0.2311974
0.4526132
0.389045
0.4340065
0.4203344
0.3143311
0.3624821
0.2014652
0.4227066
0.3559554
0.2956528
0.5166084
0.3004401
0.4921818
0.4346971
0.4660408
0.3987426
0.2411639
0.35896
0.3056845
0.3929761
0.409618
0.4302335
0.279091
0.2808368
0.4713711
0.4785531
0.4415471
0.2976316
0.3955016
0.2542622
0.4898355
0.459177
0.4717558
0.348967
0.2792334
0.348967
0.4045625
0.2872374
0.3799937
0.2414522
0.473085
0.4286746
0.4286641
0.3799902
0.2414494
0.4045448
0.2872196
0.1164007
0.1723191
0.1254296
0.1597876
0.3432467
0.4503544
0.4733954
0.2706563
0.3704965
0.432771
0.2906044
0.3634548
0.4476078
0.3516228
0.3818633
0.2670911
0.3578675
0.4269105
0.292214
0.4455144
0.2992604
0.294339
0.4262151
0.317516
0.2856012
0.4466888
0.4060615
0.520021
0.6604867
0.666903
0.5592018
0.4186093
0.3603488
0.4083091
0.5082006
0.5414054
0.4338437
0.3943252
0.4226526
0.5495221
0.3468648
0.4974935
0.4432768
0.4506791
0.5791336
0.4717219
0.5400568
0.5413484
0.3142998
0.4373342
0.2787268
0.4338665
0.6746876
0.5079702
0.6575512
0.518903
0.3325043
0.4504048
0.2686511
0.4846815
0.587694
0.4424605
0.5622453
0.3290376
0.3243758
0.3863414
0.3193306
0.3149313
0.376568
0.5593904
0.4347438
0.2479401
0.4792555
0.4796274
0.2931182
0.3536717
0.561476
0.3682994
0.4411969
0.2745574
0.4751404
0.3317762
0.3648028
0.4954829
0.4954657
0.668003
0.6237598
0.6504273
0.5973282
0.4492696
0.4205595
0.4718163
0.2650343
0.4164878
0.5640476
0.3266968
0.4708031
0.3510265
0.4125368
0.2651194
0.4380779
0.438087
0.4664957
0.4293584
0.3434651
0.2413802
0.3804656
0.3184762
0.3694998
0.6384441
0.5106202
0.5869778
0.4317378
0.2073328
0.2725082
0.3943826
0.6363924
0.6528885
0.4792664
0.4537525
0.6595552
0.6383045
0.4919706
0.3074519
0.3208895
0.334419
0.2994573
0.4526192
0.4340648
0.3890376
0.4406835
0.6050347
0.518538
0.3394146
0.2312634
0.2892654
0.1971683
0.4579503
0.4547694
0.4207969
0.4192432
0.1694385
0.2018366
0.1538616
0.2129905
0.1934332
0.1779769
0.2656942
0.341443
0.2101084
0.3147766
0.2438367
0.2084739
0.2855079
0.3721034
0.3106765
0.3950801
0.3715255
0.4070523
0.4198713
0.3923598
0.4159807
0.3647365
0.4285924
0.3558018
0.3271372
0.2050492
0.235749
0.1825015
0.2859988
0.1633587
0.2062597
0.3926903
0.3601826
0.1830669
0.2478191
0.230902
0.2584454
0.2173169
0.1444151
0.3223273
0.4565908
0.3223284
0.3411625
0.4664285
0.3035239
0.3785668
0.3785797
0.4199637
0.2948408
0.2535579
0.339715
0.5097014
0.283665
0.3723855
0.4095935
0.3078843
0.4013299
0.2817644
0.5097354
0.2836681
0.3397162
0.3723859
0.3167421
0.3216408
0.3911271
0.3968413
0.4095928
0.3078843
0.4013288
0.2817634
0.4664218
0.3411523
0.3035285
0.4707833
0.3124968
0.312374
0.2836543
0.2535528
0.3216404
0.3167417
0.396833
0.3911259
)
;
        value           nonuniform List<scalar> 
1125
(
38.83535
38.8683
38.8871
38.9177
38.92692
38.85525
38.82092
38.88213
38.83495
38.84547
38.83825
38.88616
38.87965
38.78154
38.82072
38.63778
38.63396
38.59018
38.70367
38.72007
38.74581
38.74743
38.63414
38.65871
38.6653
38.63994
38.92482
38.95228
38.97261
38.99088
38.87068
38.93778
38.86664
38.7676
38.81934
38.81914
38.7825
38.73852
38.83824
38.87962
38.88616
38.84545
38.82066
38.78152
38.63777
38.63402
38.59014
38.48258
38.45966
38.45968
38.43076
38.92495
38.97273
38.9524
38.991
38.83539
38.86837
38.91777
38.88716
38.92698
38.85527
38.73186
38.78457
38.73816
38.78958
38.67442
38.67919
38.70362
38.74574
38.71995
38.74729
38.39467
38.41557
38.40791
38.43037
38.49456
38.44025
38.44049
38.44023
38.44047
38.50379
38.34841
38.331
38.34946
38.36708
38.87062
38.9377
38.86651
38.88894
38.93756
38.93755
38.90743
38.82087
38.88206
38.83484
38.68028
38.75615
38.66198
38.62297
38.54411
38.63393
38.66495
38.6581
38.63886
38.3098
38.32226
38.24627
38.24817
38.34832
38.33089
38.34938
38.36703
38.76748
38.81902
38.81922
38.7824
38.73844
38.65024
38.69604
38.65022
38.69599
38.58498
38.58496
38.25918
38.25916
38.4154
38.43022
38.39449
38.40776
38.3222
38.24818
38.30972
38.24629
38.73179
38.73812
38.78451
38.78954
38.68032
38.75617
38.66202
38.67433
38.67912
38.62295
38.54411
38.86831
38.88174
38.84832
38.87171
38.85326
38.82221
38.91812
38.90495
38.81285
38.89308
38.83388
38.86222
38.86658
38.91341
38.91771
38.83927
38.8545
38.90469
38.89911
38.9038
38.89274
38.89854
38.91252
38.88742
38.88518
38.87493
38.8987
38.81344
38.88473
38.79672
38.86363
38.85353
38.78032
38.80365
38.75688
38.83971
38.70952
38.71725
38.71035
38.83492
38.84094
38.82642
38.81208
38.71276
38.73475
38.68582
38.7215
38.79332
38.7105
38.66501
38.67114
38.666
38.88555
38.89552
38.91453
38.90074
38.92015
38.91039
38.93108
38.90887
38.88551
38.91919
38.88981
38.85773
38.86158
38.88561
38.84761
38.84945
38.90197
38.8314
38.8242
38.88087
38.88474
38.87533
38.91319
38.91412
38.84804
38.86647
38.90726
38.90982
38.82058
38.87776
38.917
38.85496
38.91665
38.8478
38.85198
38.88872
38.85655
38.80978
38.90698
38.79459
38.85913
38.76672
38.79022
38.82669
38.77316
38.85598
38.84981
38.83598
38.86702
38.85038
38.87396
38.85037
38.87394
38.83595
38.86697
38.84284
38.87267
38.86027
38.88966
38.79445
38.84532
38.77266
38.80828
38.78575
38.7999
38.80435
38.81503
38.74578
38.76768
38.70576
38.75846
38.77547
38.74956
38.77159
38.7216
38.74504
38.79668
38.79661
38.73868
38.707
38.73864
38.70699
38.73481
38.71335
38.77618
38.7125
38.76299
38.74101
38.65359
38.67124
38.61726
38.71583
38.70452
38.71408
38.69577
38.59373
38.58526
38.68499
38.71655
38.66192
38.73723
38.61339
38.59315
38.57138
38.54319
38.5895
38.61205
38.60912
38.48486
38.67538
38.70188
38.72593
38.70996
38.59939
38.6199
38.60507
38.57435
38.46333
38.54342
38.46886
38.42174
38.43111
38.43853
38.37912
38.56165
38.57723
38.56313
38.57592
38.55869
38.53473
38.55659
38.52726
38.91469
38.83678
38.92238
38.92249
38.92052
38.92041
38.96292
38.90777
38.91634
38.95159
38.8823
38.90406
38.81878
38.93224
38.91464
38.89564
38.88564
38.88548
38.90453
38.95854
38.86552
38.8849
38.92236
38.92243
38.8855
38.90465
38.95866
38.94142
38.97867
38.90462
38.96835
38.808
38.84052
38.87213
38.86577
38.84833
38.93924
38.85355
38.83069
38.74433
38.81868
38.80383
38.84804
38.8665
38.90982
38.90734
38.83143
38.82419
38.88087
38.84765
38.84952
38.90204
38.88477
38.87537
38.91415
38.91324
38.72968
38.71374
38.78944
38.74899
38.75003
38.81386
38.77341
38.76837
38.8094
38.72109
38.80937
38.85328
38.8222
38.91812
38.90493
38.81284
38.83386
38.89308
38.87264
38.84281
38.8896
38.86024
38.719
38.76074
38.77719
38.72879
38.74911
38.72068
38.76438
38.73856
38.72816
38.69514
38.7965
38.76693
38.6788
38.69936
38.76126
38.75687
38.83969
38.70949
38.71724
38.71039
38.73479
38.71334
38.77621
38.67488
38.63723
38.58172
38.55819
38.60942
38.60423
38.68337
38.5343
38.56106
38.5432
38.58955
38.61204
38.60919
38.48489
38.68497
38.71658
38.66197
38.7372
38.61345
38.57146
38.59311
38.39746
38.48095
38.33113
38.3906
38.3819
38.37348
38.51003
38.5394
38.50659
38.38237
38.54397
38.35606
38.4148
38.40077
38.46689
38.41996
38.46318
38.38154
38.4008
38.41996
38.46687
38.46317
38.38153
38.45798
38.45209
38.45207
38.51602
38.48003
38.49322
38.48639
38.49304
38.43067
38.43593
38.47122
38.44705
38.47344
38.42111
38.44779
38.37315
38.37689
38.37531
38.35214
38.32855
38.39625
38.34168
38.38521
38.34227
38.34804
38.37622
38.36403
38.41978
38.36679
38.29529
38.31552
38.35622
38.37056
38.40787
38.40819
38.49919
38.42648
38.42607
38.36776
38.39348
38.34997
38.41771
38.92052
38.92051
38.96292
38.9077
38.95158
38.91627
38.92874
38.96466
38.96466
39.02793
38.91503
38.95324
39.0147
38.95383
38.91495
38.95322
39.01469
38.95377
38.91562
39.00372
38.94509
38.94504
38.8871
38.92453
38.92856
38.94054
38.88671
38.92202
38.93364
38.90115
38.91051
38.93119
38.90083
38.92023
38.91927
38.90891
38.88977
38.88547
38.94151
38.97874
38.90459
38.9683
38.94636
38.95786
38.86783
38.89269
38.9457
38.88214
38.92098
38.8492
38.83156
38.84979
38.81554
38.83698
38.83615
38.82438
38.81393
38.79702
38.86833
38.88175
38.84826
38.87172
38.82053
38.8778
38.91703
38.84779
38.85492
38.91659
38.72604
38.76475
38.82196
38.7848
38.83574
38.74786
38.70503
38.77207
38.8215
38.73715
38.74636
38.80595
38.74435
38.7611
38.72114
38.74968
38.86224
38.91341
38.86658
38.9177
38.90378
38.89274
38.89853
38.91248
38.83921
38.8545
38.90467
38.89903
38.8873
38.88517
38.89866
38.87485
38.76077
38.75258
38.76074
38.76955
38.70589
38.72422
38.77447
38.76856
38.74114
38.74501
38.75342
38.73488
38.8349
38.84087
38.71272
38.73463
38.82636
38.8119
38.68553
38.7214
38.53594
38.55925
38.66278
38.64617
38.52152
38.54596
38.59934
38.61976
38.67509
38.70171
38.72571
38.70951
38.60492
38.57398
38.52605
38.55352
38.56213
38.5431
38.41564
38.43177
38.51021
38.54093
38.52565
38.52744
38.4144
38.38436
38.5616
38.5771
38.56308
38.57582
38.55853
38.55645
38.53439
38.52702
38.47999
38.49314
38.48635
38.43064
38.49298
38.43587
38.4711
38.47334
38.42103
38.44684
38.44764
38.37301
38.37319
38.38797
38.39746
38.32937
38.41059
38.35448
38.3636
38.38807
38.33754
38.33137
38.34636
38.27591
38.38693
38.40882
38.36252
38.37468
38.40785
38.40813
38.49919
38.42646
38.42605
38.36768
38.39341
38.41769
38.34984
38.38796
38.43079
38.48273
38.40448
38.38787
38.43077
38.48273
38.40444
38.32474
38.46077
38.38964
38.3896
38.28492
38.3355
38.35292
38.2755
38.88222
38.90398
38.81866
38.9321
38.88702
38.92849
38.9244
38.94043
38.88671
38.92196
38.93354
38.90113
38.86152
38.85767
38.88548
38.8482
38.9391
38.85342
38.80788
38.84039
38.87199
38.86563
38.94623
38.95773
38.86771
38.89259
38.94561
38.92096
38.88205
38.84919
38.87168
38.83922
38.80532
38.78401
38.87167
38.83923
38.80532
38.78418
38.73719
38.80033
38.80777
38.8079
38.78181
38.76648
38.80214
38.70546
38.85191
38.88864
38.85645
38.90688
38.80971
38.79011
38.82657
38.85584
38.84969
38.77307
38.7945
38.85904
38.76666
38.70774
38.76997
38.70816
38.72575
38.76
38.7202
38.76863
38.67999
38.69316
38.7533
38.71393
38.7406
38.66406
38.65974
38.72961
38.64247
38.81339
38.88465
38.79666
38.86354
38.85348
38.78027
38.80357
38.84525
38.7944
38.77262
38.80823
38.78574
38.80432
38.79992
38.81504
38.70548
38.66339
38.63696
38.68788
38.64162
38.65019
38.65801
38.7184
38.71531
38.63493
38.64078
38.79319
38.71055
38.66478
38.67122
38.6649
38.71272
38.7633
38.74127
38.65483
38.6787
38.61935
38.55198
38.56864
38.40889
38.42493
38.50139
38.41224
38.54309
38.46777
38.57593
38.46202
38.42127
38.43765
38.37885
38.43139
38.45918
38.46976
38.42941
38.39536
38.35242
38.27006
38.26449
38.2485
38.25377
38.24468
38.39603
38.34137
38.38505
38.34207
38.34794
38.36389
38.37604
38.41964
38.36666
38.37641
38.37499
38.32833
38.35186
38.31533
38.37043
38.29505
38.35605
38.39734
38.41049
38.32925
38.35439
38.37304
38.38784
38.38799
38.33746
38.34633
38.27588
38.3635
38.3313
38.26346
38.2836
38.29706
38.28359
38.27697
38.222
38.27717
38.23161
38.24168
38.24564
38.24565
38.27716
38.2316
38.27692
38.22202
38.28492
38.33543
38.27548
38.35288
38.81856
38.83056
38.74422
38.80372
38.83144
38.84969
38.81543
38.83688
38.83607
38.81392
38.8243
38.79703
38.78182
38.80233
38.7665
38.70559
38.74889
38.74992
38.81376
38.72959
38.71368
38.78936
38.77333
38.76828
38.80927
38.80931
38.72101
38.72597
38.76464
38.78472
38.82186
38.83566
38.7478
38.70507
38.772
38.82144
38.74637
38.80596
38.73712
38.69318
38.75344
38.71404
38.74058
38.66405
38.70776
38.76999
38.7083
38.72582
38.76005
38.72033
38.76878
38.68006
38.65986
38.72976
38.64246
38.7584
38.77542
38.74951
38.77154
38.7458
38.76769
38.70578
38.72156
38.745
38.71895
38.77712
38.76068
38.72873
38.74905
38.76432
38.72062
38.73849
38.7056
38.63695
38.68783
38.66343
38.65798
38.64165
38.65019
38.67304
38.67302
38.71599
38.70466
38.71424
38.69591
38.59758
38.58577
38.67483
38.63717
38.55813
38.60931
38.58168
38.56861
38.55199
38.42488
38.40889
38.43123
38.4312
38.39012
38.38153
38.3732
38.3971
38.48069
38.33091
38.50989
38.53921
38.50632
38.54379
38.38214
38.3558
38.41462
38.52593
38.55336
38.56199
38.54299
38.51016
38.54082
38.52736
38.52556
38.41547
38.43162
38.41426
38.38426
38.24849
38.24466
38.25378
38.45916
38.46972
38.42944
38.39536
38.26445
38.35232
38.27008
38.4087
38.3868
38.3746
38.36242
38.74428
38.76105
38.72119
38.74964
38.72809
38.69508
38.79643
38.76685
38.67874
38.7612
38.69929
38.70594
38.72418
38.77443
38.76858
38.7607
38.75251
38.76069
38.7695
38.74113
38.74497
38.73489
38.75337
38.71839
38.71533
38.63497
38.64079
38.60417
38.68328
38.53418
38.56099
38.66271
38.64614
38.53582
38.55916
38.52148
38.54588
38.50137
38.41224
38.84059
38.88614
38.84058
38.75625
38.79229
38.74555
38.65759
38.65757
38.67495
38.44452
38.42381
38.54326
38.55372
38.4613
38.54764
38.48293
38.42717
38.47621
38.40503
38.55379
38.46133
38.54323
38.54762
38.33109
38.32454
38.37709
38.39939
38.48256
38.42617
38.47594
38.40469
38.7922
38.75619
38.74549
38.67809
38.64931
38.64929
38.44695
38.42369
38.3243
38.33084
38.39921
38.3769
)
;
        Tnbr            T;
        thicknessLayers 0();
        kappaLayers     0();
        kappaMethod     solidThermo;
        kappa           none;
        alphaAni        Anialpha;
    }
}


// ************************************************************************* //
