/*--------------------------------*- C++ -*----------------------------------*\
| =========                 |                                                 |
| \\      /  F ield         | OpenFOAM: The Open Source CFD Toolbox           |
|  \\    /   O peration     | Version:  5.x                                   |
|   \\  /    A nd           | Web:      www.OpenFOAM.org                      |
|    \\/     M anipulation  |                                                 |
\*---------------------------------------------------------------------------*/
FoamFile
{
    version     2.0;
    format      ascii;
    class       labelList;
    location    "constant/tumor/polyMesh";
    object      cellRegionAddressing;
}
// * * * * * * * * * * * * * * * * * * * * * * * * * * * * * * * * * * * * * //


636
(
336037
336038
336039
336040
336041
336042
336043
336044
336045
336046
336047
336048
336049
336050
336051
336052
336053
336054
336055
336056
336057
336058
336059
336060
336061
336062
336063
336064
336065
336066
336067
336068
336069
336070
336071
336072
336073
336074
336075
336076
336077
336078
336079
336080
336081
336082
336083
336084
336085
336086
336087
336088
336089
336090
336091
336092
336093
336094
336095
336096
336097
336098
336099
336100
336101
336102
336103
336104
336105
336106
336107
336108
336109
336110
336111
336112
336113
336114
336115
336116
336117
336118
336119
336120
336121
336122
336123
336124
336125
336126
336127
336128
336129
336130
336131
336132
336133
336134
336135
336136
336137
336138
336139
336140
336141
336142
336143
336144
336145
336146
336147
336148
336149
336150
336151
336152
336153
336154
336155
336156
336157
336158
336159
336160
336161
336162
336163
336164
336165
336166
336167
336168
336169
336170
336171
336172
336173
336174
336175
336176
336177
336178
336179
336180
336181
336182
336183
336184
336185
336186
336187
336188
336189
336190
336191
336192
336193
336194
336195
336196
336197
336198
336199
336200
336201
336202
336203
336204
336205
336206
336207
336208
336209
336210
336211
336212
336213
336214
336215
336216
336217
336218
336219
336220
336221
336222
336223
336224
336225
336226
336227
336228
336229
336230
336231
336232
336233
336234
336235
336236
336237
336238
336239
336240
336241
336242
336243
336244
336245
336246
336247
336248
336249
336250
336251
336252
336253
336254
336255
336256
336257
336258
336259
336260
336261
336262
336263
336264
336265
336266
336267
336268
336269
336270
336271
336272
336273
336274
336275
336276
336277
336278
336279
336280
336281
336282
336283
336284
336285
336286
336287
336288
336289
336290
336291
336292
336293
336294
336295
336296
336297
336298
336299
336300
336301
336302
336303
336304
336305
336306
336307
336308
336309
336310
336311
336312
336313
336314
336315
336316
336317
336318
336319
336320
336321
336322
336323
336324
336325
336326
336327
336328
336329
336330
336331
336332
336333
336334
336335
336336
336337
336338
336339
336340
336341
336342
336343
336344
336345
336346
336347
336348
336349
336350
336351
336352
336353
336354
336355
336356
336357
336358
336359
336360
336361
336362
336363
336364
336365
336366
336367
336368
336369
336370
336371
336372
336373
336374
336375
336376
336377
336378
336379
336380
336381
336382
336383
336384
336385
336386
336387
336388
336389
336390
336391
336392
336393
336394
336395
336396
336397
336398
336399
336400
336401
336402
336403
336404
336405
336406
336407
336408
336409
336410
336411
336412
336413
336414
336415
336416
336417
336418
336419
336420
336421
336422
336423
336424
336425
336426
336427
336428
336429
336430
336431
336432
336433
336434
336435
336436
336437
336438
336439
336440
336441
336442
336443
336444
336445
336446
336447
336448
336449
336450
336451
336452
336453
336454
336455
336456
336457
336458
336459
336460
336461
336462
336463
336464
336465
336466
336467
336468
336469
336470
336471
336472
336473
336474
336475
336476
336477
336478
336479
336480
336481
336482
336483
336484
336485
336486
336487
336488
336489
336490
336491
336492
336493
336494
336495
336496
336497
336498
336499
336500
336501
336502
336503
336504
336505
336506
336507
336508
336509
336510
336511
336512
336513
336514
336515
336516
336517
336518
336519
336520
336521
336522
336523
336524
336525
336526
336527
336528
336529
336530
336531
336532
336533
336534
336535
336536
336537
336538
336539
336540
336541
336542
336543
336544
336545
336546
336547
336548
336549
336550
336551
336552
336553
336554
336555
336556
336557
336558
336559
336560
336561
336562
336563
336564
336565
336566
336567
336568
336569
336570
336571
336572
336573
336574
336575
336576
336577
336578
336579
336580
336581
336582
336583
336584
336585
336586
336587
336588
336589
336590
336591
336592
336593
336594
336595
336596
336597
336598
336599
336600
336601
336602
336603
336604
336605
336606
336607
336608
336609
336610
336611
336612
336613
336614
336615
336616
336617
336618
336619
336620
336621
336622
336623
336624
336625
336626
336627
336628
336629
336630
336631
336632
336633
336634
336635
336636
336637
336638
336639
336640
336641
336642
336643
336644
336645
336646
336647
336648
336649
336650
336651
336652
336653
336654
336655
336656
336657
336658
336659
336660
336661
336662
336663
336664
336665
336666
336667
336668
336669
336670
336671
336672
)


// ************************************************************************* //
