/*--------------------------------*- C++ -*----------------------------------*\
| =========                 |                                                 |
| \\      /  F ield         | OpenFOAM: The Open Source CFD Toolbox           |
|  \\    /   O peration     | Version:  5.x                                   |
|   \\  /    A nd           | Web:      www.OpenFOAM.org                      |
|    \\/     M anipulation  |                                                 |
\*---------------------------------------------------------------------------*/
FoamFile
{
    version     2.0;
    format      ascii;
    class       faceList;
    location    "constant/tumor/polyMesh";
    object      faces;
}
// * * * * * * * * * * * * * * * * * * * * * * * * * * * * * * * * * * * * * //


2805
(
5(981 1232 1233 980 473)
5(980 1234 979 76 473)
5(76 982 1235 981 473)
5(984 688 985 1237 1238)
6(986 1239 985 688 987 1236)
5(688 984 1240 983 987)
5(988 1241 989 689 509)
4(988 509 693 841)
4(689 989 842 474)
5(842 2 841 693 474)
4(693 509 689 474)
5(990 1242 991 691 510)
4(990 510 695 843)
4(691 991 844 475)
5(844 3 843 695 475)
4(695 510 691 475)
5(846 86 845 696 847)
4(696 845 1243 993)
6(992 1244 847 696 993 1245)
5(850 88 849 848 511)
4(850 511 994 1246)
6(994 511 848 1247 995 1248)
4(997 1249 996 476)
4(996 1250 998 476)
4(998 1251 997 476)
4(1089 512 705 513)
7(402 516 414 415 519 403 514)
7(411 544 412 548 415 414 545)
5(1183 243 686 1184 1495)
5(1089 1535 1184 686 512)
4(402 514 686 243)
4(403 512 686 514)
5(1183 1495 1184 701 244)
5(1089 513 701 1184 1535)
4(411 244 701 544)
4(412 544 701 513)
4(1183 244 702 243)
4(402 243 702 516)
4(411 545 702 244)
4(414 516 702 545)
4(403 519 705 512)
4(412 513 705 548)
4(415 548 705 519)
5(1089 512 247 1092 1337)
5(1089 1337 1092 248 513)
4(248 1092 247 477)
4(247 512 705 477)
4(705 513 248 477)
4(1001 706 999 1254)
4(999 706 1000 1252)
4(706 1001 1253 1000)
6(402 515 404 418 414 516)
6(42 523 417 418 404 522)
6(413 552 414 418 417 553)
5(1200 1542 1201 687 249)
4(402 249 687 515)
4(42 522 687 1201)
4(404 515 687 522)
4(1200 249 703 250)
4(402 516 703 249)
4(413 250 703 552)
4(414 552 703 516)
5(1200 250 709 1201 1542)
4(42 1201 709 523)
4(413 553 709 250)
4(417 523 709 553)
6(403 518 405 419 415 519)
5(404 418 419 405 524)
4(414 415 419 418)
4(402 515 690 514)
4(403 514 690 518)
4(404 524 690 515)
4(405 518 690 524)
4(889 520 710 521)
6(405 419 420 529 406 526)
6(415 555 416 557 420 419)
4(403 518 692 517)
4(889 517 692 520)
4(405 526 692 518)
4(406 520 692 526)
4(403 517 707 519)
4(889 521 707 517)
4(415 519 707 555)
4(416 555 707 521)
4(406 529 710 520)
4(416 521 710 557)
4(420 557 710 529)
6(889 520 1095 1347 1096 1345)
5(889 1345 1096 903 521)
5(903 1096 1347 1095 478)
4(1095 520 710 478)
4(710 521 903 478)
6(404 525 407 534 423 418)
4(1098 531 715 530)
6(417 418 423 567 422 560)
4(42 258 694 522)
4(404 522 694 525)
5(1098 530 694 258 44)
4(407 525 694 530)
4(42 523 713 258)
5(1098 44 258 713 531)
4(417 560 713 523)
4(422 531 713 560)
4(407 530 715 534)
4(422 567 715 531)
4(423 534 715 567)
5(405 527 408 424 419)
6(407 534 423 424 408 532)
4(418 419 424 423)
4(404 525 697 524)
4(405 524 697 527)
4(407 532 697 525)
4(408 527 697 532)
4(406 528 716 529)
6(408 424 425 538 409 535)
5(419 420 563 425 424)
4(405 527 698 526)
4(406 526 698 528)
4(408 535 698 527)
4(409 528 698 535)
4(409 538 716 528)
4(420 529 716 563)
4(425 563 716 538)
5(406 528 1097 1350 43)
4(406 43 711 529)
5(711 43 1350 1097 479)
4(1097 528 716 479)
4(716 529 711 479)
4(1098 895 892 530)
4(1098 531 944 895)
4(715 530 892 480)
4(892 895 944 480)
4(944 531 715 480)
6(408 536 410 542 427 424)
4(899 540 722 539)
6(423 424 427 577 426 570)
4(407 533 699 532)
4(408 532 699 536)
4(899 539 699 533)
4(410 536 699 539)
4(407 534 719 533)
4(899 533 719 540)
4(423 570 719 534)
4(426 540 719 570)
4(410 539 722 542)
4(426 577 722 540)
4(427 542 722 577)
4(409 537 723 538)
4(410 542 724 541)
6(424 425 572 428 580 427)
4(408 536 700 535)
4(409 535 700 537)
4(410 541 700 536)
4(1006 537 700 541)
4(1006 543 723 537)
4(425 538 723 572)
4(428 572 723 543)
4(1006 541 724 543)
4(427 580 724 542)
4(428 543 724 580)
4(409 537 896 907)
4(409 907 717 538)
4(717 907 896 481)
4(896 537 723 481)
4(723 538 717 481)
4(1002 720 1003 1255)
4(720 1002 851 1004)
4(852 1003 720 1004)
6(899 1353 1099 1352 958 539)
5(899 540 726 1099 1353)
4(722 539 958 482)
5(958 1352 1099 726 482)
4(726 540 722 482)
5(410 957 1356 1100 541)
4(410 542 728 957)
4(724 541 1100 483)
5(1100 1356 957 728 483)
4(728 542 724 483)
4(1006 119 1005 543)
5(1006 543 1008 1256 1007)
4(1008 543 1005 853)
4(1010 1258 855 484)
6(855 1257 1009 1259 854 484)
4(854 1260 1010 484)
4(961 733 856 1262)
6(1011 1261 856 733 962 1263)
4(733 961 1214 962)
7(411 545 414 435 595 431 546)
7(413 554 434 600 435 414 552)
4(1130 592 738 593)
4(1190 285 704 284)
4(411 284 704 545)
4(413 552 704 285)
4(414 545 704 552)
5(1190 284 732 1189 1504)
4(411 546 732 284)
5(1130 1570 1189 732 592)
4(431 592 732 546)
5(1190 1504 1189 737 285)
4(413 285 737 554)
5(1130 593 737 1189 1570)
4(434 554 737 593)
4(431 595 738 592)
4(434 593 738 600)
4(435 600 738 595)
6(412 548 415 436 432 549)
4(414 435 436 415)
6(431 594 432 436 435 595)
4(411 544 734 546)
4(412 549 734 544)
4(431 546 734 594)
4(432 594 734 549)
4(902 550 739 551)
6(415 436 437 558 416 555)
6(432 597 433 599 437 436)
4(412 548 708 547)
4(902 547 708 550)
4(415 555 708 548)
4(416 550 708 555)
4(412 547 736 549)
4(902 551 736 547)
4(432 549 736 597)
4(433 597 736 551)
4(416 558 739 550)
4(433 551 739 599)
4(437 599 739 558)
5(902 550 904 1103 286)
6(902 286 1103 1375 1116 551)
5(1116 1375 1103 904 485)
4(904 550 739 485)
4(739 551 1116 485)
5(1014 1264 1013 108 486)
5(108 1012 1267 1015 486)
5(1015 1266 1265 1014 486)
4(414 418 439 435)
5(417 561 438 439 418)
6(434 600 435 439 438 601)
4(413 554 742 553)
4(417 553 742 561)
4(434 601 742 554)
4(438 561 742 601)
4(415 419 440 436)
4(418 439 440 419)
4(435 436 440 439)
4(416 557 745 558)
5(419 440 441 564 420)
5(436 437 605 441 440)
4(420 564 745 557)
4(437 558 745 605)
4(441 605 745 564)
4(416 557 712 556)
4(416 556 740 558)
4(740 556 712 487)
4(712 557 745 487)
4(745 558 740 487)
5(1017 1268 1016 746 857)
6(1018 1272 857 746 1019 1269)
5(746 1016 1271 1270 1019)
4(1020 859 714 559)
5(1020 559 743 1021 1273)
4(743 559 714 488)
5(714 859 14 858 488)
4(858 1021 743 488)
4(418 423 444 439)
6(422 569 443 444 423 567)
5(438 439 444 443 609)
4(417 561 749 560)
4(422 560 749 569)
4(438 609 749 561)
4(443 569 749 609)
4(419 424 445 440)
4(423 444 445 424)
4(439 440 445 444)
4(420 563 833 564)
5(424 445 446 573 425)
5(440 441 612 446 445)
4(425 573 833 563)
4(441 564 833 612)
4(446 612 833 573)
4(420 563 718 562)
4(420 562 747 564)
4(747 562 718 831)
4(718 563 833 831)
4(833 564 747 831)
4(421 565 860 1023)
5(421 1023 1274 1022 566)
5(860 565 752 861 15)
4(752 566 1022 861)
4(421 566 752 565)
5(863 862 750 864 144)
6(750 862 1275 1024 1277 1025)
4(864 750 1025 1276)
6(423 570 426 579 449 444)
4(911 576 756 575)
6(443 444 449 623 448 617)
4(422 568 721 567)
4(423 567 721 570)
4(911 575 721 568)
4(426 570 721 575)
4(422 569 755 568)
4(911 568 755 576)
4(443 617 755 569)
4(448 576 755 617)
4(426 575 756 579)
4(448 623 756 576)
4(449 579 756 623)
4(424 427 450 445)
6(426 579 449 450 427 577)
4(444 445 450 449)
4(425 572 757 573)
6(427 450 451 584 428 580)
5(445 446 620 451 450)
4(428 584 757 572)
4(446 573 757 620)
4(451 620 757 584)
4(425 572 725 571)
4(753 571 725 489)
4(725 572 757 489)
4(757 573 753 489)
4(425 571 753 573)
5(866 865 146 838 574)
6(866 574 964 1278 1026 120)
4(964 574 838 1219)
5(911 1390 1124 727 575)
6(911 576 1123 1389 1124 1390)
4(756 575 727 490)
5(727 1124 1389 1123 490)
4(1123 576 756 490)
6(427 581 430 589 453 450)
4(429 586 762 585)
6(449 450 453 630 452 625)
4(426 578 729 577)
4(427 577 729 581)
4(429 585 729 578)
4(430 581 729 585)
4(426 579 760 578)
4(429 578 760 586)
4(449 625 760 579)
4(452 586 760 625)
4(430 585 762 589)
4(452 630 762 586)
4(453 589 762 630)
4(428 583 763 584)
4(430 589 764 587)
6(450 451 628 965 633 453)
4(427 581 730 580)
4(428 580 730 583)
4(430 587 730 581)
4(1115 583 730 587)
5(1115 1394 968 763 583)
4(451 584 763 628)
5(965 628 763 968 1221)
5(1115 587 764 968 1394)
4(453 633 764 589)
5(965 1221 968 764 633)
4(428 583 1109 582)
4(428 582 758 584)
5(758 582 1109 1392 967)
5(1109 583 763 967 1392)
4(763 584 758 967)
4(429 1208 731 585)
4(429 586 765 1208)
4(762 585 731 491)
4(731 1208 765 491)
4(765 586 762 491)
4(430 588 1113 587)
4(430 589 766 588)
4(764 587 1113 492)
4(1113 588 766 492)
4(766 589 764 492)
6(1029 1280 1028 1281 1027 590)
4(1029 590 1030 867)
4(1030 590 1027 1279)
4(868 735 1031 1285)
4(1031 735 1032 1282)
6(735 868 1283 1033 1284 1032)
4(960 591 959 1215)
4(960 1286 1035 591)
6(959 591 1035 1288 1034 1287)
5(1130 592 338 1129 1408)
5(1130 1408 1129 339 593)
4(338 592 738 493)
4(738 593 339 493)
4(339 1129 338 493)
6(432 436 457 639 455 598)
6(435 603 456 643 457 436)
4(921 637 774 638)
4(431 594 769 596)
4(432 598 769 594)
4(921 596 769 637)
4(455 637 769 598)
4(431 596 771 595)
4(435 595 771 603)
4(921 638 771 596)
4(456 603 771 638)
4(455 639 774 637)
4(456 638 774 643)
4(457 643 774 639)
4(433 599 775 1134)
6(436 457 646 458 606 437)
4(455 1157 776 639)
4(432 597 770 598)
4(433 1134 770 597)
4(455 598 770 1157)
6(1066 1452 1157 770 1134 1421)
4(437 606 775 599)
5(1066 1421 1134 775 640)
4(458 640 775 606)
5(1066 640 776 1157 1452)
4(457 639 776 646)
4(458 646 776 640)
4(433 599 741 1118)
6(433 1118 1411 1133 1412 1134)
5(1133 1411 1118 741 1138)
4(741 599 775 1138)
5(775 1134 1412 1133 1138)
5(1040 744 1036 1289 1290)
5(1037 1291 1036 744 1038)
6(744 1040 1292 1039 1293 1038)
6(435 439 460 644 456 603)
6(438 610 459 650 460 439)
4(925 641 780 642)
4(434 600 772 602)
4(435 603 772 600)
4(925 602 772 641)
4(456 641 772 603)
4(434 602 778 601)
4(438 601 778 610)
4(925 642 778 602)
4(459 610 778 642)
4(456 644 780 641)
4(459 642 780 650)
4(460 650 780 644)
5(436 440 461 647 457)
5(439 460 652 461 440)
4(456 643 781 644)
4(457 647 781 643)
4(460 644 781 652)
4(461 652 781 647)
4(437 605 782 606)
6(440 461 655 462 613 441)
4(457 646 783 647)
4(441 613 782 605)
4(458 606 782 649)
4(462 649 782 613)
4(458 649 783 646)
4(461 647 783 655)
4(462 655 783 649)
4(437 605 748 604)
4(437 604 777 606)
4(777 604 748 494)
4(748 605 782 494)
4(782 606 777 494)
5(1043 607 1044 1295 1294)
5(1043 1296 1042 1041 607)
6(1044 607 1041 1298 1045 1297)
4(1046 870 751 608)
5(1046 608 779 1047 1299)
4(779 608 751 495)
5(751 870 24 869 495)
4(869 1047 779 495)
5(439 444 464 653 460)
6(443 618 463 661 464 444)
4(459 650 787 651)
4(438 610 786 609)
4(443 609 786 618)
4(459 651 786 610)
4(463 618 786 651)
4(460 653 787 650)
4(463 651 787 661)
4(464 661 787 653)
5(440 445 465 656 461)
5(444 464 663 465 445)
4(460 652 834 653)
4(461 656 834 652)
4(464 653 834 663)
4(465 663 834 656)
4(441 612 788 613)
6(445 465 666 466 621 446)
4(461 655 789 656)
4(446 621 788 612)
4(462 613 788 659)
4(466 659 788 621)
4(462 659 789 655)
4(465 656 789 666)
4(466 666 789 659)
4(441 611 784 613)
4(784 611 754 496)
4(754 612 788 496)
4(788 613 784 496)
4(441 612 754 611)
4(442 614 871 1049)
5(442 1049 1300 1048 615)
4(442 615 790 614)
5(871 614 790 872 25)
4(790 615 1048 872)
4(873 1301 1051 616)
5(873 616 875 874 176)
6(875 616 1051 1302 1050 1303)
6(444 449 626 467 664 464)
4(448 624 794 623)
4(463 661 795 662)
4(443 618 793 617)
4(448 617 793 624)
4(463 662 793 618)
4(1069 624 793 662)
4(449 623 794 626)
4(1069 672 794 624)
4(467 626 794 672)
4(464 664 795 661)
4(1069 662 795 672)
4(467 672 795 664)
5(445 450 468 667 465)
6(449 626 467 673 468 450)
4(464 663 796 664)
4(465 667 796 663)
4(467 664 796 673)
4(468 673 796 667)
4(446 620 797 621)
6(450 468 676 469 629 451)
4(465 666 798 667)
4(451 629 797 620)
4(466 621 797 670)
4(469 670 797 629)
4(466 670 798 666)
4(468 667 798 676)
4(469 676 798 670)
4(446 620 759 619)
4(446 619 791 621)
4(791 619 759 497)
4(759 620 797 497)
4(797 621 791 497)
4(447 963 1220 837)
5(447 837 178 876 622)
5(447 622 1052 1304 963)
4(1052 622 876 1305)
4(448 1143 761 623)
5(448 624 1142 1430 1143)
4(794 623 761 498)
5(761 1143 1430 1142 498)
4(1142 624 794 498)
6(450 453 635 971 677 468)
4(452 632 802 630)
4(467 673 803 674)
4(449 626 801 625)
4(452 625 801 632)
4(467 674 801 626)
4(1146 632 801 674)
4(453 630 802 635)
5(1146 1524 974 802 632)
5(971 635 802 974 1226)
4(468 677 803 673)
5(1146 674 803 974 1524)
5(971 1226 974 803 677)
4(451 628 804 629)
4(453 635 805 633)
4(468 676 806 677)
5(965 1520 1145 804 628)
4(469 629 804 1071)
4(65 1071 804 1145)
5(965 633 805 1145 1520)
5(971 1482 1152 805 635)
4(65 1145 805 1152)
4(469 1071 806 676)
5(971 677 806 1152 1482)
4(65 1152 806 1071)
4(451 628 966 627)
4(451 627 799 629)
5(799 627 966 1518 1144)
5(966 628 804 1144 1518)
4(804 629 799 1144)
4(452 631 767 630)
4(452 632 1148 631)
4(802 630 767 499)
4(767 631 1148 499)
4(1148 632 802 499)
4(453 634 768 633)
4(453 635 807 634)
4(805 633 768 1151)
4(768 634 807 1151)
4(807 635 805 1151)
4(1054 877 1053 636)
6(1054 636 1056 1306 1055 1308)
4(1056 636 1053 1307)
4(454 1059 1309 1058)
6(454 1058 1310 1057 1311 1060)
4(454 1060 1312 1059)
4(1062 773 1063 1314)
4(1063 773 1061 1313)
4(773 1062 1315 1061)
6(921 637 1153 1443 1154 340)
5(921 340 1154 923 638)
4(1153 637 774 500)
4(774 638 923 500)
5(923 1154 1443 1153 500)
6(455 1157 1444 1158 1445 1159)
4(455 1159 808 639)
5(1158 1444 1157 776 1164)
4(776 639 808 1164)
5(808 1159 1445 1158 1164)
4(1066 640 1064 1316)
4(1066 1317 1065 640)
4(1064 640 1065 1318)
5(925 641 954 1170 1462)
6(925 1462 1170 1463 1168 642)
4(954 641 780 501)
4(780 642 1168 501)
5(1168 1463 1170 954 501)
4(456 643 809 645)
4(456 645 811 644)
4(809 643 781 502)
4(781 644 811 502)
4(811 645 809 502)
4(457 646 810 648)
4(457 648 813 647)
4(810 646 783 503)
4(783 647 813 503)
4(813 648 810 503)
4(458 649 785 1140)
6(458 1140 1459 1166 1458 1167)
4(458 1167 816 649)
6(1166 1459 1140 785 1176 1473)
4(785 649 816 1176)
6(816 1167 1458 1166 1473 1176)
4(459 650 812 68)
5(459 68 1522 1196 651)
4(812 650 787 504)
4(787 651 1196 504)
5(1196 1522 68 812 504)
4(460 652 814 654)
4(460 654 818 653)
4(814 652 834 832)
4(834 653 818 832)
4(818 654 814 832)
4(461 655 817 657)
4(817 655 789 505)
4(789 656 820 505)
4(820 657 817 505)
4(461 657 820 656)
4(462 659 792 658)
4(462 658 926 660)
4(462 660 823 659)
4(926 658 792 929)
4(792 659 823 929)
4(823 660 926 929)
4(463 661 819 952)
4(463 952 935 662)
4(819 661 795 506)
4(795 662 935 506)
4(935 952 819 506)
4(464 665 826 664)
4(821 663 796 507)
4(796 664 826 507)
4(826 665 821 507)
4(464 663 821 665)
4(465 666 824 668)
4(465 668 827 667)
4(824 666 798 508)
4(798 667 827 508)
4(827 668 824 508)
4(466 670 800 669)
4(466 669 928 671)
4(466 671 829 670)
4(928 669 800 938)
4(800 670 829 938)
4(829 671 928 938)
5(1069 1068 1319 1067 672)
4(1069 672 1070 210)
4(1070 672 1067 878)
4(467 673 828 675)
4(467 675 1177 674)
4(828 673 803 977)
5(803 674 1177 1478 977)
5(1177 675 828 977 1478)
4(468 676 830 678)
4(468 678 978 677)
4(830 676 806 1178)
5(806 677 978 1483 1178)
5(978 678 830 1178 1483)
4(469 1071 187 1073)
4(469 1073 213 1072)
4(469 1072 218 1071)
5(1074 879 815 1075 1320)
5(1075 815 1076 1323 1324)
6(815 879 1321 1077 1322 1076)
5(1078 679 1080 1079 1325)
5(1078 1328 1327 1082 679)
6(1080 679 1082 1326 1081 1329)
5(470 680 1084 1330 1083)
4(470 1083 880 681)
4(1084 680 822 881)
5(822 681 880 36 881)
4(470 681 822 680)
4(471 683 825 682)
5(471 682 1086 1331 1085)
4(471 1085 882 683)
4(1086 682 825 883)
5(825 683 882 37 883)
6(884 233 1087 1332 975 684)
5(884 684 886 230 885)
4(886 684 975 1333)
5(472 976 1334 1088 685)
5(472 685 888 232 887)
4(472 887 1335 976)
4(888 685 1088 1336)
5(402 243 1197 1538 982)
5(402 982 1539 1199 249)
4(402 249 996 243)
4(686 1184 1533 1198)
5(686 1198 1534 1197 243)
5(686 512 1090 1536 1198)
4(1089 1338 1090 512)
4(686 1198 981 514)
5(402 514 981 1235 982)
4(403 512 1090 984)
5(403 984 1528 981 514)
5(247 1091 1339 1090 512)
5(247 1091 1543 983 517)
5(403 517 983 1240 984)
4(403 512 247 517)
4(889 890 983 517)
4(889 517 247 999)
5(1180 1547 1202 76 509)
5(988 509 76 979 1530)
4(988 1493 1180 509)
5(687 249 1199 1540 1202)
4(687 1202 1541 1201)
4(687 515 76 1202)
4(402 982 76 515)
5(687 1202 1547 1180 522)
4(42 522 1180 1494)
4(404 515 76 509)
4(404 509 1180 522)
5(688 985 1527 980 473)
5(688 473 981 1528 984)
5(689 473 980 1529 989)
4(689 509 76 473)
4(689 473 688 510)
5(990 510 688 985 1531)
5(990 1532 989 689 510)
4(690 514 981 473)
4(690 473 76 515)
4(690 518 688 473)
4(403 984 688 518)
4(690 473 689 524)
4(404 524 689 509)
4(405 518 688 510)
4(405 510 689 524)
6(691 987 1236 986 1342 991)
4(691 510 688 987)
6(691 987 1343 1094 1340 1093)
4(991 691 1093 1341)
4(692 517 983 987)
4(692 987 688 518)
5(692 520 1094 1343 987)
5(889 890 1346 1094 520)
4(692 987 691 526)
4(405 526 691 510)
5(406 520 1094 1340 1093)
4(406 1093 691 526)
4(1095 1344 1094 520)
4(406 43 1348 1093)
4(406 520 1095 43)
4(693 841 83 940)
4(693 940 1180 509)
4(894 940 693 847)
4(846 847 693 841)
4(694 522 1180 940)
4(694 940 84 258)
4(694 525 693 940)
4(404 509 693 525)
4(694 940 894 530)
4(1098 530 894 263)
4(407 525 693 847)
4(407 847 894 530)
5(695 843 85 842 474)
4(695 474 689 510)
4(696 474 842 845)
4(696 847 693 474)
4(696 474 695 511)
4(850 511 695 843)
5(850 241 845 696 511)
4(697 524 689 474)
4(697 474 693 525)
4(697 527 695 474)
4(405 510 695 527)
4(697 474 696 532)
4(407 532 696 847)
4(408 527 695 511)
4(408 511 696 532)
4(891 87 844 475)
4(891 475 691 1093)
4(848 475 844 849)
4(848 511 695 475)
4(848 475 891 941)
4(698 526 691 475)
4(698 475 695 527)
4(698 528 891 475)
4(406 1093 891 528)
4(698 475 848 535)
4(408 535 848 511)
4(409 528 891 941)
4(409 941 848 535)
4(1097 1349 891 528)
4(409 907 266 941)
4(409 528 1097 907)
4(892 530 894 893)
5(892 533 992 265 893)
5(407 847 1244 992 533)
4(407 533 892 530)
4(899 533 992 898)
5(899 1002 1552 892 533)
5(994 1351 993 696 511)
4(699 532 696 993)
5(699 993 1245 992 533)
5(699 536 994 1351 993)
4(408 511 994 536)
4(699 993 897 539)
5(899 539 897 271 898)
4(410 536 994 901)
5(410 901 46 897 539)
5(700 535 848 1247 995)
5(700 995 1248 994 536)
4(700 537 267 995)
4(409 941 267 537)
4(700 995 900 541)
5(410 541 900 273 901)
4(1006 537 267 47)
4(1006 47 900 541)
4(896 94 267 537)
4(1006 537 896 119)
4(958 539 897 1354)
4(410 901 1357 957)
5(410 957 1212 958 539)
4(1100 541 900 1355)
5(1006 1007 1358 1100 541)
5(411 1009 1556 1182 244)
4(411 244 997 284)
5(411 284 1187 1557 1009)
4(701 1181 1496 1184)
5(701 244 1182 1497 1181)
5(701 1181 1537 1185 513)
4(1089 513 1185 1498)
4(855 1181 701 544)
5(411 1009 1257 855 544)
4(412 856 1185 513)
5(412 544 855 282 856)
5(248 513 1185 1499 1102)
5(1011 1359 1102 248 547)
4(412 547 248 513)
5(412 856 1261 1011 547)
4(902 1001 248 547)
5(902 547 1011 1360 1101)
4(413 285 998 250)
5(413 250 1206 1559 1013)
5(413 1013 1560 1207 285)
4(702 243 996 476)
4(702 476 997 244)
4(703 476 996 249)
4(703 250 998 476)
4(703 476 702 516)
4(704 284 997 476)
4(704 476 998 285)
4(704 545 702 476)
4(704 476 703 552)
4(706 999 247 477)
4(706 477 248 1001)
4(707 477 247 517)
4(707 519 705 477)
4(707 477 706 521)
4(889 521 706 999)
4(708 547 248 477)
4(708 477 705 548)
4(708 550 706 477)
4(902 1001 706 550)
4(708 477 707 555)
4(416 550 706 521)
4(903 521 706 1000)
4(904 1000 706 550)
4(904 1000 903 556)
4(416 556 903 521)
4(416 550 904 556)
6(1017 1362 1104 1549 903 556)
6(1017 556 904 1507 1121 1381)
4(709 1201 1545 1203)
5(709 1203 1558 1206 250)
5(1204 1546 1203 709 523)
4(42 1544 1204 523)
4(108 553 709 1203)
4(413 553 108 1013)
5(108 1203 1546 1204 559)
4(1020 559 1204 1561)
5(1020 1562 1012 108 559)
4(417 523 1204 559)
4(417 559 108 553)
4(1105 1548 1095 478)
6(1105 478 903 1549 1104 1361)
4(711 478 1095 43)
4(711 529 710 478)
5(711 478 1105 1551 1106)
4(43 711 1106 1550)
4(712 556 903 478)
4(712 478 710 557)
4(712 857 1105 478)
4(1017 857 712 556)
4(712 478 711 562)
4(420 562 711 529)
4(420 557 712 562)
5(421 857 1105 1551 1106)
4(421 1106 711 562)
4(421 562 712 857)
4(421 1023 1363 1106)
6(421 857 1272 1018 1385 1023)
4(713 258 111 953)
4(713 953 1204 523)
4(942 953 713 531)
4(1098 264 942 531)
4(714 559 1204 953)
4(714 953 112 859)
4(714 560 713 953)
4(417 560 714 559)
4(714 953 942 862)
4(863 859 714 862)
4(422 531 942 862)
4(422 862 714 560)
4(906 113 1097 479)
4(906 479 711 1106)
4(717 479 1097 907)
4(717 538 716 479)
4(717 479 906 905)
4(907 717 905 268)
4(718 562 711 479)
4(718 479 716 563)
4(718 565 906 479)
4(421 1106 906 565)
4(421 565 718 562)
4(718 479 717 571)
4(425 571 717 538)
4(425 563 718 571)
4(866 565 906 905)
4(866 905 717 571)
4(866 571 718 565)
4(860 114 906 565)
4(866 565 860 865)
4(944 943 942 531)
5(1024 568 944 943 295)
4(422 531 944 568)
5(422 568 1024 1275 862)
5(911 568 944 1553 1003)
4(911 912 1024 568)
4(719 533 892 480)
4(719 480 715 534)
5(720 480 892 1552 1002)
5(720 1003 1553 944 480)
4(720 480 719 540)
4(899 1002 720 540)
4(721 567 715 480)
4(721 480 944 568)
4(721 570 719 480)
4(721 480 720 575)
4(911 575 720 1003)
4(426 540 720 575)
4(909 118 896 481)
4(909 481 717 905)
4(1005 481 896 119)
4(1005 543 723 481)
4(1005 481 909 908)
4(725 571 717 481)
4(725 481 723 572)
5(725 1026 297 909 481)
5(866 120 1026 725 571)
4(725 481 1005 582)
4(428 582 1005 543)
4(428 572 725 582)
5(910 1364 908 1005 582)
4(910 582 725 1026)
5(726 1099 1554 851 1004)
4(726 1004 720 540)
5(1205 1004 726 1186 1555)
4(1186 726 1099 1501)
4(727 575 720 1004)
5(727 1004 852 1563 1124)
4(727 578 726 1004)
4(426 540 726 578)
4(426 578 727 575)
5(727 1004 1205 1564 1192)
4(1124 727 1192 1510)
4(429 578 726 1186)
6(429 1186 1555 1205 1564 1192)
4(429 1192 727 578)
5(728 957 1212 958 482)
4(728 482 722 542)
4(955 482 958 1210)
5(955 1500 1186 726 482)
5(955 482 728 956 1213)
4(956 728 957 1211)
4(729 577 722 482)
4(729 482 726 578)
4(729 581 728 482)
4(427 542 728 581)
4(729 482 955 585)
5(429 585 955 1500 1186)
4(430 581 728 956)
5(430 956 1213 955 585)
6(1008 1256 1007 1358 1100 483)
4(1008 483 724 543)
4(1108 483 1100 1366)
5(1108 1503 956 728 483)
5(1108 483 1008 1107 1365)
4(730 580 724 483)
4(730 483 728 581)
4(730 583 1008 483)
4(428 543 1008 583)
4(730 483 1108 587)
5(430 587 1108 1503 956)
5(1115 583 1008 1107 1373)
6(1115 1373 1107 1365 1108 587)
5(1109 582 1005 853 126)
5(1109 126 853 1008 583)
4(910 1367 1109 582)
4(1115 583 1109 1395)
4(429 1186 945 1208)
4(429 1208 946 1192)
4(731 585 955 1111)
5(731 1111 1502 945 1208)
5(731 588 1110 1370 1111)
4(430 956 1110 588)
4(430 588 731 585)
4(731 1111 1368 1112)
5(1193 1208 731 1112 1516)
4(1029 588 1110 1369)
5(1029 1371 1112 731 588)
4(1113 587 1108 305)
4(1113 305 1110 588)
5(1115 1372 1114 1113 587)
5(1029 588 1113 1028 1280)
5(732 1188 1506 1187 284)
4(732 1189 1505 1188)
4(732 1188 854 546)
5(411 546 854 1259 1009)
5(1131 1571 1188 732 592)
4(1130 1409 1131 592)
5(431 868 309 854 546)
4(431 592 1131 868)
5(733 856 282 855 484)
5(733 484 1010 1565 961)
4(734 484 855 544)
4(734 546 854 484)
4(734 484 733 549)
4(412 549 733 856)
5(735 1031 1567 1010 484)
5(735 484 854 309 868)
4(735 591 733 484)
5(960 1216 961 733 591)
5(960 591 735 1031 1566)
4(735 484 734 594)
4(431 868 735 594)
4(432 591 733 549)
4(432 594 735 591)
5(736 962 1263 1011 547)
4(736 549 733 962)
5(736 962 1572 1117 551)
5(902 551 1117 1376 1101)
5(959 1217 962 733 591)
5(959 1217 962 736 597)
4(432 591 959 597)
5(433 1119 1379 1117 551)
5(433 597 959 1587 1119)
4(1116 551 1117 1374)
5(433 1118 1378 1116 551)
4(433 1119 1377 1118)
5(737 285 1207 1568 1209)
4(737 1209 1569 1189)
4(1014 1209 737 554)
5(413 1013 1264 1014 554)
5(1136 593 737 1209 1573)
4(1130 593 1136 1414)
5(434 554 1014 1574 1036)
4(434 1036 1136 593)
6(1120 1380 1121 1507 904 485)
4(1120 485 1116 1508)
4(740 485 904 556)
4(740 558 739 485)
4(740 485 1120 1016)
5(1017 556 740 1016 1268)
5(741 1118 1378 1116 485)
4(741 485 739 599)
5(741 1122 1383 1120 485)
4(1122 741 1118 1418)
4(741 485 740 604)
4(437 604 740 558)
4(437 599 741 604)
5(1043 1382 1016 740 604)
4(1043 604 741 1122)
4(742 553 108 486)
4(742 486 1014 554)
4(743 486 108 559)
5(743 1021 1576 1015 486)
4(743 486 742 561)
4(417 559 743 561)
5(744 1036 1574 1014 486)
5(744 486 1015 1575 1040)
4(744 601 742 486)
4(434 601 744 1036)
4(744 486 743 608)
5(1046 608 743 1021 1577)
5(1046 1578 1040 744 608)
4(438 561 743 608)
4(438 608 744 601)
4(746 857 712 487)
4(746 487 740 1016)
4(747 487 712 562)
4(747 564 745 487)
4(747 487 746 566)
4(421 566 746 857)
4(421 562 747 566)
4(748 604 740 487)
4(748 487 745 605)
4(748 607 746 487)
5(1043 1382 1016 746 607)
4(1043 607 748 604)
4(748 487 747 611)
4(441 605 748 611)
4(441 611 747 564)
4(442 607 746 566)
4(442 611 748 607)
4(442 566 747 611)
5(1022 566 746 1019 1384)
5(1044 1386 1019 746 607)
5(442 1049 1387 1022 566)
5(442 607 1044 1388 1049)
4(749 560 714 488)
4(749 488 743 561)
4(750 488 714 862)
4(750 864 858 488)
4(750 488 749 569)
4(422 862 750 569)
4(751 608 743 488)
5(751 488 858 145 870)
4(751 609 749 488)
4(438 609 751 608)
4(751 488 750 616)
5(873 616 750 864 323)
4(873 870 751 616)
4(443 569 750 616)
4(443 616 751 609)
4(838 574 752 861)
4(866 565 752 574)
5(871 147 861 752 614)
4(442 614 752 566)
5(447 837 324 838 574)
4(447 614 871 837)
4(447 574 752 614)
5(755 568 1024 1277 1025)
4(755 1025 750 569)
4(913 1025 755 576)
5(911 912 299 913 576)
5(1051 616 750 1025 1579)
5(1051 617 755 1025 1579)
4(443 617 1051 616)
5(448 576 913 56 919)
4(448 919 1051 617)
5(964 1278 1026 725 489)
4(964 489 753 574)
4(866 574 753 571)
4(758 489 725 582)
4(758 584 757 489)
4(758 489 964 836)
5(910 582 758 836 301)
4(759 619 753 489)
4(759 489 757 620)
4(446 573 753 619)
5(759 963 1218 964 489)
5(447 574 964 1218 963)
4(447 963 759 619)
4(447 619 753 574)
4(759 489 758 627)
4(451 627 758 584)
4(451 620 759 627)
5(835 57 836 758 627)
4(835 627 759 963)
4(1123 1391 913 576)
5(448 576 1123 1580 1143)
4(448 1143 1429 919)
4(760 578 727 490)
4(760 490 756 579)
5(1191 490 727 1192 1509)
4(1191 1511 1123 490)
4(1191 490 760 586)
5(429 1192 1509 1191 586)
4(761 623 756 490)
5(761 490 1123 1580 1143)
4(761 625 760 490)
4(449 625 761 623)
5(761 490 1191 1582 1195)
4(1143 761 1195 1581)
5(452 586 1191 1582 1195)
4(452 1195 761 625)
4(967 758 836 1393)
4(968 763 967 1222)
5(966 627 758 967 1223)
5(966 1223 967 763 628)
4(835 1396 966 627)
4(965 628 966 1224)
5(765 1208 946 1512 1126)
4(765 1126 1191 586)
4(1126 765 1125 1397)
5(1193 1517 1125 765 1208)
5(1127 631 765 1126 1399)
4(452 586 765 631)
4(452 631 1127 1195)
5(1054 631 765 1125 1400)
4(1054 1398 1127 631)
4(766 588 731 491)
4(766 491 762 589)
5(1194 491 731 1112 1514)
5(1194 1515 1125 765 491)
4(1194 491 766 590)
4(1029 590 766 588)
6(1029 1371 1112 1514 1194 590)
4(767 630 762 491)
4(767 491 765 631)
4(767 634 766 491)
4(453 589 766 634)
4(453 634 767 630)
4(767 491 1194 636)
6(1054 636 1194 1515 1125 1400)
4(1054 631 767 636)
4(454 634 766 590)
4(454 590 1194 636)
4(454 636 767 634)
5(969 1513 1114 1113 492)
4(969 492 764 968)
5(1027 492 1113 1028 1281)
4(1027 590 766 492)
4(1027 492 969 1403)
4(768 633 764 492)
4(768 492 766 634)
5(768 970 1225 969 492)
4(965 970 768 633)
5(768 492 1027 1401 1058)
5(454 1058 1401 1027 590)
4(454 634 768 1058)
4(1058 768 970 1402)
5(1030 1406 1128 1194 590)
5(1053 636 1194 1128 1407)
5(454 590 1030 1404 1059)
5(454 1059 1405 1053 636)
5(338 1132 1410 1131 592)
5(338 1132 1584 1033 596)
5(431 596 1033 1283 868)
4(431 592 338 596)
5(921 1155 1585 1033 596)
4(921 596 338 1063)
5(1035 591 735 1032 1583)
4(769 1032 735 594)
5(769 596 1033 1284 1032)
5(769 1032 1583 1035 598)
4(432 598 1035 591)
5(1156 1586 1032 769 637)
5(921 1155 1441 1156 637)
5(455 1160 1588 1035 598)
5(455 637 1156 1594 1160)
5(770 1034 1287 959 597)
5(770 598 1035 1288 1034)
4(770 1034 914 1134)
5(433 1134 914 1413 1119)
4(922 1034 770 1157)
5(455 1160 1446 922 1157)
5(339 593 1136 1415 1135)
5(1037 1589 1135 339 602)
4(434 602 339 593)
5(434 1036 1291 1037 602)
4(925 1062 339 602)
4(925 602 1037 924)
4(771 595 738 493)
4(771 493 338 596)
4(772 493 738 600)
4(772 602 339 493)
4(772 493 771 603)
4(773 1063 338 493)
4(773 493 339 1062)
4(773 638 771 493)
4(921 638 773 1063)
4(773 493 772 641)
4(925 1062 773 641)
4(456 641 773 638)
6(1137 1416 1122 741 1138 1417)
4(777 1138 741 604)
4(777 606 775 1138)
6(777 1138 1417 1137 1419 1042)
5(1043 604 777 1042 1296)
5(1064 1420 1138 775 640)
5(1064 1420 1138 777 1140)
4(458 1140 777 606)
4(458 640 1064 1140)
6(1139 1422 1042 777 1140 1423)
4(778 601 744 1038)
4(778 1038 1037 602)
4(779 1038 744 608)
6(779 1047 1590 1039 1293 1038)
4(779 1038 778 610)
4(438 608 779 610)
5(1169 642 778 1038 1591)
5(925 642 1169 1461 924)
6(1169 1591 1038 779 1171 1465)
4(1171 779 1047 1521)
4(459 610 779 1171)
5(459 1171 1465 1169 642)
4(1041 607 748 494)
4(1041 494 777 1042)
4(784 494 748 611)
4(784 613 782 494)
4(784 494 1041 615)
4(442 615 1041 607)
4(442 611 784 615)
4(785 1140 777 494)
4(785 494 782 649)
5(785 1141 1425 1041 494)
6(1139 1424 1141 785 1140 1423)
4(785 494 784 658)
4(462 658 784 613)
4(462 649 785 658)
5(916 1141 1425 1041 615)
4(916 615 784 658)
4(916 658 785 1141)
6(1048 615 1041 1298 1045 1426)
4(916 1427 1048 615)
4(786 609 751 495)
4(786 495 779 610)
4(875 495 751 616)
4(875 874 869 495)
4(875 495 786 618)
4(443 616 875 618)
4(949 1171 779 495)
4(949 495 869 177)
4(949 651 786 495)
4(459 651 949 1171)
4(949 495 875 951)
4(463 618 875 951)
4(463 951 949 651)
4(790 614 754 496)
4(790 496 784 615)
4(442 611 754 614)
4(791 496 754 619)
4(791 621 788 496)
4(446 619 754 612)
4(791 496 790 622)
4(447 622 790 614)
4(447 619 791 622)
4(447 614 754 619)
4(792 658 784 496)
4(792 496 788 659)
4(792 915 790 496)
4(916 615 790 915)
4(916 915 792 658)
4(792 496 791 669)
4(466 669 791 621)
4(466 659 792 669)
4(917 915 790 622)
4(917 622 791 669)
4(917 669 792 915)
4(876 622 790 872)
4(872 790 915 179)
4(917 357 876 622)
5(793 617 1051 1302 1050)
5(793 1050 1303 875 618)
4(920 1050 793 624)
5(448 919 326 920 624)
5(950 662 793 1050 355)
4(463 662 950 951)
4(1069 624 920 62)
4(1069 62 950 662)
5(1052 1304 963 759 497)
4(1052 497 791 622)
4(799 497 759 627)
4(799 629 797 497)
4(799 497 1052 918)
5(835 627 799 918 328)
4(800 669 791 497)
4(800 497 797 670)
4(800 358 1052 497)
4(917 622 1052 358)
4(917 358 800 669)
4(800 497 799 1073)
4(469 1073 799 629)
4(469 670 800 1073)
4(63 918 799 1073)
4(63 1073 800 358)
4(1142 1428 920 624)
5(1069 624 1142 1431 1068)
4(801 625 761 498)
4(801 498 794 626)
5(1149 498 761 1195 1519)
4(1149 1592 1142 498)
4(1149 498 801 632)
5(452 1195 1519 1149 632)
4(1067 672 794 498)
6(1067 498 1142 1431 1068 1319)
4(1067 674 801 498)
4(467 674 1067 672)
5(1067 498 1149 1436 1150)
6(1146 632 1149 1436 1150 1434)
5(1146 1434 1150 1067 674)
4(1144 799 918 1432)
4(1145 804 1144 1433)
4(187 1073 799 1144)
4(187 1144 804 1071)
4(1148 631 1127 331)
4(1148 331 1149 632)
5(1054 1308 1055 1148 631)
5(1146 632 1148 1147 1435)
4(807 634 767 499)
4(807 499 802 635)
4(1056 499 767 636)
5(1056 1306 1055 1148 499)
5(1056 499 807 1060 1440)
4(454 1060 807 634)
5(454 636 1056 1440 1060)
4(973 974 802 499)
5(973 499 1148 1147 1438)
5(973 1227 972 807 499)
4(971 635 807 972)
4(973 499 1056 1437)
4(972 807 1060 1439)
4(335 970 768 1151)
4(335 1151 805 1145)
5(1057 1151 768 1058 1310)
5(1057 1311 1060 807 1151)
4(367 1152 805 1151)
4(367 1151 807 972)
4(1153 1442 1156 637)
4(455 1159 1447 1160)
5(455 637 1153 1593 1159)
4(923 638 773 1061)
4(954 1061 773 641)
4(954 1061 923 645)
4(456 645 923 638)
4(456 641 954 645)
6(1074 1449 1161 1596 923 645)
6(1074 645 954 1597 1173 1466)
4(808 639 774 500)
5(808 500 1153 1593 1159)
4(809 500 774 643)
4(809 645 923 500)
4(809 500 808 648)
4(457 648 808 639)
4(457 643 809 648)
4(1162 1595 1153 500)
6(1162 500 923 1596 1161 1448)
5(1162 1450 1163 808 500)
4(1159 808 1163 1455)
4(1162 500 809 1075)
5(1074 1320 1075 809 645)
4(1078 1163 808 648)
5(1078 648 809 1075 1451)
5(1065 640 776 1164 1453)
4(810 1164 776 646)
4(810 648 808 1164)
5(810 1164 1453 1065 1167)
4(458 1167 1065 640)
4(458 646 810 1167)
6(1165 1456 1164 808 1163 1454)
6(1165 1456 1164 810 1079 1457)
5(1078 1325 1079 810 648)
6(1174 1474 1167 810 1079 1469)
4(1168 642 1169 1460)
4(459 68 1168 642)
4(459 1171 1464 68)
4(811 644 780 501)
4(811 501 954 645)
4(812 501 780 650)
4(812 68 1168 501)
4(812 501 811 654)
4(460 654 811 644)
4(460 650 812 654)
6(1172 1467 1173 1597 954 501)
4(1172 501 1168 1598)
4(1172 879 811 501)
4(1074 645 811 879)
5(1172 501 812 1179 1487)
4(1179 812 68 1525)
4(470 879 811 654)
4(470 654 812 1179)
5(470 1179 1487 1172 879)
4(813 647 781 502)
4(813 502 809 648)
4(814 502 781 652)
4(814 654 811 502)
4(814 502 813 657)
4(461 657 813 647)
4(461 652 814 657)
4(815 1075 809 502)
4(815 502 811 879)
4(815 679 813 502)
4(1078 648 813 679)
5(1078 679 815 1075 1451)
4(815 502 814 680)
4(470 879 815 680)
4(470 680 814 654)
4(471 679 813 657)
4(471 680 815 679)
4(471 657 814 680)
4(816 649 783 503)
4(816 503 810 1167)
4(817 503 783 655)
4(817 657 813 503)
4(817 503 816 660)
4(462 660 816 649)
4(462 655 817 660)
4(1080 1079 810 503)
4(1080 503 813 679)
5(1080 1470 1175 816 503)
6(1174 1474 1167 816 1175 1468)
4(1080 503 817 682)
4(471 682 817 657)
4(471 679 1080 682)
4(927 1175 816 660)
4(927 660 817 682)
5(927 682 1080 1470 1175)
4(1141 785 1176 1471)
4(926 1176 785 658)
4(926 660 816 1176)
4(916 658 926 353)
4(1176 816 1175 1472)
4(927 386 926 660)
4(1196 651 949 1523)
4(463 952 1196 651)
4(463 951 356 952)
4(818 653 787 504)
4(818 504 812 654)
4(819 504 787 661)
4(819 952 1196 504)
4(819 504 818 665)
4(464 661 819 665)
4(464 665 818 653)
4(939 1179 812 504)
4(939 504 1196 206)
4(939 681 818 504)
4(470 681 939 1179)
4(470 654 818 681)
4(939 504 819 933)
4(933 819 952 388)
4(884 665 819 933)
4(884 933 939 681)
4(884 681 818 665)
4(823 659 789 505)
4(823 505 817 660)
4(824 505 789 666)
4(824 668 820 505)
4(465 656 820 668)
4(824 505 823 671)
4(466 671 823 659)
4(466 666 824 671)
4(825 682 817 505)
4(825 505 820 683)
4(471 683 820 657)
4(825 931 823 505)
4(927 660 823 931)
4(927 931 825 682)
4(825 505 824 685)
4(472 685 824 668)
4(472 683 825 685)
4(472 668 820 683)
4(930 931 823 671)
4(930 671 824 685)
4(930 685 825 931)
4(915 792 929 207)
4(928 929 792 669)
4(928 671 823 929)
4(917 669 928 359)
4(929 823 931 208)
4(930 392 928 671)
4(935 662 950 209)
4(1069 210 935 662)
4(826 664 795 506)
4(826 506 819 665)
4(1070 506 795 672)
4(1070 210 935 506)
4(1070 506 826 675)
4(467 675 826 664)
4(467 672 1070 675)
4(932 933 819 506)
4(932 506 935 211)
5(932 389 1087 826 506)
5(884 665 826 1087 233)
4(932 506 1070 934)
4(936 1087 826 675)
5(936 675 1070 934 1475)
4(827 667 796 507)
4(827 507 821 668)
4(465 668 821 663)
4(828 507 796 673)
4(828 675 826 507)
4(828 507 827 678)
4(468 678 827 667)
4(468 673 828 678)
4(975 684 821 507)
5(975 507 826 1087 1332)
4(884 665 821 684)
5(975 1228 976 827 507)
4(472 668 827 976)
5(472 976 1228 975 684)
4(472 684 821 668)
4(975 507 828 840)
5(936 396 840 828 675)
4(839 976 827 678)
5(839 678 828 840 70)
4(829 670 798 508)
4(829 508 824 671)
4(830 508 798 676)
4(830 678 827 508)
4(830 508 829 1072)
4(469 1072 829 670)
4(469 676 830 1072)
4(1088 685 824 508)
5(1088 508 827 976 1334)
4(1088 393 829 508)
4(930 671 829 393)
4(930 393 1088 685)
4(1088 508 830 937)
5(839 398 937 830 678)
4(71 393 829 1072)
4(71 1072 830 937)
4(358 800 938 212)
4(213 938 800 1073)
4(213 1072 829 938)
4(938 829 393 214)
5(1177 674 1067 878 215)
5(1177 215 878 1070 675)
4(1146 1476 1177 674)
4(936 675 1177 1479)
5(978 677 803 977 1229)
5(978 1229 977 828 678)
4(977 803 974 1231)
4(971 1230 978 677)
4(840 828 977 1477)
4(839 678 978 1480)
4(218 1071 806 1178)
4(218 1178 830 1072)
4(1178 806 1152 1481)
4(937 830 1178 1484)
6(470 1083 1485 1077 1321 879)
4(470 1179 1486 1083)
5(1082 679 815 1076 1491)
5(1084 1488 1076 815 680)
5(471 1085 1489 1082 679)
5(471 680 1084 1490 1085)
6(1086 1492 1081 1329 1080 682)
4(927 682 1086 1526)
4(880 681 939 228)
4(884 885 880 681)
5(882 683 822 881 229)
4(471 680 822 683)
4(886 881 822 684)
4(884 684 822 681)
4(472 887 882 683)
5(472 684 886 391 887)
4(472 683 822 684)
4(931 825 883 231)
4(888 883 825 685)
4(930 685 888 394)
4(718 831 752 565)
4(752 831 747 566)
4(753 831 718 571)
4(753 573 833 831)
4(752 574 753 831)
4(747 831 754 611)
4(754 831 833 612)
4(754 614 752 831)
4(753 619 754 831)
4(820 656 834 832)
4(820 832 814 657)
4(821 832 834 663)
4(818 832 821 665)
4(820 668 821 832)
4(814 832 822 680)
4(822 832 818 681)
4(822 683 820 832)
4(821 684 822 832)
4(1232 981 1235 72)
4(1534 1198 1533 73)
4(1533 1198 1536 245)
5(981 1198 1534 251 1235)
4(981 1528 1536 1198)
4(1528 981 1232 236)
4(1339 1091 247 75)
4(1543 1091 1339 253)
4(247 1091 1543 41)
4(76 1202 1547 237)
4(1541 1202 1540 77)
4(1540 1202 76 252)
4(1547 1202 1541 257)
4(83 940 894 240)
4(263 894 940 84)
3(892 893 91)
5(265 893 892 1552 45)
3(1552 892 269)
4(1245 993 1243 4)
4(1243 993 1351 92)
4(897 993 1245 271)
4(897 46 1351 993)
4(1248 995 1247 5)
4(1247 995 267 93)
4(900 995 1248 273)
4(900 47 267 995)
4(1181 1497 97 1496)
4(1537 1181 1496 246)
4(1497 1181 855 98)
4(855 1181 1537 282)
4(1102 1499 99 248)
4(1499 1102 1359 100)
5(1359 1102 248 49 283)
4(1252 1000 1253 7)
4(903 1000 1252 105)
4(1253 1000 904 106)
6(904 1000 903 1549 51 287)
3(1549 903 256)
4(1558 1203 1545 107)
4(1545 1203 1546 259)
4(108 1203 1558 288)
4(1546 1203 108 292)
4(942 264 111 953)
4(942 953 112 294)
3(943 944 115)
5(1553 944 943 295 52)
3(944 1553 270)
4(852 1004 851 8)
6(851 1004 1205 1555 278 121)
6(1564 1205 1004 852 122 302)
4(1555 1205 1564 54)
4(1506 1188 1505 130)
4(854 1188 1506 129)
4(1505 1188 1571 312)
4(1571 1188 854 309)
4(1264 1014 1265 137)
4(1569 1209 1568 136)
5(1014 1264 289 1568 1209)
4(1573 1209 1569 313)
4(1574 1014 1209 1573)
4(1014 1574 317 1265)
4(1269 1019 1270 13)
4(1384 1019 1269 142)
4(1270 1019 1386 143)
4(1386 1019 1384 322)
4(838 861 15 146)
4(147 861 838 324)
4(1276 1025 1277 16)
4(913 299 1277 1025)
4(1579 1025 1276 148)
4(56 913 1025 1579)
4(1392 967 1393 152)
4(967 1392 153 1222)
4(1393 967 1223 327)
4(1223 967 1222 333)
4(1515 1194 1514 18)
4(1194 1128 947 1514)
4(155 947 1128 1406)
4(948 1128 1194 1515)
4(1407 1128 948 156)
4(1406 1128 1407 332)
4(1027 1281 19 1279)
4(1281 1027 1403 157)
4(1403 1027 1401 334)
4(1401 1027 1279 158)
4(1410 1132 338 160)
4(1584 1132 1410 159)
5(338 1132 1584 336 58)
4(1287 1034 1288 21)
5(914 1034 1287 163 315)
5(1288 1034 922 341 164)
4(922 1034 914 59)
4(339 1135 1415 166)
4(1415 1135 1589 318)
4(1135 339 60 1589)
4(1297 1045 1298 23)
4(1426 1045 1297 174)
5(1298 1045 1426 352 175)
4(876 872 25 178)
4(872 876 357 179)
4(1303 1050 1302 26)
4(920 326 1302 1050)
4(355 1050 1303 180)
4(62 920 1050 355)
4(1518 1144 1432 185)
4(1433 1144 1518 186)
4(1432 1144 187 362)
4(187 1144 1433 370)
4(1306 1056 1307 28)
4(1056 1306 190 1437)
4(1440 1056 1437 368)
4(1307 1056 1440 189)
4(1061 1315 30 1313)
4(923 1061 1313 195)
4(1315 1061 954 196)
6(1597 954 1061 923 372 66)
3(954 1597 375)
4(1471 1176 1473 203)
4(353 926 1176 1471)
4(1473 1176 1472 204)
4(1176 926 386 1472)
4(928 929 207 359)
4(929 928 392 208)
4(213 938 212 363)
4(938 213 400 214)
4(1478 977 1231 216)
4(1231 977 1229 369)
4(977 1478 217 1477)
4(1229 977 1477 399)
4(1483 1178 1481 219)
4(1178 218 371 1481)
4(1484 1178 1483 220)
4(218 1178 1484 401)
4(1323 1076 1322 34)
4(1491 1076 1323 224)
4(1322 1076 1488 225)
4(1488 1076 1491 385)
4(1329 1081 1326 35)
4(1326 1081 1492 227)
5(1081 1329 226 387 1492)
4(886 230 36 881)
4(886 881 229 391)
4(888 232 37 883)
4(394 888 883 231)
4(1233 1232 72 0)
4(1232 1233 78 236)
4(1238 1237 1 74)
4(1237 1238 236 78)
4(979 1234 0 76)
4(1530 979 76 237)
4(1234 979 1530 79)
4(988 841 2 1241)
4(1493 988 1530 237)
4(988 1241 79 1530)
4(83 841 988 1493)
4(1234 980 1233 0)
4(980 1527 78 1233)
4(1529 980 1234 79)
4(1527 980 1529 238)
4(1237 985 1239 1)
4(1527 985 1237 78)
4(1531 985 1527 238)
4(1239 985 1531 81)
4(2 842 989 1241)
4(1241 989 1529 79)
4(1529 989 1532 238)
4(1532 989 842 85)
4(990 843 3 1242)
4(990 1531 238 1532)
4(990 1242 81 1531)
4(990 1532 85 843)
4(1239 986 1236 1)
4(1342 986 1239 81)
5(1236 986 1342 239 80)
4(3 844 991 1242)
4(1242 991 1342 81)
4(1342 991 1341 239)
4(1341 991 844 87)
4(846 841 83 240)
4(846 86 2 841)
5(86 846 847 1244 4)
3(847 846 240)
3(1244 847 90)
4(86 845 842 2)
4(85 842 845 241)
4(850 843 85 241)
4(850 88 3 843)
4(845 86 4 1243)
4(241 845 1243 92)
4(88 850 1246 5)
4(1246 850 241 92)
4(88 849 844 3)
4(844 849 242 87)
5(848 849 88 5 1247)
3(849 848 242)
3(848 1247 93)
4(1495 1183 243 73)
4(244 1183 1495 97)
4(1183 244 101 243)
4(1184 1495 73 1533)
4(1535 1184 1533 245)
4(1495 1184 1496 97)
4(1496 1184 1535 246)
4(1089 1535 245 1338)
4(1089 1338 75 1337)
4(1089 1498 246 1535)
4(1498 1089 1337 99)
4(247 1092 1337 75)
4(1337 1092 248 99)
4(248 1092 247 104)
4(1538 1197 243 40)
4(243 1197 1534 73)
4(1534 1197 1538 251)
4(249 1199 1539 40)
4(1199 249 77 1540)
4(1539 1199 1540 252)
5(1235 982 76 0 72)
4(1539 982 1538 40)
4(1538 982 1235 251)
4(76 982 1539 252)
4(996 1249 6 1250)
4(996 249 40 243)
4(1249 996 243 101)
4(249 996 1250 102)
4(1240 984 1238 74)
4(1536 1090 1338 245)
4(1528 984 1090 1536)
4(1338 1090 1339 75)
5(1339 1090 984 1240 253)
4(1238 984 1528 236)
6(983 1240 74 1 1236 987)
4(983 1543 253 1240)
4(983 890 41 1543)
4(1343 987 1236 80)
5(890 983 987 1343 255)
3(890 889 41)
3(1346 890 255)
5(889 890 1346 82 254)
4(999 1252 7 1254)
4(889 999 247 41)
3(1345 889 254)
4(247 999 1254 104)
5(1252 999 889 1345 105)
3(42 1494 257)
4(1494 42 258 84)
4(1542 1201 1541 77)
4(1541 1201 42 257)
4(1545 1201 1542 107)
4(42 1201 1545 259)
3(1544 42 259)
4(42 1544 111 258)
4(1547 1180 1493 237)
4(1180 1547 257 1494)
4(1180 940 83 1493)
4(940 1180 1494 84)
5(1340 1094 1343 80 239)
4(1094 1346 255 1343)
4(1346 1094 1344 82)
4(1344 1094 1340 260)
4(1093 1340 239 1341)
4(1340 1093 1348 260)
4(891 1093 1341 87)
4(1348 1093 891 89)
3(1348 43 260)
4(1350 43 1348 89)
3(43 1350 261)
4(1095 1347 82 1344)
4(1095 1344 260 43)
4(1347 1095 1548 109)
4(1095 43 262 1548)
3(43 1550 262)
4(1550 43 261 113)
4(84 258 44 263)
4(44 258 111 264)
3(1098 263 44)
4(263 1098 895 91)
3(264 1098 44)
4(895 1098 264 115)
3(894 847 240)
4(893 894 263 91)
5(847 894 893 265 90)
4(941 891 87 242)
3(891 1349 89)
4(891 941 266 1349)
3(848 941 242)
4(267 941 848 93)
4(267 94 266 941)
4(1097 1350 89 1349)
4(266 907 1097 1349)
4(1350 1097 113 261)
4(113 1097 907 268)
4(94 896 907 266)
4(268 907 896 118)
4(1244 992 1245 4)
4(992 1244 90 265)
4(898 992 265 45)
4(1245 992 898 271)
3(899 898 45)
5(271 898 899 1353 95)
3(1353 899 272)
4(851 1002 1255 8)
4(1552 1002 899 45)
5(1002 1552 269 117 1255)
5(899 1002 851 1554 272)
3(1554 851 121)
4(1246 994 1248 5)
4(994 1246 92 1351)
4(46 901 994 1351)
4(1248 994 901 273)
4(1354 897 271 95)
4(46 897 1354 274)
4(901 46 274 1357)
4(273 901 1357 96)
4(94 267 47 275)
4(1355 900 273 96)
4(47 900 1355 276)
5(119 1006 1007 1256 9)
4(1006 119 275 47)
5(1358 1007 1006 47 276)
4(1256 1007 1358 124)
4(958 1354 95 1352)
4(1354 958 1212 274)
4(1210 958 1352 123)
4(1212 958 1210 279)
4(1212 957 1357 274)
4(1357 957 1356 96)
4(1211 957 1212 279)
4(1356 957 1211 125)
4(1259 1009 1257 10)
4(1556 1009 1557 281)
4(1257 1009 1556 98)
4(1557 1009 1259 129)
4(1257 855 1258 10)
3(855 1257 98)
4(1258 855 282 131)
4(856 1261 11 1262)
3(1261 856 100)
4(282 856 1262 131)
4(1261 1011 1263 11)
4(1011 1261 100 1359)
4(1360 1011 1359 283)
4(1263 1011 1360 133)
4(1190 285 103 284)
4(1504 1190 284 130)
4(1190 1504 136 285)
5(244 1182 1556 281 48)
4(1497 1182 244 97)
4(1556 1182 1497 98)
4(1249 997 1251 6)
4(997 244 48 284)
4(244 997 1249 101)
4(1251 997 284 103)
5(1557 1187 284 48 281)
4(1187 1506 130 284)
4(1506 1187 1557 129)
4(1498 1185 1537 246)
4(1537 1185 856 282)
4(1499 1185 1498 99)
4(856 1185 1499 100)
4(1253 1001 1254 7)
4(248 1001 902 49)
4(1001 248 104 1254)
5(286 902 1001 1253 106)
5(902 1101 1360 283 49)
4(1360 1101 1376 133)
5(1376 1101 902 286 135)
4(904 1103 286 106)
3(1507 904 287)
4(286 1103 1375 135)
5(1375 1103 904 1507 138)
4(1251 998 1250 6)
4(998 285 50 250)
4(998 250 102 1250)
4(285 998 1251 103)
4(1559 1206 250 50)
4(250 1206 1558 107)
4(1558 1206 1559 288)
4(285 1207 1560 50)
4(1568 1207 285 136)
4(1560 1207 1568 289)
5(108 1013 1264 137 12)
4(1560 1013 1559 50)
4(1559 1013 108 288)
4(1264 1013 1560 289)
4(1549 1104 1362 51)
5(1361 1104 1549 256 109)
4(1362 1104 1361 290)
5(1381 1121 1507 287 51)
4(1121 1380 138 1507)
4(1380 1121 1381 291)
6(1268 1017 857 1272 13 139)
4(1362 1017 1381 51)
4(1017 1362 290 857)
3(1272 857 110)
4(1017 1268 291 1381)
4(1012 108 12 1267)
4(108 1012 1562 292)
4(1562 1012 1267 140)
4(1020 1273 14 859)
4(1020 1561 292 1562)
4(1020 859 112 1561)
4(1020 1562 140 1273)
4(1546 1204 1544 259)
4(1561 1204 1546 292)
4(1544 1204 953 111)
4(112 953 1204 1561)
4(1548 1105 1361 109)
4(1551 1105 1548 262)
4(1361 1105 857 290)
5(857 1105 1551 293 110)
4(1550 1106 1551 262)
4(1551 1106 1363 293)
4(113 906 1106 1550)
4(1363 1106 906 114)
4(1272 1018 1269 13)
5(1018 1272 110 293 1385)
4(1269 1018 1385 142)
4(1274 1023 860 15)
4(1363 1023 1385 293)
4(860 1023 1363 114)
4(1385 1023 1274 142)
4(859 863 294 112)
4(863 859 14 144)
5(1275 862 863 144 16)
3(863 862 294)
3(862 1275 116)
3(862 942 294)
4(942 943 115 264)
5(295 943 942 862 116)
4(905 906 113 268)
4(114 906 905 296)
3(905 866 296)
4(909 905 268 118)
5(866 905 909 297 120)
4(860 114 296 865)
4(15 860 865 146)
5(146 865 866 120 17)
3(866 865 296)
4(1255 1003 852 8)
4(911 1003 1553 52)
5(1553 1003 1255 117 270)
5(1563 852 1003 911 298)
3(852 1563 122)
4(1024 1275 16 1277)
4(1024 295 116 1275)
4(1024 912 52 295)
4(299 912 1024 1277)
3(912 911 52)
3(911 1390 298)
5(1390 911 912 299 150)
4(908 909 118 277)
4(297 909 908 1364)
3(1364 908 53)
4(1005 119 9 853)
4(119 1005 908 277)
6(908 1005 853 126 300 53)
4(120 1026 1278 17)
3(297 1026 120)
4(910 1026 297 1364)
3(910 1364 53)
4(910 301 1278 1026)
4(1367 910 53 300)
4(301 910 1367 152)
4(1555 1186 1501 278)
4(1186 1500 123 1501)
4(945 1186 1555 54)
4(945 1502 1500 1186)
3(1502 945 303)
4(1510 1192 1564 302)
4(1564 1192 946 54)
4(1509 1192 1510 151)
4(1512 946 1192 1509)
3(946 1512 304)
4(946 1208 945 54)
6(945 1208 1193 1516 127 303)
6(1517 1193 1208 946 304 154)
4(1193 1517 18 1516)
4(1500 955 1210 123)
4(955 1213 279 1210)
4(1502 1111 955 1500)
4(1213 955 1111 1370)
5(1368 1111 1502 303 127)
4(1370 1111 1368 306)
4(1213 956 1211 279)
4(956 1503 125 1211)
4(1110 956 1213 1370)
4(1369 1110 1370 306)
4(1110 305 1503 956)
4(305 1110 1369 128)
4(1256 1008 853 9)
6(1107 1008 1256 124 280 1365)
6(853 1008 1107 1373 307 126)
4(1373 1107 1365 55)
4(1503 1108 1366 125)
4(1366 1108 1365 280)
3(305 1108 1503)
4(1365 1108 305 55)
4(1281 1028 1280 19)
5(1113 1114 1372 55 305)
5(1280 1028 1113 305 128)
4(1372 1114 1513 308)
6(1114 1113 1028 1281 157 1513)
4(1373 1115 1395 307)
4(1372 1115 1373 55)
4(1395 1115 1394 153)
4(1115 1372 308 1394)
4(1516 1112 1368 127)
4(1368 1112 1371 306)
4(1514 1112 1516 18)
3(947 1112 1514)
4(1371 1112 947 155)
4(1280 1029 867 19)
4(1029 1369 306 1371)
4(1369 1029 1280 128)
4(1029 1371 155 867)
4(854 1259 10 1260)
3(1259 854 129)
4(309 854 1260 132)
4(1283 868 1285 20)
4(868 309 132 1285)
3(868 1283 159)
4(1258 1010 1260 10)
4(1565 1010 1258 131)
4(1260 1010 1567 132)
4(1567 1010 1565 310)
4(1214 961 1262 11)
4(961 1565 131 1262)
4(1565 961 1216 310)
4(1216 961 1214 134)
4(1031 1282 20 1285)
4(1567 1031 1285 132)
4(1566 1031 1567 310)
4(1282 1031 1566 161)
4(960 1215 21 1286)
4(960 1566 310 1216)
4(1215 960 1216 134)
4(960 1286 161 1566)
4(1263 962 1214 11)
4(1572 962 1263 133)
4(1214 962 1217 134)
4(1217 962 1572 311)
4(1215 959 1287 21)
4(959 1215 134 1217)
4(959 1217 311 1587)
4(1287 959 1587 163)
4(1505 1189 1504 130)
4(1570 1189 1505 312)
4(1504 1189 1569 136)
4(1569 1189 1570 313)
4(1130 1570 312 1409)
4(1570 1130 1414 313)
4(1408 1130 1409 160)
4(1414 1130 1408 166)
4(1571 1131 1409 312)
4(1131 1571 309 868)
4(1409 1131 1410 160)
4(1410 1131 868 159)
4(1117 1572 133 1376)
4(1572 1117 1379 311)
4(1374 1117 1376 135)
4(1379 1117 1374 314)
4(1379 1119 1587 311)
4(1377 1119 1379 314)
5(1587 1119 1413 315 163)
4(1413 1119 1377 165)
4(1116 1374 135 1375)
4(1116 1378 314 1374)
4(1508 1116 1375 138)
4(1378 1116 1508 316)
4(1378 1118 1377 314)
4(1118 1378 316 1418)
4(1377 1118 1411 165)
4(1411 1118 1418 169)
4(1265 1266 12 137)
4(1266 1265 317 141)
4(1290 1289 167 22)
4(1289 1290 141 317)
4(1036 1291 167 1289)
4(1136 1573 313 1414)
4(1136 1036 1574 1573)
4(1574 1036 1289 317)
4(1415 1136 1414 166)
5(1291 1036 1136 1415 318)
4(1016 1268 139 1271)
4(1380 1120 1508 138)
5(1268 1016 1120 1380 291)
4(1508 1120 1383 316)
4(1383 1120 1016 1382)
4(1382 1016 1271 319)
4(1296 1043 1294 171)
4(1383 1122 1418 316)
4(1043 1122 1383 1382)
4(1294 1043 1382 319)
4(1418 1122 1416 169)
5(1043 1296 320 1416 1122)
4(1270 1271 139 13)
4(1271 1270 143 319)
4(1294 1295 23 171)
4(1295 1294 319 143)
4(1266 1015 1267 12)
4(1267 1015 1576 140)
4(1575 1015 1266 141)
4(1576 1015 1575 321)
4(1273 1021 858 14)
4(1576 1021 1273 140)
4(1577 1021 1576 321)
4(145 858 1021 1577)
4(1292 1040 1290 22)
4(1290 1040 1575 141)
4(1575 1040 1578 321)
4(1578 1040 1292 172)
4(1046 1299 24 870)
4(1046 1577 321 1578)
4(1046 870 145 1577)
4(1046 1578 172 1299)
4(1022 1274 15 861)
4(1022 1384 142 1274)
4(1384 1022 1387 322)
4(1387 1022 861 147)
4(1295 1044 1297 23)
4(1044 1295 143 1386)
4(1044 1386 322 1388)
4(1297 1044 1388 174)
4(1300 1049 871 25)
4(1387 1049 1388 322)
4(871 1049 1387 147)
4(1388 1049 1300 174)
4(14 858 864 144)
4(323 864 858 145)
4(144 864 1276 16)
4(1276 864 323 148)
4(873 323 145 870)
4(873 870 24 176)
4(873 176 26 1301)
4(873 1301 148 323)
4(838 146 17 1219)
4(324 838 1219 149)
4(871 147 324 837)
4(25 871 837 178)
4(178 837 1220 27)
4(1220 837 324 149)
4(299 913 1391 150)
4(913 56 325 1391)
4(1302 1051 1301 26)
4(1301 1051 1579 148)
4(1051 919 56 1579)
4(326 919 1051 1302)
4(56 919 1429 325)
4(1429 919 326 182)
4(1278 964 1219 17)
4(301 836 964 1278)
4(1218 964 836 57)
4(964 1218 149 1219)
4(1393 836 301 152)
4(57 836 1393 327)
4(1220 963 1304 27)
4(835 963 1218 57)
4(1218 963 1220 149)
4(835 328 1304 963)
4(1396 835 57 327)
4(835 1396 185 328)
4(1123 1389 150 1391)
4(1580 1123 1391 325)
4(1389 1123 1511 151)
4(1123 1580 329 1511)
4(1429 1143 1580 325)
4(1580 1143 1581 329)
4(1430 1143 1429 182)
4(1143 1430 183 1581)
4(1191 1509 151 1511)
4(1582 1191 1511 329)
4(1191 1126 1512 1509)
5(1512 1126 1397 154 304)
4(1399 1126 1191 1582)
4(1397 1126 1399 330)
4(1581 1195 1582 329)
4(1127 1399 1582 1195)
4(1399 1127 1398 330)
4(1519 1195 1581 183)
4(331 1127 1195 1519)
4(1127 331 188 1398)
4(1394 968 1222 153)
4(1222 968 1221 333)
5(1513 969 968 1394 308)
4(1403 969 1513 157)
4(1221 968 969 1225)
4(1225 969 1403 334)
4(965 1224 333 1221)
4(965 1221 1225 970)
4(970 1225 334 1402)
4(965 1520 186 1224)
4(965 970 335 1520)
4(335 970 1402 191)
4(966 1396 327 1223)
4(1224 966 1223 333)
4(1396 966 1518 185)
4(1518 966 1224 186)
4(1397 1125 1517 154)
4(1400 1125 1397 330)
4(1517 1125 1515 18)
3(1515 1125 948)
4(156 948 1125 1400)
4(877 1054 1308 28)
4(1054 1400 330 1398)
4(1054 877 156 1400)
4(1308 1054 1398 188)
4(867 1030 1279 19)
4(1030 867 155 1406)
4(1404 1030 1406 332)
4(1279 1030 1404 158)
4(1053 877 28 1307)
4(1053 1407 156 877)
4(1053 1405 332 1407)
4(1405 1053 1307 189)
4(1309 1059 1312 29)
4(1405 1059 1404 332)
4(1404 1059 1309 158)
4(1059 1405 189 1312)
4(1310 1058 1309 29)
4(1401 1058 1402 334)
4(1058 1401 158 1309)
4(1402 1058 1310 191)
4(1284 1033 1283 20)
4(1033 1584 159 1283)
4(1584 1033 1585 336)
4(1585 1033 1284 162)
4(1282 1032 1284 20)
4(1583 1032 1282 161)
4(1284 1032 1586 162)
4(1586 1032 1583 337)
4(1288 1035 1286 21)
4(1286 1035 1583 161)
4(1583 1035 1588 337)
4(1588 1035 1288 164)
4(338 1129 1408 160)
4(1408 1129 339 166)
4(1129 338 168 339)
5(1585 1155 921 58 336)
4(1441 1155 1585 162)
5(340 921 1155 1441 193)
4(1314 1063 1313 30)
4(1063 338 58 921)
4(338 1063 1314 168)
5(1313 1063 921 340 195)
4(1156 1441 162 1586)
4(1156 1586 337 1594)
4(1441 1156 1442 193)
4(1156 1594 342 1442)
4(1588 1160 1594 337)
5(1446 1160 1588 164 341)
4(1594 1160 1447 342)
4(1447 1160 1446 194)
3(1413 914 315)
4(914 1134 1421 59)
5(1412 1134 914 1413 165)
4(1421 1134 1412 343)
3(922 1446 341)
4(1452 1157 922 59)
5(922 1157 1444 194 1446)
4(1444 1157 1452 344)
4(1317 1066 1316 31)
4(1421 1066 1452 59)
5(1316 1066 1421 343 170)
5(1452 1066 1317 198 344)
4(1133 1412 165 1411)
5(1417 1138 1133 1411 169)
6(1412 1133 1138 1420 170 343)
4(1420 1138 1417 345)
6(1291 1037 1038 1293 22 167)
4(1037 1291 318 1589)
4(924 1037 1589 60)
5(1591 1038 1037 924 346)
4(1293 1038 1591 173)
4(1315 1062 1314 30)
4(339 1062 925 60)
4(1314 1062 339 168)
5(925 1062 1315 196 1462)
3(925 1462 347)
3(925 924 60)
3(924 1461 346)
5(1461 924 925 347 201)
4(1137 1417 169 1416)
4(1419 1137 1416 320)
5(1417 1137 1419 61 345)
6(1041 1042 1296 171 23 1298)
4(1296 1042 1419 320)
4(1419 1042 1422 61)
5(1422 1042 1041 1425 348)
4(1425 1041 1298 175)
4(1064 1318 31 1316)
4(1064 1316 170 1420)
6(1423 1140 1064 1420 345 61)
5(1318 1064 1140 1459 200)
4(1459 1140 1423 349)
4(1139 1423 61 1422)
4(1139 1422 348 1424)
5(1139 1424 203 349 1423)
4(1293 1039 1292 22)
4(1292 1039 1590 172)
5(1039 1293 173 350 1590)
4(1299 1047 869 24)
4(1590 1047 1299 172)
4(1521 1047 1590 350)
4(177 869 1047 1521)
4(1169 1591 346 1461)
5(1591 1169 1465 350 173)
4(1460 1169 1461 201)
4(1465 1169 1460 351)
4(1465 1171 1521 350)
4(1171 949 177 1521)
4(1464 1171 1465 351)
4(949 1171 1464 205)
4(1425 1141 1424 348)
5(1141 1425 175 352 916)
4(1424 1141 1471 203)
4(916 353 1471 1141)
3(1427 916 352)
4(179 915 916 1427)
4(916 915 207 353)
4(1048 1300 25 872)
4(1048 1426 174 1300)
4(1426 1048 1427 352)
4(1048 872 179 1427)
4(24 869 874 176)
4(874 869 177 354)
5(176 874 875 1303 26)
3(875 874 354)
3(1303 875 180)
4(177 949 951 354)
3(1523 949 205)
4(951 949 1523 356)
3(951 875 354)
5(950 355 180 875 951)
4(950 951 356 209)
4(357 917 915 179)
4(207 915 917 359)
4(917 357 181 358)
4(917 358 212 359)
4(876 178 27 1305)
4(357 876 1305 181)
4(326 920 1428 182)
4(1428 920 62 360)
3(950 62 355)
4(62 950 209 361)
5(1319 1068 1069 210 32)
5(1068 1431 360 62 1069)
4(1431 1068 1319 184)
4(210 1069 62 361)
4(1304 1052 1305 27)
4(328 918 1052 1304)
4(63 358 1052 918)
4(1305 1052 358 181)
4(1432 918 328 185)
4(63 918 1432 362)
4(212 358 63 363)
4(213 1073 187 33)
4(187 1073 63 362)
4(63 1073 213 363)
4(1592 1149 1519 183)
4(1436 1149 1592 364)
3(1149 331 1519)
4(331 1149 1436 64)
4(1308 1055 1306 28)
5(331 1148 1055 1308 188)
5(1435 1147 1148 331 64)
4(1438 1147 1435 365)
6(1306 1055 1148 1147 1438 190)
4(1067 1319 32 878)
6(1319 1067 1150 1436 364 184)
4(1436 1150 1434 64)
6(1434 1150 1067 878 215 366)
4(1146 1435 64 1434)
4(1146 1524 365 1435)
4(1146 1434 366 1476)
4(1146 1476 216 1524)
5(1524 974 973 1438 365)
4(1227 973 974 1226)
4(1438 973 1437 190)
4(1437 973 1227 368)
4(1231 974 1524 216)
4(1226 974 1231 369)
4(971 972 1227 1226)
4(1227 972 1439 368)
4(971 1482 367 972)
4(1439 972 367 192)
4(971 1226 369 1230)
4(1482 971 1230 219)
4(1057 1310 29 1311)
5(1057 1151 335 191 1310)
4(335 1151 367 65)
5(367 1151 1057 1311 192)
4(1520 1145 1433 186)
4(1433 1145 65 370)
3(335 1145 1520)
3(65 1145 335)
4(187 1071 218 33)
4(65 1071 187 370)
4(218 1071 65 371)
3(1482 1152 367)
3(367 1152 65)
4(1481 1152 1482 219)
4(65 1152 1481 371)
4(1312 1060 1311 29)
4(1060 1440 368 1439)
4(1311 1060 1439 192)
4(1440 1060 1312 189)
4(1443 1154 340 193)
4(340 1154 923 195)
3(923 1596 372)
5(1596 923 1154 1443 197)
4(1153 1443 193 1442)
4(1593 1153 1442 342)
4(1443 1153 1595 197)
4(1153 1593 373 1595)
4(1447 1159 1593 342)
4(1445 1159 1447 194)
4(1593 1159 1455 373)
4(1455 1159 1445 199)
4(1444 1158 1445 194)
6(1453 1164 1158 1444 344 198)
5(1158 1164 1456 199 1445)
4(1456 1164 1453 374)
5(1596 1161 1449 66 372)
4(1161 1596 197 1448)
4(1449 1161 1448 376)
4(1173 1597 66 1466)
5(1597 1173 1467 202 375)
4(1467 1173 1466 377)
6(1074 1320 221 34 1321 879)
4(1449 1074 1466 66)
4(1074 1449 376 1320)
4(1074 879 377 1466)
3(879 1321 223)
4(1320 1075 1324 221)
4(1595 1162 1448 197)
4(1450 1162 1595 373)
5(1448 1162 1075 1320 376)
4(1451 1075 1162 1450)
4(1324 1075 1451 379)
4(1078 1325 222 1328)
4(1455 1163 1450 373)
4(1078 1451 1450 1163)
4(1454 1163 1455 199)
5(1078 1163 1454 378 1325)
4(1078 1328 379 1451)
4(1318 1065 1317 31)
4(1065 1453 198 1317)
6(1453 1065 1167 1474 67 374)
5(1458 1167 1065 1318 200)
4(1474 1167 1458 380)
4(1456 1165 1454 199)
4(1454 1165 1457 378)
5(1165 1456 374 67 1457)
6(1325 1079 1080 1329 35 222)
4(1457 1079 1325 378)
4(1469 1079 1457 67)
5(1470 1080 1079 1469 381)
4(1329 1080 1470 226)
4(1474 1174 1469 67)
4(1174 1468 381 1469)
5(1468 1174 1474 380 204)
4(1168 1460 201 1463)
4(1168 68 351 1460)
4(1598 1168 1463 202)
4(68 1168 1598 382)
3(68 1464 351)
4(1464 68 1522 205)
3(1522 68 383)
3(1525 68 382)
4(68 1525 206 383)
4(1467 1172 1598 202)
4(879 1172 1467 377)
4(1598 1172 1487 382)
5(1487 1172 879 223 384)
4(1487 1179 1525 382)
4(1179 939 206 1525)
4(1486 1179 1487 384)
4(939 1179 1486 228)
4(1468 1175 1470 381)
4(1472 1175 1468 204)
4(386 927 1175 1472)
5(1470 1175 927 387 226)
4(927 386 208 931)
3(927 1526 387)
4(927 931 231 1526)
4(207 929 926 353)
4(386 926 929 208)
4(1522 1196 1523 205)
4(1523 1196 952 356)
4(206 1196 1522 383)
4(952 1196 206 388)
4(356 952 935 209)
4(211 935 952 388)
4(206 939 933 388)
4(933 939 228 390)
4(933 932 211 388)
5(884 233 389 932 933)
3(884 933 390)
4(392 930 931 208)
4(930 394 231 931)
4(214 393 930 392)
4(394 930 393 235)
4(212 938 928 359)
4(928 938 214 392)
4(210 1070 878 32)
4(934 1070 210 395)
6(878 1070 934 69 397 215)
4(211 932 934 395)
4(1475 934 932 389)
3(934 1475 69)
4(1332 1087 233 38)
3(233 1087 389)
4(936 1475 389 1087)
4(936 1087 1332 396)
3(1475 936 69)
4(936 1479 397 69)
4(1479 936 396 217)
4(1333 975 1332 38)
4(1332 975 840 396)
4(70 840 975 1228)
4(1228 975 1333 234)
4(1334 976 1335 39)
4(839 70 1228 976)
4(839 976 1334 398)
4(1335 976 1228 234)
4(396 840 1477 217)
4(1477 840 70 399)
4(70 839 1480 399)
4(839 398 220 1480)
4(218 1072 213 33)
4(213 1072 71 400)
4(71 1072 218 401)
4(1088 1334 39 1336)
4(1334 1088 937 398)
4(71 937 1088 393)
4(393 1088 1336 235)
4(71 393 214 400)
4(398 937 1484 220)
4(1484 937 71 401)
4(1229 978 1230 369)
4(978 1229 399 1480)
4(978 1483 219 1230)
4(1483 978 1480 220)
4(1324 1323 34 221)
4(1323 1324 379 224)
4(1327 1328 222 35)
4(1328 1327 224 379)
4(1322 1077 1321 34)
5(1077 1485 384 223 1321)
4(1485 1077 1322 225)
4(880 1083 1330 36)
4(1485 1083 1486 384)
4(1330 1083 1485 225)
4(1486 1083 880 228)
4(1326 1082 1327 35)
4(1327 1082 1491 224)
4(1491 1082 1489 385)
4(1489 1082 1326 227)
4(1330 1084 881 36)
4(1084 1330 225 1488)
4(1084 1488 385 1490)
4(229 881 1084 1490)
4(882 1085 1331 37)
4(1489 1085 1490 385)
4(1331 1085 1489 227)
4(882 229 1490 1085)
4(1331 1086 883 37)
4(1086 1331 227 1492)
4(1526 1086 1492 387)
4(231 883 1086 1526)
4(880 885 390 228)
4(230 885 880 36)
5(884 885 230 38 233)
3(885 884 390)
4(229 882 887 391)
4(232 887 882 37)
4(230 886 1333 38)
4(886 391 234 1333)
4(1335 887 232 39)
4(391 887 1335 234)
4(232 888 1336 39)
4(1336 888 394 235)
4(249 1200 1542 77)
4(250 1200 249 102)
4(1200 250 107 1542)
5(1347 1096 1345 254 82)
4(1345 1096 903 105)
5(1096 1347 109 256 903)
3(895 892 91)
3(944 895 115)
6(892 895 944 270 117 269)
4(119 896 94 275)
4(118 896 119 277)
4(1353 1099 1352 95)
4(1554 1099 1353 272)
5(1099 1554 121 278 1501)
4(1352 1099 1501 123)
4(1100 1355 96 1356)
4(1100 1358 276 1355)
4(1366 1100 1356 125)
5(1358 1100 1366 280 124)
4(1390 1124 1563 298)
5(1563 1124 1510 302 122)
4(1389 1124 1390 150)
4(1510 1124 1389 151)
4(126 1109 1367 300)
4(1395 1109 126 307)
4(1109 1392 152 1367)
4(1392 1109 1395 153)
4(1142 1430 182 1428)
4(1431 1142 1428 360)
4(1430 1142 1592 183)
5(1142 1431 184 364 1592)
4(954 1170 1462 196)
5(1462 1170 1463 201 347)
5(1170 954 375 202 1463)
4(1166 1458 200 1459)
5(1473 1166 1459 349 203)
5(1166 1473 204 380 1458)
4(209 935 210 361)
4(210 935 211 395)
4(215 1177 1476 366)
4(1479 1177 215 397)
4(1476 1177 1478 216)
4(1478 1177 1479 217)
)


// ************************************************************************* //
