/*--------------------------------*- C++ -*----------------------------------*\
| =========                 |                                                 |
| \\      /  F ield         | OpenFOAM: The Open Source CFD Toolbox           |
|  \\    /   O peration     | Version:  5.x                                   |
|   \\  /    A nd           | Web:      www.OpenFOAM.org                      |
|    \\/     M anipulation  |                                                 |
\*---------------------------------------------------------------------------*/
FoamFile
{
    version     2.0;
    format      ascii;
    class       labelList;
    location    "constant/tumor/polyMesh";
    object      faceRegionAddressing;
}
// * * * * * * * * * * * * * * * * * * * * * * * * * * * * * * * * * * * * * //


6792
(
1121038
1121039
1121040
1121041
1121042
1121043
1121044
1121045
1121046
1121047
1121048
1121049
1121050
1121051
1121052
1121053
1121054
1121055
1121056
1121057
1121058
1121059
1121060
1121061
1121062
1121063
1121064
1121065
1121066
1121067
1121068
1121069
1121070
1121071
1121072
1121073
1121074
1121075
1121076
1121077
1121078
1121079
1121080
1121081
1121082
1121083
1121084
1121085
1121086
1121087
1121088
1121089
1121090
1121091
1121092
1121093
1121094
1121095
1121096
1121097
1121098
1121099
1121100
1121101
1121102
1121103
1121104
1121105
1121106
1121107
1121108
1121109
1121110
1121111
1121112
1121113
1121114
1121115
1121116
1121117
1121118
1121119
1121120
1121121
1121122
1121123
1121124
1121125
1121126
1121127
1121128
1121129
1121130
1121131
1121132
1121133
1121134
1121135
1121136
1121137
1121138
1121139
1121140
1121141
1121142
1121143
1121144
1121145
1121146
1121147
1121148
1121149
1121150
1121151
1121152
1121153
1121154
1121155
1121156
1121157
1121158
1121159
1121160
1121161
1121162
1121163
1121164
1121165
1121166
1121167
1121168
1121169
1121170
1121171
1121172
1121173
1121174
1121175
1121176
1121177
1121178
1121179
1121180
1121181
1121182
1121183
1121184
1121185
1121186
1121187
1121188
1121189
1121190
1121191
1121192
1121193
1121194
1121195
1121196
1121197
1121198
1121199
1121200
1121201
1121202
1121203
1121204
1121205
1121206
1121207
1121208
1121209
1121210
1121211
1121212
1121213
1121214
1121215
1121216
1121217
1121218
1121219
1121220
1121221
1121222
1121223
1121224
1121225
1121226
1121227
1121228
1121229
1121230
1121231
1121232
1121233
1121234
1121235
1121236
1121237
1121238
1121239
1121240
1121241
1121242
1121243
1121244
1121245
1121246
1121247
1121248
1121249
1121250
1121251
1121252
1121253
1121254
1121255
1121256
1121257
1121258
1121259
1121260
1121261
1121262
1121263
1121264
1121265
1121266
1121267
1121268
1121269
1121270
1121271
1121272
1121273
1121274
1121275
1121276
1121277
1121278
1121279
1121280
1121281
1121282
1121283
1121284
1121285
1121286
1121287
1121288
1121289
1121290
1121291
1121292
1121293
1121294
1121295
1121296
1121297
1121298
1121299
1121300
1121301
1121302
1121303
1121304
1121305
1121306
1121307
1121308
1121309
1121310
1121311
1121312
1121313
1121314
1121315
1121316
1121317
1121318
1121319
1121320
1121321
1121322
1121323
1121324
1121325
1121326
1121327
1121328
1121329
1121330
1121331
1121332
1121333
1121334
1121335
1121336
1121337
1121338
1121339
1121340
1121341
1121342
1121343
1121344
1121345
1121346
1121347
1121348
1121349
1121350
1121351
1121352
1121353
1121354
1121355
1121356
1121357
1121358
1121359
1121360
1121361
1121362
1121363
1121364
1121365
1121366
1121367
1121368
1121369
1121370
1121371
1121372
1121373
1121374
1121375
1121376
1121377
1121378
1121379
1121380
1121381
1121382
1121383
1121384
1121385
1121386
1121387
1121388
1121389
1121390
1121391
1121392
1121393
1121394
1121395
1121396
1121397
1121398
1121399
1121400
1121401
1121402
1121403
1121404
1121405
1121406
1121407
1121408
1121409
1121410
1121411
1121412
1121413
1121414
1121415
1121416
1121417
1121418
1121419
1121420
1121421
1121422
1121423
1121424
1121425
1121426
1121427
1121428
1121429
1121430
1121431
1121432
1121433
1121434
1121435
1121436
1121437
1121438
1121439
1121440
1121441
1121442
1121443
1121444
1121445
1121446
1121447
1121448
1121449
1121450
1121451
1121452
1121453
1121454
1121455
1121456
1121457
1121458
1121459
1121460
1121461
1121462
1121463
1121464
1121465
1121466
1121467
1121468
1121469
1121470
1121471
1121472
1121473
1121474
1121475
1121476
1121477
1121478
1121479
1121480
1121481
1121482
1121483
1121484
1121485
1121486
1121487
1121488
1121489
1121490
1121491
1121492
1121493
1121494
1121495
1121496
1121497
1121498
1121499
1121500
1121501
1121502
1121503
1121504
1121505
1121506
1121507
1121508
1121509
1121510
1121511
1121512
1121513
1121514
1121515
1121516
1121517
1121518
1121519
1121520
1121521
1121522
1121523
1121524
1121525
1121526
1121527
1121528
1121529
1121530
1121531
1121532
1121533
1121534
1121535
1121536
1121537
1121538
1121539
1121540
1121541
1121542
1121543
1121544
1121545
1121546
1121547
1121548
1121549
1121550
1121551
1121552
1121553
1121554
1121555
1121556
1121557
1121558
1121559
1121560
1121561
1121562
1121563
1121564
1121565
1121566
1121567
1121568
1121569
1121570
1121571
1121572
1121573
1121574
1121575
1121576
1121577
1121578
1121579
1121580
1121581
1121582
1121583
1121584
1121585
1121586
1121587
1121588
1121589
1121590
1121591
1121592
1121593
1121594
1121595
1121596
1121597
1121598
1121599
1121600
1121601
1121602
1121603
1121604
1121605
1121606
1121607
1121608
1121609
1121610
1121611
1121612
1121613
1121614
1121615
1121616
1121617
1121618
1121619
1121620
1121621
1121622
1121623
1121624
1121625
1121626
1121627
1121628
1121629
1121630
1121631
1121632
1121633
1121634
1121635
1121636
1121637
1121638
1121639
1121640
1121641
1121642
1121643
1121644
1121645
1121646
1121647
1121648
1121649
1121650
1121651
1121652
1121653
1121654
1121655
1121656
1121657
1121658
1121659
1121660
1121661
1121662
1121663
1121664
1121665
1121666
1121667
1121668
1121669
1121670
1121671
1121672
1121673
1121674
1121675
1121676
1121677
1121678
1121679
1121680
1121681
1121682
1121683
1121684
1121685
1121686
1121687
1121688
1121689
1121690
1121691
1121692
1121693
1121694
1121695
1121696
1121697
1121698
1121699
1121700
1121701
1121702
1121703
1121704
1121705
1121706
1121707
1121708
1121709
1121710
1121711
1121712
1121713
1121714
1121715
1121716
1121717
1121718
1121719
1121720
1121721
1121722
1121723
1121724
1121725
1121726
1121727
1121728
1121729
1121730
1121731
1121732
1121733
1121734
1121735
1121736
1121737
1121738
1121739
1121740
1121741
1121742
1121743
1121744
1121745
1121746
1121747
1121748
1121749
1121750
1121751
1121752
1121753
1121754
1121755
1121756
1121757
1121758
1121759
1121760
1121761
1121762
1121763
1121764
1121765
1121766
1121767
1121768
1121769
1121770
1121771
1121772
1121773
1121774
1121775
1121776
1121777
1121778
1121779
1121780
1121781
1121782
1121783
1121784
1121785
1121786
1121787
1121788
1121789
1121790
1121791
1121792
1121793
1121794
1121795
1121796
1121797
1121798
1121799
1121800
1121801
1121802
1121803
1121804
1121805
1121806
1121807
1121808
1121809
1121810
1121811
1121812
1121813
1121814
1121815
1121816
1121817
1121818
1121819
1121820
1121821
1121822
1121823
1121824
1121825
1121826
1121827
1121828
1121829
1121830
1121831
1121832
1121833
1121834
1121835
1121836
1121837
1121838
1121839
1121840
1121841
1121842
1121843
1121844
1121845
1121846
1121847
1121848
1121849
1121850
1121851
1121852
1121853
1121854
1121855
1121856
1121857
1121858
1121859
1121860
1121861
1121862
1121863
1121864
1121865
1121866
1121867
1121868
1121869
1121870
1121871
1121872
1121873
1121874
1121875
1121876
1121877
1121878
1121879
1121880
1121881
1121882
1121883
1121884
1121885
1121886
1121887
1121888
1121889
1121890
1121891
1121892
1121893
1121894
1121895
1121896
1121897
1121898
1121899
1121900
1121901
1121902
1121903
1121904
1121905
1121906
1121907
1121908
1121909
1121910
1121911
1121912
1121913
1121914
1121915
1121916
1121917
1121918
1121919
1121920
1121921
1121922
1121923
1121924
1121925
1121926
1121927
1121928
1121929
1121930
1121931
1121932
1121933
1121934
1121935
1121936
1121937
1121938
1121939
1121940
1121941
1121942
1121943
1121944
1121945
1121946
1121947
1121948
1121949
1121950
1121951
1121952
1121953
1121954
1121955
1121956
1121957
1121958
1121959
1121960
1121961
1121962
1121963
1121964
1121965
1121966
1121967
1121968
1121969
1121970
1121971
1121972
1121973
1121974
1121975
1121976
1121977
1121978
1121979
1121980
1121981
1121982
1121983
1121984
1121985
1121986
1121987
1121988
1121989
1121990
1121991
1121992
1121993
1121994
1121995
1121996
1121997
1121998
1121999
1122000
1122001
1122002
1122003
1122004
1122005
1122006
1122007
1122008
1122009
1122010
1122011
1122012
1122013
1122014
1122015
1122016
1122017
1122018
1122019
1122020
1122021
1122022
1122023
1122024
1122025
1122026
1122027
1122028
1122029
1122030
1122031
1122032
1122033
1122034
1122035
1122036
1122037
1122038
1122039
1122040
1122041
1122042
1122043
1122044
1122045
1122046
1122047
1122048
1122049
1122050
1122051
1122052
1122053
1122054
1122055
1122056
1122057
1122058
1122059
1122060
1122061
1122062
1122063
1122064
1122065
1122066
1122067
1122068
1122069
1122070
1122071
1122072
1122073
1122074
1122075
1122076
1122077
1122078
1122079
1122080
1122081
1122082
1122083
1122084
1122085
1122086
1122087
1122088
1122089
1122090
1122091
1122092
1122093
1122094
1122095
1122096
1122097
1122098
1122099
1122100
1122101
1122102
1122103
1122104
1122105
1122106
1122107
1122108
1122109
1122110
1122111
1122112
1122113
1122114
1122115
1122116
1122117
1122118
1122119
1122120
1122121
1122122
1122123
1122124
1122125
1122126
1122127
1122128
1122129
1122130
1122131
1122132
1122133
1122134
1122135
1122136
1122137
1122138
1122139
1122140
1122141
1122142
1122143
1122144
1122145
1122146
1122147
1122148
1122149
1122150
1122151
1122152
1122153
1122154
1122155
1122156
1122157
1122158
1122159
1122160
1122161
1122162
1122163
1122164
1122165
1122166
1122167
1122168
1122169
1122170
1122171
1122172
1122173
1122174
1122175
1122176
1122177
1122178
1122179
1122180
1122181
1122182
1122183
1122184
1122185
1122186
1122187
1122188
1122189
1122190
1122191
1122192
1122193
1122194
1122195
1122196
1122197
1122198
1122199
1122200
1122201
1122202
1122203
1122204
1122205
1122206
1122207
1122208
1122209
1122210
1122211
1122212
1122213
1122214
1122215
1122216
1122217
1122218
1122219
1122220
1122221
1122222
1122223
1122224
1122225
1122226
1122227
1122228
1122229
1122230
1122231
1122232
1122233
1122234
1122235
1122236
1122237
1122238
1122239
1122240
1122241
1122242
1122243
1122244
1122245
1122246
1122247
1122248
1122249
1122250
1122251
1122252
1122253
1122254
1122255
1122256
1122257
1122258
1122259
1122260
1122261
1122262
1122263
1122264
1122265
1122266
1122267
1122268
1122269
1122270
1122271
1122272
1122273
1122274
1122275
1122276
1122277
1122278
1122279
1122280
1122281
1122282
1122283
1122284
1122285
1122286
1122287
1122288
1122289
1122290
1122291
1122292
1122293
1122294
1122295
1122296
1122297
1122298
1122299
1122300
1122301
1122302
1122303
1122304
1122305
1122306
1122307
1122308
1122309
1122310
1122311
1122312
1122313
1122314
1122315
1122316
1122317
1122318
1122319
1122320
1122321
1122322
1122323
1122324
1122325
1122326
1122327
1122328
1122329
1122330
1122331
1122332
1122333
1122334
1122335
1122336
1122337
1122338
1122339
1122340
1122341
1122342
1122343
1122344
1122345
1122346
1122347
1122348
1122349
1122350
1122351
1122352
1122353
1122354
1122355
1122356
1122357
1122358
1122359
1122360
1122361
1122362
1122363
1122364
1122365
1122366
1122367
1122368
1122369
1122370
1122371
1122372
1122373
1122374
1122375
1122376
1122377
1122378
1122379
1122380
1122381
1122382
1122383
1122384
1122385
1122386
1122387
1122388
1122389
1122390
1122391
1122392
1122393
1122394
1122395
1122396
1122397
1122398
1122399
1122400
1122401
1122402
1122403
1122404
1122405
1122406
1122407
1122408
1122409
1122410
1122411
1122412
1122413
1122414
1122415
1122416
1122417
1122418
1122419
1122420
1122421
1122422
1122423
1122424
1122425
1122426
1122427
1122428
1122429
1122430
1122431
1122432
1122433
1122434
1122435
1122436
1122437
1122438
1122439
1122440
1122441
1122442
1122443
1122444
1122445
1122446
1122447
1122448
1122449
1122450
1122451
1122452
1122453
1122454
1122455
1122456
1122457
1122458
1122459
1122460
1122461
1122462
1122463
1122464
1122465
1122466
1122467
1122468
1122469
1122470
1122471
1122472
1122473
1122474
1122475
1122476
1122477
1122478
1122479
1122480
1122481
1122482
1122483
1122484
1122485
1122486
1122487
1122488
1122489
1122490
1122491
1122492
1122493
1122494
1122495
1122496
1122497
1122498
1122499
1122500
1122501
1122502
1122503
1122504
1122505
1122506
1122507
1122508
1122509
1122510
1122511
1122512
1122513
1122514
1122515
1122516
1122517
1122518
1122519
1122520
1122521
1122522
1122523
1122524
1122525
1122526
1122527
1122528
1122529
1122530
1122531
1122532
1122533
1122534
1122535
1122536
1122537
1122538
1122539
1122540
1122541
1122542
1122543
1122544
1122545
1122546
1122547
1122548
1122549
1122550
1122551
1122552
1122553
1122554
1122555
1122556
1122557
1122558
1122559
1122560
1122561
1122562
1122563
1122564
1122565
1122566
1122567
1122568
1122569
1122570
1122571
1122572
1122573
1122574
1122575
1122576
1122577
1122578
1122579
1122580
1122581
1122582
1122583
1122584
1122585
1122586
1122587
1122588
1122589
1122590
1122591
1122592
1122593
1122594
1122595
1122596
1122597
1122598
1122599
1122600
1122601
1122602
1122603
1122604
1122605
1122606
1122607
1122608
1122609
1122610
1122611
1122612
1122613
1122614
1122615
1122616
1122617
1122618
1122619
1122620
1122621
1122622
1122623
1122624
1122625
1122626
1122627
1122628
1122629
1122630
1122631
1122632
1122633
1122634
1122635
1122636
1122637
1122638
1122639
1122640
1122641
1122642
1122643
1122644
1122645
1122646
1122647
1122648
1122649
1122650
1122651
1122652
1122653
1122654
1122655
1122656
1122657
1122658
1122659
1122660
1122661
1122662
1122663
1122664
1122665
1122666
1122667
1122668
1122669
1122670
1122671
1122672
1122673
1122674
1122675
1122676
1122677
1122678
1122679
1122680
1122681
1122682
1122683
1122684
1122685
1122686
1122687
1122688
1122689
1122690
1122691
1122692
1122693
1122694
1122695
1122696
1122697
1122698
1122699
1122700
1122701
1122702
1122703
1122704
1122705
1122706
1122707
1122708
1122709
1122710
1122711
1122712
1122713
1122714
1122715
1122716
1122717
1122718
1122719
1122720
1122721
1122722
1122723
1122724
1122725
1122726
1122727
1122728
1122729
1122730
1122731
1122732
1122733
1122734
1122735
1122736
1122737
1122738
1122739
1122740
1122741
1122742
1122743
1122744
1122745
1122746
1122747
1122748
1122749
1122750
1122751
1122752
1122753
1122754
1122755
1122756
1122757
1122758
1122759
1122760
1122761
1122762
1122763
1122764
1122765
1122766
1122767
1122768
1122769
1122770
1122771
1122772
1122773
1122774
1122775
1122776
1122777
1122778
1122779
1122780
1122781
1122782
1122783
1122784
1122785
1122786
1122787
1122788
1122789
1122790
1122791
1122792
1122793
1122794
1122795
1122796
1122797
1122798
1122799
1122800
1122801
1122802
1122803
1122804
1122805
1122806
1122807
1122808
1122809
1122810
1122811
1122812
1122813
1122814
1122815
1122816
1122817
1122818
1122819
1122820
1122821
1122822
1122823
1122824
1122825
1122826
1122827
1122828
1122829
1122830
1122831
1122832
1122833
1122834
1122835
1122836
1122837
1122838
1122839
1122840
1122841
1122842
1122843
1122844
1122845
1122846
1122847
1122848
1122849
1122850
1122851
1122852
1122853
1122854
1122855
1122856
1122857
1122858
1122859
1122860
1122861
1122862
1122863
1122864
1122865
1122866
1122867
1122868
1122869
1122870
1122871
1122872
1122873
1122874
1122875
1122876
1122877
1122878
1122879
1122880
1122881
1122882
1122883
1122884
1122885
1122886
1122887
1122888
1122889
1122890
1122891
1122892
1122893
1122894
1122895
1122896
1122897
1122898
1122899
1122900
1122901
1122902
1122903
1122904
1122905
1122906
1122907
1122908
1122909
1122910
1122911
1122912
1122913
1122914
1122915
1122916
1122917
1122918
1122919
1122920
1122921
1122922
1122923
1122924
1122925
1122926
1122927
1122928
1122929
1122930
1122931
1122932
1122933
1122934
1122935
1122936
1122937
1122938
1122939
1122940
1122941
1122942
1122943
1122944
1122945
1122946
1122947
1122948
1122949
1122950
1122951
1122952
1122953
1122954
1122955
1122956
1122957
1122958
1122959
1122960
1122961
1122962
1122963
1122964
1122965
1122966
1122967
1122968
1122969
1122970
1122971
1122972
1122973
1122974
1122975
1122976
1122977
1122978
1122979
1122980
1122981
1122982
1122983
1122984
1122985
1122986
1122987
1122988
1122989
1122990
1122991
1122992
1122993
1122994
1122995
1122996
1122997
1122998
1122999
1123000
1123001
1123002
1123003
1123004
1123005
1123006
1123007
1123008
1123009
1123010
1123011
1123012
1123013
1123014
1123015
1123016
1123017
1123018
1123019
1123020
1123021
1123022
1123023
1123024
1123025
1123026
1123027
1123028
1123029
1123030
1123031
1123032
1123033
1123034
1123035
1123036
1123037
1123038
1123039
1123040
1123041
1123042
1123043
1123044
1123045
1123046
1123047
1123048
1123049
1123050
1123051
1123052
1123053
1123054
1123055
1123056
1123057
1123058
1123059
1123060
1123061
1123062
1123063
1123064
1123065
1123066
1123067
1123068
1123069
1123070
1123071
1123072
1123073
1123074
1123075
1123076
1123077
1123078
1123079
1123080
1123081
1123082
1123083
1123084
1123085
1123086
1123087
1123088
1123089
1123090
1123091
1123092
1123093
1123094
1123095
1123096
1123097
1123098
1123099
1123100
1123101
1123102
1123103
1123104
1123105
1123106
1123107
1123108
1123109
1123110
1123111
1123112
1123113
1123114
1123115
1123116
1123117
1123118
1123119
1123120
1123121
1123122
1123123
1123124
1123125
1123126
1123127
1123128
1123129
1123130
1123131
1123132
1123133
1123134
1123135
1123136
1123137
1123138
1123139
1123140
1123141
1123142
1123143
1123144
1123145
1123146
1123147
1123148
1123149
1123150
1123151
1123152
1123153
1123154
1123155
1123156
1123157
1123158
1123159
1123160
1123161
1123162
1123163
1123164
1123165
1123166
1123167
1123168
1123169
1123170
1123171
1123172
1123173
1123174
1123175
1123176
1123177
1123178
1123179
1123180
1123181
1123182
1123183
1123184
1123185
1123186
1123187
1123188
1123189
1123190
1123191
1123192
1123193
1123194
1123195
1123196
1123197
1123198
1123199
1123200
1123201
1123202
1123203
1123204
1123205
1123206
1123207
1123208
1123209
1123210
1123211
1123212
1123213
1123214
1123215
1123216
1123217
1123218
1123219
1123220
1123221
1123222
1123223
1123224
1123225
1123226
1123227
1123228
1123229
1123230
1123231
1123232
1123233
1123234
1123235
1123236
1123237
1123238
1123239
1123240
1123241
1123242
1123243
1123244
1123245
1123246
1123247
1123248
1123249
1123250
1123251
1123252
1123253
1123254
1123255
1123256
1123257
1123258
1123259
1123260
1123261
1123262
1123263
1123264
1123265
1123266
1123267
1123268
1123269
1123270
1123271
1123272
1123273
1123274
1123275
1123276
1123277
1123278
1123279
1123280
1123281
1123282
1123283
1123284
1123285
1123286
1123287
1123288
1123289
1123290
1123291
1123292
1123293
1123294
1123295
1123296
1123297
1123298
1123299
1123300
1123301
1123302
1123303
1123304
1123305
1123306
1123307
1123308
1123309
1123310
1123311
1123312
1123313
1123314
1123315
1123316
1123317
1123318
1123319
1123320
1123321
1123322
1123323
1123324
1123325
1123326
1123327
1123328
1123329
1123330
1123331
1123332
1123333
1123334
1123335
1123336
1123337
1123338
1123339
1123340
1123341
1123342
1123343
1123344
1123345
1123346
1123347
1123348
1123349
1123350
1123351
1123352
1123353
1123354
1123355
1123356
1123357
1123358
1123359
1123360
1123361
1123362
1123363
1123364
1123365
1123366
1123367
1123368
1123369
1123370
1123371
1123372
1123373
1123374
1123375
1123376
1123377
1123378
1123379
1123380
1123381
1123382
1123383
1123384
1123385
1123386
1123387
1123388
1123389
1123390
1123391
1123392
1123393
1123394
1123395
1123396
1123397
1123398
1123399
1123400
1123401
1123402
1123403
1123404
1123405
1123406
1123407
1123408
1123409
1123410
1123411
1123412
1123413
1123414
1123415
1123416
1123417
1123418
1123419
1123420
1123421
1123422
1123423
1123424
1123425
1123426
1123427
1123428
1123429
1123430
1123431
1123432
1123433
1123434
1123435
1123436
1123437
1123438
1123439
1123440
1123441
1123442
1123443
1123444
1123445
1123446
1123447
1123448
1123449
1123450
1123451
1123452
1123453
1123454
1123455
1123456
1123457
1123458
1123459
1123460
1123461
1123462
1123463
1123464
1123465
1123466
1123467
1123468
1123469
1123470
1123471
1123472
1123473
1123474
1123475
1123476
1123477
1123478
1123479
1123480
1123481
1123482
1123483
1123484
1123485
1123486
1123487
1123488
1123489
1123490
1123491
1123492
1123493
1123494
1123495
1123496
1123497
1123498
1123499
1123500
1123501
1123502
1123503
1123504
1123505
1123506
1123507
1123508
1123509
1123510
1123511
1123512
1123513
1123514
1123515
1123516
1123517
1123518
1123519
1123520
1123521
1123522
1123523
1123524
1123525
1123526
1123527
1123528
1123529
1123530
1123531
1123532
1123533
1123534
1123535
1123536
1123537
1123538
1123539
1123540
1123541
1123542
1123543
1123544
1123545
1123546
1123547
1123548
1123549
1123550
1123551
1123552
1123553
1123554
1123555
1123556
1123557
1123558
1123559
1123560
1123561
1123562
1123563
1123564
1123565
1123566
1123567
1123568
1123569
1123570
1123571
1123572
1123573
1123574
1123575
1123576
1123577
1123578
1123579
1123580
1123581
1123582
1123583
1123584
1123585
1123586
1123587
1123588
1123589
1123590
1123591
1123592
1123593
1123594
1123595
1123596
1123597
1123598
1123599
1123600
1123601
1123602
1123603
1123604
1123605
1123606
1123607
1123608
1123609
1123610
1123611
1123612
1123613
1123614
1123615
1123616
1123617
1123618
1123619
1123620
1123621
1123622
1123623
1123624
1123625
1123626
1123627
1123628
1123629
1123630
1123631
1123632
1123633
1123634
1123635
1123636
1123637
1123638
1123639
1123640
1123641
1123642
1123643
1123644
1123645
1123646
1123647
1123648
1123649
1123650
1123651
1123652
1123653
1123654
1123655
1123656
1123657
1123658
1123659
1123660
1123661
1123662
1123663
1123664
1123665
1123666
1123667
1123668
1123669
1123670
1123671
1123672
1123673
1123674
1123675
1123676
1123677
1123678
1123679
1123680
1123681
1123682
1123683
1123684
1123685
1123686
1123687
1123688
1123689
1123690
1123691
1123692
1123693
1123694
1123695
1123696
1123697
1123698
1123699
1123700
1123701
1123702
1123703
1123704
1123705
1123706
1123707
1123708
1123709
1123710
1123711
1123712
1123713
1123714
1123715
1123716
1123717
1123718
1123719
1123720
1123721
1123722
1123723
1123724
1123725
1123726
1123727
1123728
1123729
1123730
1123731
1123732
1123733
1123734
1123735
1123736
1123737
1123738
1123739
1123740
1123741
1123742
1123743
1123744
1123745
1123746
1123747
1123748
1123749
1123750
1123751
1123752
1123753
1123754
1123755
1123756
1123757
1123758
1123759
1123760
1123761
1123762
1123763
1123764
1123765
1123766
1123767
1123768
1123769
1123770
1123771
1123772
1123773
1123774
1123775
1123776
1123777
1123778
1123779
1123780
1123781
1123782
1123783
1123784
1123785
1123786
1123787
1123788
1123789
1123790
1123791
1123792
1123793
1123794
1123795
1123796
1123797
1123798
1123799
1123800
1123801
1123802
1123803
1123804
1123805
1123806
1123807
1123808
1123809
1123810
1123811
1123812
1123813
1123814
1123815
1123816
1123817
1123818
1123819
1123820
1123821
1123822
1123823
1123824
1123825
1123826
1123827
1123828
1123829
1123830
1123831
1123832
1123833
1123834
1123835
1123836
1123837
1123838
1123839
1123840
1123841
1123842
1123843
1123844
1123845
1123846
1123847
1123848
1123849
1123850
1123851
1123852
1123853
1123854
1123855
1123856
1123857
1123858
1123859
1123860
1123861
1123862
1123863
1123864
1123865
1123866
1123867
1123868
1123869
1123870
1123871
1123872
1123873
1123874
1123875
1123876
1123877
1123878
1123879
1123880
1123881
1123882
1123883
1123884
1123885
1123886
1123887
1123888
1123889
1123890
1123891
1123892
1123893
1123894
1123895
1123896
1123897
1123898
1123899
1123900
1123901
1123902
1123903
1123904
1123905
1123906
1123907
1123908
1123909
1123910
1123911
1123912
1123913
1123914
1123915
1123916
1123917
1123918
1123919
1123920
1123921
1123922
1123923
1123924
1123925
1123926
1123927
1123928
1123929
1123930
1123931
1123932
1123933
1123934
1123935
1123936
1123937
1123938
1123939
1123940
1123941
1123942
1123943
1123944
1123945
1123946
1123947
1123948
1123949
1123950
1123951
1123952
1123953
1123954
1123955
1123956
1123957
1123958
1123959
1123960
1123961
1123962
1123963
1123964
1123965
1123966
1123967
1123968
1123969
1123970
1123971
1123972
1123973
1123974
1123975
1123976
1123977
1123978
1123979
1123980
1123981
1123982
1123983
1123984
1123985
1123986
1123987
1123988
1123989
1123990
1123991
1123992
1123993
1123994
1123995
1123996
1123997
1123998
1123999
1124000
1124001
1124002
1124003
1124004
1124005
1124006
1124007
1124008
1124009
1124010
1124011
1124012
1124013
1124014
1124015
1124016
1124017
1124018
1124019
1124020
1124021
1124022
1124023
1124024
1124025
1124026
1124027
1124028
1124029
1124030
1124031
1124032
1124033
1124034
1124035
1124036
1124037
1124038
1124039
1124040
1124041
1124042
1124043
1124044
1124045
1124046
1124047
1124048
1124049
1124050
1124051
1124052
1124053
1124054
1124055
1124056
1124057
1124058
1124059
1124060
1124061
1124062
1124063
1124064
1124065
1124066
1124067
1124068
1124069
1124070
1124071
1124072
1124073
1124074
1124075
1124076
1124077
1124078
1124079
1124080
1124081
1124082
1124083
1124084
1124085
1124086
1124087
1124088
1124089
1124090
1124091
1124092
1124093
1124094
1124095
1124096
1124097
1124098
1124099
1124100
1124101
1124102
1124103
1124104
1124105
1124106
1124107
1124108
1124109
1124110
1124111
1124112
1124113
1124114
1124115
1124116
1124117
1124118
1124119
1124120
1124121
1124122
1124123
1124124
1124125
1124126
1124127
1124128
1124129
1124130
1124131
1124132
1124133
1124134
1124135
1124136
1124137
1124138
1124139
1124140
1124141
1124142
1124143
1124144
1124145
1124146
1124147
1124148
1124149
1124150
1124151
1124152
1124153
1124154
1124155
1124156
1124157
1124158
1124159
1124160
1124161
1124162
1124163
1124164
1124165
1124166
1124167
1124168
1124169
1124170
1124171
1124172
1124173
1124174
1124175
1124176
1124177
1124178
1124179
1124180
1124181
1124182
1124183
1124184
1124185
1124186
1124187
1124188
1124189
1124190
1124191
1124192
1124193
1124194
1124195
1124196
1124197
1124198
1124199
1124200
1124201
1124202
1124203
1124204
1124205
1124206
1124207
1124208
1124209
1124210
1124211
1124212
1124213
1124214
1124215
1124216
1124217
1124218
1124219
1124220
1124221
1124222
1124223
1124224
1124225
1124226
1124227
1124228
1124229
1124230
1124231
1124232
1124233
1124234
1124235
1124236
1124237
1124238
1124239
1124240
1124241
1124242
1124243
1124244
1124245
1124246
1124247
1124248
1124249
1124250
1124251
1124252
1124253
1124254
1124255
1124256
1124257
1124258
1124259
1124260
1124261
1124262
1124263
1124264
1124265
1124266
1124267
1124268
1124269
1124270
1124271
1124272
1124273
1124274
1124275
1124276
1124277
1124278
1124279
1124280
1124281
1124282
1124283
1124284
1124285
1124286
1124287
1124288
1124289
1124290
1124291
1124292
1124293
1124294
1124295
1124296
1124297
1124298
1124299
1124300
1124301
1124302
1124303
1124304
1124305
1124306
1124307
1124308
1124309
1124310
1124311
1124312
1124313
1124314
1124315
1124316
1124317
1124318
1124319
1124320
1124321
1124322
1124323
1124324
1124325
1124326
1124327
1124328
1124329
1124330
1124331
1124332
1124333
1124334
1124335
1124336
1124337
1124338
1124339
1124340
1124341
1124342
1124343
1124344
1124345
1124346
1124347
1124348
1124349
1124350
1124351
1124352
1124353
1124354
1124355
1124356
1124357
1124358
1124359
1124360
1124361
1124362
1124363
1124364
1124365
1124366
1124367
1124368
1124369
1124370
1124371
1124372
1124373
1124374
1124375
1124376
1124377
1124378
1124379
1124380
1124381
1124382
1124383
1124384
1124385
1124386
1124387
1124388
1124389
1124390
1124391
1124392
1124393
1124394
1124395
1124396
1124397
1124398
1124399
1124400
1124401
1124402
1124403
1124404
1124405
1124406
1124407
1124408
1124409
1124410
1124411
1124412
1124413
1124414
1124415
1124416
1124417
1124418
1124419
1124420
1124421
1124422
1124423
1124424
1124425
1124426
1124427
1124428
1124429
1124430
1124431
1124432
1124433
1124434
1124435
1124436
1124437
1124438
1124439
1124440
1124441
1124442
1124443
1124444
1124445
1124446
1124447
1124448
1124449
1124450
1124451
1124452
1124453
1124454
1124455
1124456
1124457
1124458
1124459
1124460
1124461
1124462
1124463
1124464
1124465
1124466
1124467
1124468
1124469
1124470
1124471
1124472
1124473
1124474
1124475
1124476
1124477
1124478
1124479
1124480
1124481
1124482
1124483
1124484
1124485
1124486
1124487
1124488
1124489
1124490
1124491
1124492
1124493
1124494
1124495
1124496
1124497
1124498
1124499
1124500
1124501
1124502
1124503
1124504
1124505
1124506
1124507
1124508
1124509
1124510
1124511
1124512
1124513
1124514
1124515
1124516
1124517
1124518
1124519
1124520
1124521
1124522
1124523
1124524
1124525
1124526
1124527
1124528
1124529
1124530
1124531
1124532
1124533
1124534
1124535
1124536
1124537
1124538
1124539
1124540
1124541
1124542
1124543
1124544
1124545
1124546
1124547
1124548
1124549
1124550
1124551
1124552
1124553
1124554
1124555
1124556
1124557
1124558
1124559
1124560
1124561
1124562
1124563
1124564
1124565
1124566
1124567
1124568
1124569
1124570
1124571
1124572
1124573
1124574
1124575
1124576
1124577
1124578
1124579
1124580
1124581
1124582
1124583
1124584
1124585
1124586
1124587
1124588
1124589
1124590
1124591
1124592
1124593
1124594
1124595
1124596
1124597
1124598
1124599
1124600
1124601
1124602
1124603
1124604
1124605
1124606
1124607
1124608
1124609
1124610
1124611
1124612
1124613
1124614
1124615
1124616
1124617
1124618
1124619
1124620
1124621
1124622
1124623
1124624
1124625
1124626
1124627
1124628
1124629
1124630
1124631
1124632
1124633
1124634
1124635
1124636
1124637
1124638
1124639
1124640
1124641
1124642
1124643
1124644
1124645
1124646
1124647
1124648
1124649
1124650
1124651
1124652
1124653
1124654
1124655
1124656
1124657
1124658
1124659
1124660
1124661
1124662
1124663
1124664
1124665
1124666
1124667
1124668
1124669
1124670
1124671
1124672
1124673
1124674
1124675
1124676
1124677
1124678
1124679
1124680
1124681
1124682
1124683
1124684
1124685
1124686
1124687
1124688
1124689
1124690
1124691
1124692
1124693
1124694
1124695
1124696
1124697
1124698
1124699
1124700
1124701
1124702
1124703
1124704
1124705
1124706
1124707
1124708
1124709
1124710
1124711
1124712
1124713
1124714
1124715
1124716
1124717
1124718
1124719
1124720
1124721
1124722
1124723
1124724
1124725
1124726
1124727
1124728
1124729
1124730
1124731
1124732
1124733
1124734
1124735
1124736
1124737
1124738
1124739
1124740
1124741
1124742
1124743
1124744
1124745
1124746
1124747
1124748
1124749
1124750
1124751
1124752
1124753
1124754
1124755
1124756
1124757
1124758
1124759
1124760
1124761
1124762
1124763
1124764
1124765
1124766
1124767
1124768
1124769
1124770
1124771
1124772
1124773
1124774
1124775
1124776
1124777
1124778
1124779
1124780
1124781
1124782
1124783
1124784
1124785
1124786
1124787
1124788
1124789
1124790
1124791
1124792
1124793
1124794
1124795
1124796
1124797
1124798
1124799
1124800
1124801
1124802
1124803
1124804
1124805
1124806
1124807
1124808
1124809
1124810
1124811
1124812
1124813
1124814
1124815
1124816
1124817
1124818
1124819
1124820
1124821
1124822
1124823
1124824
1124825
1124826
1124827
1124828
1124829
1124830
1124831
1124832
1124833
1124834
1124835
1124836
1124837
1124838
1124839
1124840
1124841
1124842
1124843
1124844
1124845
1124846
1124847
1124848
1124849
1124850
1124851
1124852
1124853
1124854
1124855
1124856
1124857
1124858
1124859
1124860
1124861
1124862
1124863
1124864
1124865
1124866
1124867
1124868
1124869
1124870
1124871
1124872
1124873
1124874
1124875
1124876
1124877
1124878
1124879
1124880
1124881
1124882
1124883
1124884
1124885
1124886
1124887
1124888
1124889
1124890
1124891
1124892
1124893
1124894
1124895
1124896
1124897
1124898
1124899
1124900
1124901
1124902
1124903
1124904
1124905
1124906
1124907
1124908
1124909
1124910
1124911
1124912
1124913
1124914
1124915
1124916
1124917
1124918
1124919
1124920
1124921
1124922
1124923
1124924
1124925
1124926
1124927
1124928
1124929
1124930
1124931
1124932
1124933
1124934
1124935
1124936
1124937
1124938
1124939
1124940
1124941
1124942
1124943
1124944
1124945
1124946
1124947
1124948
1124949
1124950
1124951
1124952
1124953
1124954
1124955
1124956
1124957
1124958
1124959
1124960
1124961
1124962
1124963
1124964
1124965
1124966
1124967
1124968
1124969
1124970
1124971
1124972
1124973
1124974
1124975
1124976
1124977
1124978
1124979
1124980
1124981
1124982
1124983
1124984
1124985
1124986
1124987
1124988
1124989
1124990
1124991
1124992
1124993
1124994
1124995
1124996
1124997
1124998
1124999
1125000
1125001
1125002
1125003
1125004
1125005
1125006
1125007
1125008
1125009
1125010
1125011
1125012
1125013
1125014
1125015
1125016
1125017
1125018
1125019
1125020
1125021
1125022
1125023
1125024
1125025
1125026
1125027
1125028
1125029
1125030
1125031
1125032
1125033
1125034
1125035
1125036
1125037
1125038
1125039
1125040
1125041
1125042
1125043
1125044
1125045
1125046
1125047
1125048
1125049
1125050
1125051
1125052
1125053
1125054
1125055
1125056
1125057
1125058
1125059
1125060
1125061
1125062
1125063
1125064
1125065
1125066
1125067
1125068
1125069
1125070
1125071
1125072
1125073
1125074
1125075
1125076
1125077
1125078
1125079
1125080
1125081
1125082
1125083
1125084
1125085
1125086
1125087
1125088
1125089
1125090
1125091
1125092
1125093
1125094
1125095
1125096
1125097
1125098
1125099
1125100
1125101
1125102
1125103
1125104
1125105
1125106
1125107
1125108
1125109
1125110
1125111
1125112
1125113
1125114
1125115
1125116
1125117
1125118
1125119
1125120
1125121
1125122
1125123
1125124
1125125
1125126
1125127
1125128
1125129
1125130
1125131
1125132
1125133
1125134
1125135
1125136
1125137
1125138
1125139
1125140
1125141
1125142
1125143
1125144
1125145
1125146
1125147
1125148
1125149
1125150
1125151
1125152
1125153
1125154
1125155
1125156
1125157
1125158
1125159
1125160
1125161
1125162
1125163
1125164
1125165
1125166
1125167
1125168
1125169
1125170
1125171
1125172
1125173
1125174
1125175
1125176
1125177
1125178
1125179
1125180
1125181
1125182
1125183
1125184
1125185
1125186
1125187
1125188
1125189
1125190
1125191
1125192
1125193
1125194
1125195
1125196
1125197
1125198
1125199
1125200
1125201
1125202
1125203
1125204
1125205
1125206
1125207
1125208
1125209
1125210
1125211
1125212
1125213
1125214
1125215
1125216
1125217
1125218
1125219
1125220
1125221
1125222
1125223
1125224
1125225
1125226
1125227
1125228
1125229
1125230
1125231
1125232
1125233
1125234
1125235
1125236
1125237
1125238
1125239
1125240
1125241
1125242
1125243
1125244
1125245
1125246
1125247
1125248
1125249
1125250
1125251
1125252
1125253
1125254
1125255
1125256
1125257
1125258
1125259
1125260
1125261
1125262
1125263
1125264
1125265
1125266
1125267
1125268
1125269
1125270
1125271
1125272
1125273
1125274
1125275
1125276
1125277
1125278
1125279
1125280
1125281
1125282
1125283
1125284
1125285
1125286
1125287
1125288
1125289
1125290
1125291
1125292
1125293
1125294
1125295
1125296
1125297
1125298
1125299
1125300
1125301
1125302
1125303
1125304
1125305
1125306
1125307
1125308
1125309
1125310
1125311
1125312
1125313
1125314
1125315
1125316
1125317
1125318
1125319
1125320
1125321
1125322
1125323
1125324
1125325
1125326
1125327
1125328
1125329
1125330
1125331
1125332
1125333
1125334
1125335
1125336
1125337
1125338
1125339
1125340
1125341
1125342
1125343
1125344
1125345
1125346
1125347
1125348
1125349
1125350
1125351
1125352
1125353
1125354
1125355
1125356
1125357
1125358
1125359
1125360
1125361
1125362
1125363
1125364
1125365
1125366
1125367
1125368
1125369
1125370
1125371
1125372
1125373
1125374
1125375
1125376
1125377
1125378
1125379
1125380
1125381
1125382
1125383
1125384
1125385
1125386
1125387
1125388
1125389
1125390
1125391
1125392
1125393
1125394
1125395
1125396
1125397
1125398
1125399
1125400
1125401
1125402
1125403
1125404
1125405
1125406
1125407
1125408
1125409
1125410
1125411
1125412
1125413
1125414
1125415
1125416
1125417
1125418
1125419
1125420
1125421
1125422
1125423
1125424
1125425
1125426
1125427
1125428
1125429
1125430
1125431
1125432
1125433
1125434
1125435
1125436
1125437
1125438
1125439
1125440
1125441
1125442
1125443
1125444
1125445
1125446
1125447
1125448
1125449
1125450
1125451
1125452
1125453
1125454
1125455
1125456
1125457
1125458
1125459
1125460
1125461
1125462
1125463
1125464
1125465
1125466
1125467
1125468
1125469
1125470
1125471
1125472
1125473
1125474
1125475
1125476
1125477
1125478
1125479
1125480
1125481
1125482
-115016
-115017
-115018
-115019
-115256
-115257
-115258
-115263
-115264
-115265
-115266
-115272
-115273
-115274
-115490
-115491
-115497
-115498
-115696
-115697
-115703
-115704
-115895
-115899
-115900
-115901
-115902
-115908
-116099
-116105
-116106
-116112
-120907
-120908
-120913
-120914
-120915
-120916
-120917
-120918
-120923
-120924
-120925
-121151
-121152
-121153
-121157
-121158
-121373
-121374
-121375
-121381
-121382
-121579
-121580
-121581
-121582
-121587
-121588
-121589
-121590
-121775
-121776
-121777
-121778
-121957
-121958
-121963
-121964
-121965
-122301
-122302
-122303
-126674
-126680
-126681
-126924
-126925
-127139
-127140
-127141
-127145
-127146
-127147
-127536
-127537
-127543
-127544
-127718
-127719
-127725
-127726
-127893
-128209
-128210
-128211
-128366
-128370
-128371
-128372
-132577
-132581
-132582
-132583
-132813
-132814
-132820
-133215
-133216
-133217
-133223
-133224
-133409
-133410
-133411
-133412
-133586
-133587
-133588
-133589
-133751
-133905
-133911
-134058
-134059
-134060
-134209
-134210
-134357
-134363
-134364
-138440
-138441
-138447
-138448
-138449
-138450
-138665
-138666
-138667
-138668
-138669
-138670
-138675
-138676
-138677
-138678
-138884
-138885
-138886
-138887
-139078
-139079
-139080
-139081
-139087
-139088
-139089
-139090
-139595
-139596
-139597
-139598
-139747
-139748
-139754
-139755
-140176
-140177
-140183
-140184
-140185
-140186
-140192
-140193
-144343
-144344
-144345
-144349
-144350
-144351
-144572
-144573
-144574
-144975
-144976
-144977
-144983
-144984
-145158
-145159
-145160
-145161
-145329
-145330
-145331
-145332
-145491
-145492
-145493
-145494
-145500
-145501
-145650
-145797
-145798
-145799
-145800
-145936
-145937
-145938
-145942
-145943
-145944
-146089
-146090
-150284
-150285
-150286
-150287
-150521
-150522
-150526
-150728
-150729
-150734
-150735
-150736
-151106
-151107
-151275
-151276
-151282
-151283
-151438
-151592
-151593
-151594
-151595
-151885
-151886
-151890
-151891
-151892
-156496
-156501
-156502
-156503
-156504
-156724
-156725
-156726
-156731
-156732
-156733
-156925
-156926
-157115
-157116
-157117
-157118
-157123
-157124
-157295
-157296
-157297
-157298
-157303
-157304
-157464
-157465
-157466
-157471
-157624
-157625
-157626
-157627
-157781
-157782
-157783
-157787
-157788
-157789
-157790
-163076
-163077
-163083
-163084
-163085
-163086
-163092
-163093
-163285
-163286
-163291
-163292
-163293
-163294
-163300
-163301
-163302
-163303
-163490
-163491
-163496
-163497
-163498
-163499
-163504
-163505
-163506
-163507
-163513
-163514
-163689
-163694
-163695
-163696
-163697
-163703
-163704
-163872
-163878
-163879
-275517
-275518
-275521
-275522
-275523
-275524
-275545
-275546
-275547
-275548
-275551
-275552
-275553
-275655
-275656
-275659
-275660
-275661
-275662
-275665
-275666
-275669
-275670
-275671
-275672
-275685
-275686
-275687
-275688
-275691
-275692
-275693
-275696
-275697
-275698
-275699
-275702
-275703
-275716
-275717
-275723
-275724
-275814
-275815
-275818
-275819
-275820
-275821
-275824
-275827
-275828
-275841
-275842
-275843
-275844
-275847
-275848
-275851
-275852
-275855
-275868
-275869
-275875
-275946
-275949
-275950
-275970
-275971
-275974
-278368
-278370
-278371
-278372
-278392
-278393
-278394
-278395
-278397
-278398
-278457
-278458
-278459
-278460
-278467
-278468
-278469
-278470
-278473
-278474
-278477
-278478
-278481
-278482
-278486
-278487
-278488
-278489
-278490
-278491
-278494
-278495
-278498
-278499
-278500
-278501
-278505
-278506
-278513
-278514
-278521
-278522
-278523
-278527
-278528
-278530
-278531
-278532
-278533
-278554
-278555
-278619
-278620
-278626
-278627
-278628
-278631
-278632
-278633
-278634
-278637
-278638
-278641
-278642
-278643
-278644
-278645
-278646
-278647
-278648
-278649
-278650
-278651
-278652
-278653
-278655
-278656
-278657
-278658
-278660
-278661
-278662
-278665
-278666
-278667
-278673
-278674
-278680
-278681
-278684
-278685
-278686
-278687
-278690
-278691
-278692
-278693
-278747
-278748
-278752
-278753
-278755
-278756
-278758
-278759
-278760
-278761
-278763
-278764
-278765
-278766
-278767
-278768
-278770
-278771
-278774
-278775
-278781
-278782
-278789
-278790
-278791
-278792
-278795
-278796
-278797
-278798
-278863
-278864
-278866
-278867
-278873
-278875
-278876
-278877
-278878
-278880
-278882
-278883
-278885
-278886
-278889
-278895
-278902
-278903
-278904
-278905
-278908
-278909
-278978
-278979
-278980
-278987
-278990
-278991
-278998
-278999
-279001
-279002
-279003
-279005
-279006
-279009
-279010
-279012
-279013
-279016
-279017
-279019
-279020
-279022
-279023
-279024
-279027
-279028
-279029
-279042
-279043
-279044
-279047
-279048
-279049
-279052
-279053
-279054
-279097
-279098
-279109
-279110
-279111
-279118
-279119
-279120
-279121
-279124
-279131
-279133
-279134
-279137
-279140
-279141
-279145
-279158
-279159
-279160
-279161
-279164
-279165
-279166
-279167
-279170
-279171
-279184
-279258
-279261
-279262
-279282
-279283
-279286
-279287
-279288
-281591
-281593
-281613
-281614
-281616
-281670
-281671
-281673
-281674
-281675
-281676
-281677
-281681
-281682
-281684
-281685
-281686
-281687
-281688
-281689
-281690
-281691
-281692
-281693
-281700
-281701
-281702
-281703
-281704
-281707
-281708
-281709
-281729
-281730
-281792
-281793
-281799
-281800
-281801
-281802
-281806
-281807
-281809
-281810
-281811
-281812
-281816
-281817
-281818
-281819
-281821
-281822
-281823
-281844
-281845
-281846
-281915
-281916
-281922
-281923
-281924
-281925
-281926
-281927
-281928
-281934
-281935
-281936
-281942
-281943
-281944
-281945
-281952
-281953
-281954
-281955
-282004
-282005
-282010
-282011
-282017
-282018
-282024
-282025
-282026
-282027
-282034
-282035
-282036
-282039
-282040
-282095
-282096
-282109
-282110
-282116
-282117
-282118
-282119
-282120
-282126
-282127
-282134
-282135
-282138
-282139
-282140
-282209
-282210
-282211
-282218
-282219
-282220
-282227
-282235
-282236
-282237
-282240
-282241
-282242
-282307
-282308
-282309
-282310
-282318
-282319
-282322
-282323
-282324
-282325
-282329
-282330
-282331
-282332
-282333
-282334
-282335
-282337
-282338
-282339
-282340
-282342
-282343
-282344
-282345
-282351
-282352
-282365
-282366
-282367
-282438
-282439
-282440
-282441
-282442
-282454
-282456
-282457
-282458
-282460
-282461
-282464
-282465
-282467
-282468
-282469
-282470
-282473
-282474
-282477
-282478
-282479
-282480
-282483
-282484
-282491
-282492
-282493
-282506
-282507
-282586
-282589
-282609
-282610
-282611
-282614
-282615
-282616
-284941
-284943
-284944
-284945
-284953
-284954
-284956
-284957
-284958
-284960
-284962
-284963
-284964
-284966
-284967
-284969
-284971
-284972
-284973
-284974
-284976
-284977
-284984
-284985
-284986
-284987
-284990
-284991
-284992
-284993
-284996
-284997
-284998
-285002
-285003
-285004
-285005
-285026
-285027
-285028
-285080
-285081
-285085
-285086
-285092
-285093
-285094
-285095
-285097
-285098
-285099
-285100
-285101
-285105
-285106
-285108
-285109
-285110
-285131
-285132
-285133
-285196
-285197
-285204
-285205
-285206
-285207
-285211
-285212
-285213
-285214
-285220
-285224
-285225
-285226
-285228
-285229
-285230
-285231
-285277
-285278
-285279
-285282
-285283
-285286
-285287
-285288
-285289
-285292
-285293
-285294
-285295
-285297
-285298
-285300
-285301
-285316
-285317
-285318
-285319
-285327
-285328
-285329
-285330
-285396
-285397
-285399
-285400
-285401
-285402
-285403
-285404
-285405
-285406
-285413
-285414
-285421
-285422
-285423
-285424
-285431
-285432
-285433
-285434
-285513
-285515
-285516
-285517
-285518
-285520
-285521
-285528
-285529
-285536
-285537
-285538
-285539
-285546
-285547
-285548
-285612
-285613
-285614
-285617
-285618
-285622
-285623
-285625
-285626
-285627
-285630
-285643
-285644
-285651
-285652
-285713
-285714
-285715
-285726
-285727
-285734
-285735
-285736
-285737
-285738
-285739
-285740
-285741
-285742
-285745
-285746
-285748
-285749
-285750
-285756
-285757
-285758
-285759
-285760
-285764
-285765
-285827
-285830
-285831
-285832
-285833
-285834
-285840
-285841
-285842
-285844
-285845
-285846
-285847
-285849
-285850
-285851
-285857
-285858
-285859
-285860
-285861
-285874
-285875
-285876
-285877
-285945
-285946
-285947
-285958
-285959
-285960
-285968
-285969
-285972
-285976
-285979
-285980
-285983
-285984
-285987
-285988
-285992
-285993
-285996
-285997
-285998
-285999
-286002
-286003
-286004
-286005
-286008
-286009
-286010
-286021
-286022
-286026
-286027
-286040
-286041
-286042
-288329
-288330
-288331
-288334
-288344
-288347
-288348
-288349
-288355
-288356
-288359
-288369
-288370
-288371
-288372
-288375
-288376
-288397
-288398
-288399
-288453
-288467
-288469
-288470
-288471
-288473
-288475
-288476
-288478
-288479
-288482
-288483
-288484
-288485
-288490
-288491
-288494
-288495
-288498
-288499
-288500
-288507
-288508
-288509
-288510
-288560
-288574
-288575
-288576
-288577
-288578
-288579
-288584
-288585
-288586
-288587
-288593
-288594
-288595
-288603
-288604
-288605
-288644
-288645
-288646
-288647
-288650
-288651
-288654
-288655
-288656
-288660
-288661
-288662
-288664
-288665
-288668
-288669
-288670
-288678
-288679
-288694
-288695
-288769
-288770
-288785
-288786
-288787
-288788
-288789
-288790
-288791
-288796
-288797
-288803
-288804
-288805
-288811
-288812
-288813
-288814
-288865
-288866
-288872
-288873
-288879
-288880
-288881
-288882
-288889
-288890
-288891
-288892
-288896
-288897
-288898
-288899
-288906
-288907
-288911
-288912
-288953
-288954
-288960
-288966
-288967
-288968
-288969
-288976
-288977
-288981
-288982
-288983
-288984
-288991
-288992
-288996
-288997
-289048
-289062
-289063
-289072
-289073
-289076
-289077
-289082
-289088
-289089
-289090
-289091
-289098
-289157
-289158
-289161
-289165
-289169
-289170
-289171
-289175
-289176
-289177
-289190
-289256
-289270
-289271
-289280
-289281
-289284
-289285
-289290
-289291
-289298
-289302
-289303
-289304
-289352
-289366
-289376
-289379
-289380
-289384
-289387
-289388
-289390
-289391
-289395
-289396
-289400
-289401
-289402
-289403
-289406
-289407
-289408
-289417
-289418
-289419
-289420
-289424
-289425
-289512
-289513
-289521
-289522
-289526
-289527
-289528
-289529
-289538
-289546
-289547
-289548
-289549
-289553
-289554
-289573
-289574
-291709
-291710
-291713
-291714
-291715
-291716
-291726
-291729
-291730
-291736
-291737
-291738
-291739
-291742
-291743
-291753
-291754
-291757
-291763
-291764
-291765
-291766
-291779
-291780
-291838
-291839
-291853
-291855
-291856
-291857
-291858
-291860
-291862
-291863
-291865
-291866
-291867
-291868
-291871
-291872
-291878
-291879
-291880
-291881
-291884
-291885
-291892
-291893
-291957
-291958
-291959
-291960
-291974
-291975
-291976
-291977
-291978
-291985
-291986
-291987
-291988
-291991
-291992
-291993
-292001
-292002
-292054
-292055
-292056
-292057
-292060
-292061
-292065
-292066
-292068
-292069
-292070
-292071
-292074
-292075
-292081
-292082
-292083
-292084
-292098
-292099
-292159
-292160
-292161
-292162
-292177
-292178
-292179
-292180
-292181
-292182
-292187
-292188
-292189
-292190
-292196
-292197
-292204
-292205
-292274
-292275
-292276
-292277
-292283
-292284
-292285
-292286
-292292
-292293
-292294
-292301
-292302
-292305
-292306
-292307
-292308
-292312
-292313
-292314
-292315
-292317
-292318
-292325
-292326
-292376
-292377
-292378
-292379
-292385
-292386
-292392
-292393
-292400
-292403
-292404
-292405
-292406
-292410
-292411
-292412
-292416
-292417
-292421
-292422
-292463
-292464
-292476
-292485
-292486
-292489
-292490
-292495
-292496
-292502
-292503
-292510
-292557
-292558
-292561
-292565
-292569
-292570
-292571
-292572
-292576
-292577
-292578
-292579
-292589
-292638
-292639
-292651
-292652
-292653
-292662
-292663
-292664
-292665
-292668
-292669
-292672
-292673
-292676
-292677
-292678
-292679
-292686
-292690
-292691
-292692
-292757
-292758
-292759
-292771
-292772
-292773
-292783
-292784
-292787
-292788
-292789
-292790
-292794
-292795
-292798
-292799
-292800
-292801
-292805
-292806
-292807
-292808
-292812
-292813
-292816
-292817
-292818
-292819
-292822
-292823
-292830
-292831
-292835
-292933
-292934
-292935
-292936
-292944
-292948
-292949
-292958
-292959
-292967
-292968
-292972
-292988
-295185
-295186
-295187
-295208
-295209
-295210
-295211
-295214
-295215
-295271
-295272
-295273
-295276
-295277
-295278
-295279
-295287
-295288
-295289
-295290
-295293
-295294
-295295
-295296
-295298
-295299
-295302
-295303
-295304
-295305
-295307
-295308
-295309
-295310
-295313
-295314
-295317
-295318
-295321
-295322
-295329
-295330
-295331
-295332
-295338
-295339
-295340
-295353
-295354
-295405
-295406
-295407
-295410
-295411
-295412
-295413
-295414
-295416
-295417
-295420
-295421
-295422
-295428
-295429
-295430
-295431
-295444
-295445
-295446
-295447
-295492
-295493
-295494
-295497
-295498
-295506
-295507
-295513
-295514
-295515
-295516
-295519
-295520
-295521
-295524
-295525
-295526
-295530
-295531
-295532
-295533
-295537
-295538
-295539
-295622
-295623
-295624
-295626
-295627
-295628
-295629
-295632
-295633
-295634
-295637
-295638
-295639
-295640
-295645
-295646
-295647
-295659
-295660
-295661
-295662
-295722
-295723
-295729
-295730
-295745
-295746
-295749
-295750
-295755
-295756
-295757
-295758
-295764
-295765
-295766
-295767
-295774
-295775
-295776
-295777
-295844
-295845
-295851
-295866
-295867
-295870
-295875
-295876
-295882
-295883
-295884
-295885
-295892
-295893
-295960
-295961
-295962
-295964
-295965
-295968
-295969
-295970
-295974
-295975
-295976
-295977
-295982
-295988
-295989
-295990
-296028
-296029
-296030
-296031
-296037
-296038
-296039
-296040
-296047
-296048
-296051
-296052
-296053
-296054
-296058
-296059
-296063
-296067
-296068
-296137
-296138
-296141
-296142
-296143
-296144
-296151
-296152
-296153
-296157
-296158
-296159
-296163
-296164
-296165
-296166
-296167
-296177
-296178
-296179
-296256
-296257
-296260
-296261
-296262
-296270
-296271
-296273
-296274
-296278
-296279
-296283
-296284
-296285
-296286
-296290
-296291
-296292
-296293
-296297
-296298
-296301
-296302
-296303
-296307
-296308
-296309
-296313
-296314
-296315
-296316
-296320
-296321
-296322
-296335
-296336
-296418
-296419
-296441
-298632
-298633
-298634
-298652
-298653
-298654
-298656
-298657
-298667
-298668
-298671
-298672
-298673
-298674
-298677
-298678
-298688
-298689
-298690
-298691
-298694
-298695
-298701
-298702
-298703
-298706
-298707
-298779
-298780
-298799
-298800
-298801
-298803
-298804
-298806
-298807
-298810
-298811
-298812
-298818
-298819
-298829
-298830
-298896
-298897
-298916
-298917
-298918
-298920
-298921
-298922
-298923
-298926
-298927
-298928
-298934
-298935
-298936
-298937
-298951
-298952
-299001
-299002
-299005
-299006
-299012
-299013
-299014
-299015
-299022
-299023
-299024
-299025
-299028
-299029
-299033
-299034
-299036
-299037
-299038
-299039
-299046
-299047
-299048
-299049
-299083
-299084
-299090
-299091
-299092
-299093
-299100
-299101
-299102
-299103
-299105
-299106
-299110
-299111
-299112
-299113
-299117
-299118
-299119
-299120
-299126
-299127
-299188
-299194
-299195
-299196
-299197
-299204
-299205
-299209
-299210
-299214
-299215
-299216
-299217
-299221
-299222
-299298
-299299
-299300
-299306
-299307
-299308
-299315
-299316
-299317
-299320
-299321
-299325
-299329
-299330
-299334
-299335
-299336
-299337
-299402
-299423
-299424
-299425
-299426
-299428
-299429
-299430
-299431
-299437
-299438
-299442
-299443
-299444
-299445
-299446
-299451
-299452
-299458
-299459
-299525
-299526
-299547
-299548
-299549
-299551
-299552
-299553
-299554
-299560
-299561
-299562
-299563
-299564
-299568
-299569
-299570
-299574
-299575
-299576
-299577
-299578
-299581
-299582
-299585
-299586
-299592
-299593
-299672
-299673
-299674
-299699
-299700
-299703
-299704
-299705
-299709
-299710
-299711
-299712
-299721
-299722
-299726
-299729
-299730
-299731
-299732
-299736
-299737
-299746
-299747
-302066
-302067
-302068
-302086
-302087
-302088
-302090
-302091
-302092
-302093
-302107
-302108
-302109
-302112
-302113
-302114
-302125
-302126
-302127
-302128
-302132
-302133
-302139
-302140
-302141
-302142
-302145
-302146
-302147
-302148
-302219
-302220
-302221
-302242
-302243
-302244
-302248
-302250
-302251
-302252
-302253
-302255
-302256
-302259
-302260
-302261
-302263
-302264
-302265
-302266
-302269
-302270
-302273
-302274
-302275
-302279
-302280
-302281
-302282
-302285
-302286
-302287
-302291
-302292
-302293
-302299
-302300
-302301
-302302
-302306
-302307
-302369
-302370
-302371
-302372
-302375
-302376
-302377
-302391
-302392
-302393
-302394
-302396
-302397
-302399
-302400
-302403
-302404
-302405
-302406
-302408
-302409
-302410
-302411
-302414
-302415
-302422
-302423
-302427
-302428
-302429
-302430
-302492
-302493
-302494
-302495
-302501
-302502
-302503
-302510
-302511
-302513
-302514
-302518
-302519
-302520
-302521
-302525
-302526
-302527
-302528
-302534
-302535
-302597
-302598
-302604
-302605
-302612
-302613
-302614
-302618
-302619
-302620
-302621
-302625
-302626
-302630
-302631
-302636
-302682
-302685
-302686
-302687
-302694
-302695
-302696
-302705
-302706
-302707
-302710
-302714
-302715
-302716
-302717
-302721
-302722
-302723
-302724
-302727
-302728
-302732
-302733
-302737
-302774
-302775
-302776
-302797
-302798
-302799
-302802
-302803
-302806
-302807
-302808
-302809
-302810
-302817
-302818
-302822
-302823
-302824
-302828
-302829
-302830
-302834
-302835
-302836
-302837
-302841
-302842
-302843
-302844
-302847
-302848
-302849
-302850
-302854
-302858
-302859
-302863
-302864
-302867
-302868
-302871
-302872
-302940
-302941
-302942
-302943
-302965
-302966
-302970
-302971
-302972
-302978
-302987
-302988
-302989
-302990
-302994
-302995
-302996
-302999
-303000
-303004
-303013
-303014
-303015
-305520
-305521
-305525
-305526
-305547
-305548
-305549
-305550
-305554
-305555
-305641
-305642
-305643
-305644
-305651
-305652
-305653
-305654
-305672
-305673
-305674
-305677
-305678
-305681
-305682
-305683
-305684
-305698
-305699
-305702
-305703
-305704
-305705
-305709
-305710
-305726
-305727
-305728
-305732
-305733
-305734
-305735
-305786
-305787
-305788
-305789
-305793
-305794
-305798
-305799
-305800
-305801
-305816
-305817
-305818
-305819
-305825
-305826
-305833
-305834
-305836
-305837
-305840
-305841
-305842
-305843
-305850
-305851
-305852
-305853
-305857
-305858
-305861
-305862
-305863
-305864
-305867
-305868
-305869
-305870
-305874
-305875
-305876
-305877
-305894
-305895
-305962
-305963
-305964
-305965
-305969
-305970
-305974
-305975
-305976
-305991
-305992
-305993
-305994
-306000
-306001
-306008
-306009
-306013
-306014
-306017
-306018
-306019
-306020
-306024
-306025
-306029
-306030
-306031
-306037
-306038
-306039
-306040
-306043
-306044
-306048
-306049
-306139
-306140
-306147
-306148
-306164
-306165
-306166
-306167
-306170
-306174
-306188
-306189
-306192
-306193
-306197
-306211
-306212
-306213
-306216
-306290
-306312
-333738
-333739
-333740
-333754
-333778
-333779
-333799
-333800
-333801
-333816
-333833
-333847
-333848
-333867
-333868
-333869
-333963
-333982
-334004
-334005
)


// ************************************************************************* //
