/*--------------------------------*- C++ -*----------------------------------*\
| =========                 |                                                 |
| \\      /  F ield         | OpenFOAM: The Open Source CFD Toolbox           |
|  \\    /   O peration     | Version:  5.x                                   |
|   \\  /    A nd           | Web:      www.OpenFOAM.org                      |
|    \\/     M anipulation  |                                                 |
\*---------------------------------------------------------------------------*/
FoamFile
{
    version     2.0;
    format      ascii;
    class       labelList;
    note        "nPoints:2897  nCells:1260  nFaces:5322  nInternalFaces:3338";
    location    "constant/tumor/polyMesh";
    object      neighbour;
}
// * * * * * * * * * * * * * * * * * * * * * * * * * * * * * * * * * * * * * //


3338
(
16
53
585
586
587
20
52
56
91
92
93
689
690
691
24
59
592
593
594
28
54
64
102
103
104
700
701
703
734
735
736
32
57
65
109
110
111
36
60
68
116
117
118
40
62
71
123
124
125
44
74
100
597
598
599
46
69
77
132
133
134
48
72
78
139
140
141
50
75
79
145
147
776
777
780
781
12
17
51
602
603
20
52
605
606
16
53
609
610
611
28
54
80
615
616
617
18
29
55
161
162
163
629
630
631
20
56
174
175
176
602
603
604
32
57
181
182
183
22
33
58
188
189
190
195
196
197
605
606
607
24
59
643
644
645
36
60
208
209
210
25
37
61
215
216
217
650
651
652
40
62
226
227
228
41
63
81
656
657
658
28
64
80
662
663
664
239
240
241
615
617
619
662
664
665
32
65
246
247
248
66
668
669
670
34
45
67
259
260
261
266
267
268
36
68
273
274
275
46
69
280
281
282
38
47
70
287
288
289
294
295
296
40
71
301
302
303
48
72
308
309
310
42
49
73
315
316
317
322
323
324
44
74
329
330
331
656
658
660
681
683
685
50
75
336
337
338
76
675
676
677
81
681
682
683
46
77
351
352
842
843
847
848
358
359
360
48
78
365
366
367
376
377
378
50
79
383
384
385
393
394
903
904
907
908
52
56
686
687
689
690
693
694
695
82
699
700
701
57
65
410
411
412
417
418
419
686
687
688
424
425
426
60
68
431
432
433
713
714
715
444
445
446
62
71
451
452
453
459
460
461
74
100
727
728
729
82
733
734
735
472
473
474
739
740
741
69
77
485
486
487
492
493
494
499
500
501
72
78
506
507
508
513
514
515
520
521
522
75
79
527
528
529
534
535
536
598
599
601
728
729
732
541
542
543
746
747
748
554
556
952
953
956
957
561
562
563
572
573
574
82
1108
1109
100
1110
1111
1112
1113
152
403
407
752
753
754
87
88
89
416
423
87
88
168
417
584
585
588
589
87
89
169
402
424
584
586
588
590
172
420
427
421
1114
404
428
1114
1115
94
95
96
437
443
94
95
196
401
438
1208
1209
1210
94
96
197
418
444
95
96
419
200
440
447
441
422
448
99
221
439
459
591
593
595
596
757
760
761
763
223
457
462
758
759
760
442
463
1116
1118
1122
1123
1124
105
106
107
471
478
105
106
240
406
472
105
107
241
469
479
947
949
950
106
107
1219
1220
244
475
481
408
476
482
112
113
114
491
498
1070
112
113
267
425
492
112
114
268
473
499
113
114
426
474
1071
271
495
502
429
496
1072
477
503
1073
119
120
121
512
519
1086
119
120
295
445
513
119
121
296
493
520
120
121
446
494
1087
299
516
523
449
517
1088
497
524
1089
126
127
128
533
540
126
127
323
460
534
126
128
324
514
541
127
128
461
515
1102
327
537
544
464
538
518
545
1103
348
535
553
764
765
766
350
480
554
770
771
772
135
136
137
560
1242
1243
135
136
359
500
561
135
137
360
555
567
953
955
956
965
966
967
136
137
501
556
363
564
568
969
970
972
504
565
1238
1239
142
143
144
571
1248
1249
142
143
377
521
572
142
144
378
562
578
991
992
993
143
144
522
563
381
575
579
997
998
1000
525
576
566
1250
1251
149
394
542
582
783
784
786
787
1015
1016
1017
395
573
583
777
778
779
149
543
574
1130
1132
397
784
785
546
1129
1256
175
400
1133
1134
196
401
1136
1137
155
159
789
790
791
154
162
169
402
608
611
612
613
794
797
799
800
164
171
1139
1141
1142
166
403
795
796
797
158
159
160
158
159
163
240
406
614
617
619
620
165
242
1146
1148
166
407
789
791
793
801
803
805
806
164
165
166
1140
1141
164
165
181
246
164
166
182
410
165
166
247
411
184
249
413
795
797
799
170
171
172
173
180
170
172
175
628
630
632
633
171
172
182
628
631
632
634
177
1149
184
1149
1150
179
186
177
178
179
187
177
178
195
177
179
417
1133
1134
1135
178
179
189
197
418
191
199
193
420
184
185
186
187
621
184
185
266
622
184
186
424
185
186
190
267
425
192
269
623
193
427
191
192
193
624
191
192
208
273
625
191
193
209
431
192
193
274
432
211
626
276
627
434
198
199
200
201
207
198
199
198
200
202
1136
1137
1138
199
200
209
204
211
206
213
204
205
206
214
204
206
438
642
644
646
648
205
206
216
221
439
642
645
647
648
1151
218
222
1151
1152
220
440
211
212
213
214
635
211
212
294
636
211
213
444
212
213
217
295
445
637
219
297
638
220
447
218
219
220
639
218
219
226
301
640
218
220
227
451
219
220
302
452
229
304
641
454
222
227
649
652
653
654
807
810
811
813
229
1153
1155
1156
224
231
808
809
810
235
457
814
815
816
229
230
231
232
1154
1155
229
230
322
229
231
459
230
231
233
323
460
234
325
235
462
808
810
813
234
235
234
235
330
466
655
658
660
661
332
1160
1162
467
814
816
818
819
821
823
824
237
241
469
825
826
827
253
470
1163
1164
1165
242
243
244
245
252
242
243
1147
1148
242
244
247
243
244
253
825
826
828
249
255
251
257
249
250
251
258
249
250
266
1033
249
251
472
250
251
260
268
473
262
270
1034
264
475
255
256
257
258
255
257
479
667
669
671
673
1163
1164
1166
256
257
261
350
480
667
670
672
673
836
837
840
1167
263
1167
1173
1174
264
481
262
263
264
262
263
280
351
262
264
281
485
263
264
352
486
283
1035
354
488
269
270
271
272
279
1020
269
270
1021
269
271
274
270
271
281
276
1022
283
1023
278
285
276
277
278
286
1036
276
277
294
1037
276
278
492
277
278
288
296
493
1038
290
298
1039
292
495
283
284
285
286
1040
283
284
358
1041
283
285
499
284
285
289
359
500
1042
291
361
1043
292
502
290
291
292
1044
290
291
308
365
1045
290
292
309
506
291
292
366
507
311
1046
368
1047
509
297
298
299
300
307
1024
297
298
1025
297
299
302
298
299
309
304
1026
311
1027
306
313
304
305
306
314
1048
304
305
322
1049
304
306
513
305
306
316
324
514
1050
318
326
1051
320
516
311
312
313
314
1052
311
312
376
1053
311
313
520
312
313
317
377
521
1054
319
379
1055
320
523
318
319
320
1056
318
319
336
383
1057
318
320
337
527
319
320
384
528
339
1058
386
1059
530
325
326
327
328
335
325
326
1028
325
327
330
326
327
337
332
339
1029
334
341
332
333
334
342
332
333
1161
1162
332
334
534
333
334
343
348
535
830
831
834
345
347
537
339
340
341
342
339
340
393
339
341
541
340
341
344
394
542
1060
346
396
347
544
345
346
347
345
347
349
548
674
676
678
680
1169
1170
1172
346
347
398
549
674
677
679
680
917
918
920
1168
1168
1199
1200
550
349
830
831
832
553
1169
1170
1171
352
836
837
838
354
358
1178
1180
354
554
837
838
841
849
850
852
854
356
360
555
843
844
845
1173
1177
557
850
851
371
559
1181
1182
361
362
363
364
1183
1184
361
362
361
363
366
362
363
371
843
844
847
855
856
857
368
1179
1180
370
372
859
860
862
368
369
370
1185
1186
368
369
376
368
370
561
369
370
373
378
562
867
868
869
380
1187
1188
374
564
873
874
876
567
855
856
374
568
859
860
861
389
569
866
867
868
570
873
874
875
379
380
381
382
1189
1190
379
380
379
381
384
380
381
389
881
882
884
386
1191
1192
388
390
887
888
890
386
387
388
1193
1194
386
387
393
386
388
572
387
388
391
395
573
893
894
895
904
905
908
1197
1198
392
575
897
898
900
578
880
881
882
392
579
887
888
889
399
580
893
894
581
897
898
899
396
1196
1198
396
398
910
911
913
914
918
919
921
399
904
905
906
1195
1199
911
912
582
917
918
919
583
1203
1204
417
1205
1206
1208
1209
404
410
692
694
696
697
923
926
928
929
413
924
925
926
414
1211
1213
1217
407
408
409
407
408
411
698
700
703
704
413
752
754
756
930
932
934
935
415
1218
1220
413
414
415
1212
1213
413
414
424
413
415
472
414
415
426
474
924
926
929
428
476
420
421
422
430
420
421
1205
1206
1207
420
422
431
421
422
434
435
427
428
429
430
705
427
428
427
429
432
428
429
706
434
436
707
434
435
436
708
434
435
444
434
436
492
435
436
446
494
709
448
710
496
711
440
441
442
450
440
441
712
713
717
718
440
442
451
712
714
716
717
454
1221
455
1221
1222
447
448
449
450
719
447
448
447
449
452
448
449
720
454
721
456
722
454
455
456
723
454
455
459
454
456
513
455
456
461
515
724
463
517
725
467
936
937
938
462
463
464
465
1117
1118
462
463
462
464
466
463
464
467
758
760
763
468
467
468
467
468
534
726
728
731
732
936
938
940
941
943
945
946
538
1223
1225
470
947
948
949
479
1226
1227
1228
475
476
477
484
475
476
475
477
485
476
477
1067
488
489
1068
481
482
483
484
481
482
738
739
743
744
1226
1228
1229
481
483
486
738
740
742
743
770
772
774
488
1230
490
1127
1128
1230
488
489
490
488
489
499
488
490
554
489
490
501
556
503
1069
558
495
496
497
505
1074
495
496
495
497
506
496
497
1075
509
1076
510
1077
502
503
504
505
1078
502
503
502
504
507
503
504
1079
509
1080
511
1081
509
510
511
1082
509
510
520
509
511
561
510
511
522
563
1083
524
1084
565
1085
516
517
518
526
1090
516
517
516
518
527
517
518
1091
530
1092
531
1093
523
524
525
526
1094
523
524
523
525
528
524
525
1095
530
1096
532
1097
530
531
532
1098
530
531
541
530
532
572
531
532
543
574
1099
545
1100
576
1101
537
538
539
547
537
538
537
539
548
764
766
768
538
539
1224
1225
550
551
544
545
546
547
544
545
544
546
549
545
546
550
1104
552
550
551
552
550
551
553
745
746
749
750
1232
1234
1235
550
552
582
745
747
749
751
1014
1016
1019
1231
1231
1256
1257
1232
1233
1234
558
771
772
775
959
960
962
963
559
953
954
955
558
1237
1239
960
961
1127
1236
567
1240
1241
564
565
566
1244
1245
564
565
564
566
569
977
978
980
565
566
570
983
984
987
1246
1247
965
966
570
969
970
971
578
976
977
978
983
984
985
575
576
577
1252
1253
575
576
575
577
580
777
779
781
1003
1004
1006
576
577
581
1007
1008
1011
1131
1132
990
991
992
581
997
998
999
583
1003
1004
1007
1008
1009
1014
1015
1016
1258
1259
588
589
590
1114
588
589
630
588
590
631
694
589
590
695
632
696
1115
595
596
1119
595
651
595
596
652
714
596
715
653
1121
716
1122
600
682
600
601
683
764
601
1124
684
767
768
604
605
604
686
1133
1135
607
607
689
1136
1138
612
613
1143
612
629
613
693
612
613
631
694
634
1142
697
1145
618
619
620
801
1146
618
619
1108
1147
618
620
699
802
1109
619
620
700
804
1148
704
806
623
624
623
1021
627
1022
626
627
626
627
636
1037
637
1038
632
633
634
1149
633
634
632
633
632
634
1150
637
638
639
637
638
1025
641
1026
641
641
1049
1050
646
647
648
1151
646
647
650
646
648
713
647
648
652
714
654
1152
717
653
654
1157
654
653
653
654
1159
1156
659
660
661
819
1160
659
660
1110
1161
659
661
727
820
1111
660
661
728
822
1162
731
824
665
1108
666
733
665
666
734
825
828
737
829
671
672
673
1167
671
672
671
673
739
1032
672
673
740
1062
1063
743
678
679
680
1168
678
679
678
680
746
1061
679
680
747
1064
1065
749
685
1110
684
684
685
830
833
834
688
1205
688
690
1207
691
1208
691
1210
696
697
1214
697
696
697
696
1217
1216
702
703
704
930
1218
702
704
931
1112
703
704
702
703
1113
1219
933
1220
935
707
708
707
1071
711
1072
710
711
710
711
720
1075
721
1076
716
717
718
1221
717
718
716
717
716
718
1222
721
722
723
721
722
1087
725
1088
725
725
1091
1092
730
731
732
941
1223
730
731
942
1123
731
732
730
732
1124
1224
944
945
1225
737
736
737
947
736
1113
950
951
742
743
744
1230
743
744
1066
742
743
1030
742
744
1031
749
750
751
1231
749
750
1105
749
751
1106
750
751
1107
755
756
924
755
790
925
756
791
927
761
762
763
1116
1119
762
763
936
1117
761
762
809
937
1120
761
763
810
811
1121
939
1118
767
768
830
767
832
1233
768
1234
833
773
774
775
773
774
836
1030
773
775
838
1125
774
775
1127
839
1031
1128
1126
780
781
782
783
1130
780
781
904
780
782
785
906
1258
781
782
1131
1259
786
907
1132
788
786
787
788
1129
786
787
911
1254
786
788
912
913
1255
792
793
795
792
796
793
798
798
799
800
1139
1143
798
799
1140
798
800
925
1144
799
800
926
1141
928
1145
804
805
806
804
806
931
805
806
932
935
811
812
813
1153
1157
812
813
814
1154
811
812
815
1158
811
813
1159
817
1155
817
818
817
937
818
938
822
823
824
822
824
942
823
824
943
945
828
829
947
828
1164
829
948
1165
951
833
834
834
1170
833
1171
839
840
841
839
840
1062
840
841
1173
839
841
1175
1063
1174
1176
846
847
848
849
1178
847
848
953
846
847
1179
1181
846
848
851
954
1182
853
1180
854
957
852
853
854
1177
852
854
960
1175
853
854
961
1176
963
857
1181
857
858
860
965
862
864
968
862
863
873
1183
862
864
970
863
864
875
971
1184
877
973
869
870
871
872
870
871
880
976
869
870
881
1187
869
871
874
977
876
1188
883
878
979
876
877
878
876
877
1185
876
878
984
877
878
985
1186
986
883
884
885
886
883
885
990
883
884
1191
884
885
888
991
890
1192
892
994
890
891
892
890
891
897
1189
890
892
998
891
892
899
999
1190
901
1001
895
1203
895
896
898
1003
900
902
1005
900
901
1193
900
902
1008
901
902
1009
1194
1010
907
908
909
910
1196
907
908
908
909
1197
1203
907
909
912
1204
913
1198
915
913
914
915
1195
913
914
1201
913
915
1202
920
921
922
920
922
1014
1064
920
921
1199
921
922
1015
1201
1065
1200
1202
1018
927
928
929
1211
1214
927
929
1212
927
928
1215
928
929
1216
1213
933
934
935
933
935
934
935
939
940
939
940
944
945
946
944
945
945
946
950
951
951
1227
950
1228
956
957
958
959
1237
956
957
957
958
961
1240
956
958
1238
1241
1239
963
964
962
963
964
1236
962
963
1125
963
964
1126
967
968
970
967
1241
972
973
972
974
983
1242
972
973
973
974
985
1243
988
979
980
981
982
979
981
990
979
980
984
980
981
992
1246
986
987
1247
995
986
987
988
987
988
1244
986
987
986
988
1245
993
994
995
996
994
995
993
994
998
993
995
1250
1000
1251
1001
1000
1001
1002
1000
1002
1007
1248
1000
1001
1001
1002
1009
1249
1012
1005
1006
1008
1006
1259
1010
1011
1011
1012
1252
1010
1011
1010
1012
1253
1017
1018
1019
1018
1019
1106
1017
1018
1254
1017
1019
1256
1255
1107
1257
1022
1023
1036
1040
1022
1023
1033
1038
1034
1042
1026
1027
1048
1052
1026
1027
1037
1050
1039
1054
1029
1049
1051
1060
1031
1062
1066
1163
1034
1035
1042
1038
1039
1044
1038
1039
1046
1042
1043
1044
1042
1043
1047
1046
1047
1046
1047
1053
1054
1050
1051
1056
1050
1051
1058
1054
1055
1056
1054
1055
1059
1058
1059
1058
1059
1060
1105
1169
1063
1065
1106
1226
1068
1071
1069
1073
1080
1072
1073
1074
1078
1072
1073
1076
1080
1076
1077
1082
1076
1077
1087
1084
1089
1080
1081
1082
1080
1081
1085
1084
1085
1084
1085
1095
1096
1088
1089
1090
1094
1088
1089
1092
1096
1092
1093
1098
1092
1093
1102
1100
1103
1096
1097
1098
1096
1097
1101
1100
1101
1100
1101
1104
1103
1104
1232
1107
1112
1123
1115
1217
1118
1118
1121
1121
1158
1159
1222
1126
1175
1128
1130
1132
1132
1135
1205
1135
1138
1208
1138
1141
1141
1150
1145
1145
1215
1216
1148
1148
1150
1152
1156
1155
1155
1159
1159
1162
1162
1166
1226
1166
1227
1172
1232
1172
1233
1174
1176
1178
1180
1180
1240
1184
1185
1186
1188
1188
1191
1190
1193
1192
1192
1194
1196
1198
1198
1200
1202
1254
1258
1207
1207
1210
1210
1213
1213
1216
1216
1220
1220
1222
1225
1225
1229
1229
1235
1235
1237
1239
1239
1243
1244
1245
1247
1247
1250
1249
1252
1251
1251
1253
1255
1257
)


// ************************************************************************* //
