/*--------------------------------*- C++ -*----------------------------------*\
| =========                 |                                                 |
| \\      /  F ield         | OpenFOAM: The Open Source CFD Toolbox           |
|  \\    /   O peration     | Version:  5.x                                   |
|   \\  /    A nd           | Web:      www.OpenFOAM.org                      |
|    \\/     M anipulation  |                                                 |
\*---------------------------------------------------------------------------*/
FoamFile
{
    version     2.0;
    format      ascii;
    class       labelList;
    note        "nPoints:3512  nCells:1659  nFaces:6792  nInternalFaces:4445";
    location    "constant/tumor/polyMesh";
    object      owner;
}
// * * * * * * * * * * * * * * * * * * * * * * * * * * * * * * * * * * * * * //


6792
(
0
0
0
1
1
1
1
1
2
2
2
3
3
3
3
4
4
4
4
4
4
5
5
5
5
5
6
6
6
6
6
7
7
7
7
7
7
8
8
8
8
8
8
9
9
9
10
10
10
10
10
11
11
11
11
11
11
12
12
12
12
12
12
13
13
13
13
14
14
14
14
14
15
15
15
15
15
15
16
16
16
16
16
16
17
17
17
18
18
18
18
18
19
19
19
19
19
19
20
20
20
20
20
21
21
21
22
22
22
22
22
23
23
23
23
24
24
24
24
25
25
25
25
25
25
26
26
26
26
26
26
27
27
27
27
27
27
28
28
28
29
29
29
29
29
29
30
30
30
30
30
30
31
31
31
31
31
31
32
32
32
32
33
33
33
33
34
34
34
34
34
34
35
35
35
35
35
35
36
36
36
36
36
36
37
37
37
37
37
37
38
38
38
38
38
39
39
39
39
39
39
40
40
40
40
40
40
41
41
41
41
41
41
42
42
42
42
42
42
43
43
43
43
43
44
44
44
44
44
44
45
45
45
45
45
45
46
46
46
46
46
46
47
47
47
47
47
47
48
48
48
48
48
49
49
49
49
49
49
50
50
50
50
50
50
51
51
51
51
51
51
52
52
52
52
52
52
53
53
53
53
53
54
54
54
54
54
54
55
55
55
55
55
55
56
56
56
56
56
56
57
57
57
57
57
57
58
58
58
59
59
59
59
59
59
60
60
60
60
60
60
61
61
61
61
61
61
62
62
62
62
62
63
63
63
63
63
63
64
64
64
64
64
64
65
65
65
65
65
65
66
66
66
66
67
67
67
68
68
68
68
69
69
69
69
69
69
70
70
70
70
70
71
71
71
71
71
71
72
72
72
72
72
72
73
73
73
73
73
73
74
74
74
74
75
75
75
75
75
76
76
76
76
76
76
77
77
77
77
77
77
78
78
78
78
78
78
79
79
79
79
79
79
80
80
80
80
80
80
81
81
81
81
81
81
82
82
82
82
82
82
83
83
83
83
83
83
84
84
84
84
84
84
85
85
85
85
85
85
86
86
86
86
86
86
87
87
87
87
87
87
88
88
88
88
88
88
89
89
89
89
89
89
90
90
90
91
91
91
91
91
91
92
92
92
92
92
92
93
93
93
93
93
93
94
94
94
94
94
94
95
95
95
95
95
95
96
96
96
96
97
97
97
97
97
97
98
98
98
98
98
98
99
99
99
99
99
99
100
100
100
100
100
100
101
101
101
101
101
101
102
102
102
103
103
103
103
103
103
104
104
104
104
104
104
105
105
105
105
105
105
106
106
106
106
106
106
107
107
107
107
107
107
108
108
108
108
108
109
109
109
109
109
109
110
110
110
110
110
110
111
111
111
111
111
111
112
112
112
112
112
112
113
113
113
113
113
113
114
114
114
114
114
114
115
115
115
115
115
115
116
116
116
116
116
117
117
117
117
118
118
118
118
118
118
119
119
119
119
119
119
120
120
120
120
120
121
121
121
122
122
122
122
122
122
123
123
123
123
123
123
124
124
124
124
124
124
125
125
125
126
126
126
127
127
127
127
127
127
128
128
128
128
128
128
129
129
129
129
129
129
130
130
130
130
130
131
131
131
131
131
132
132
132
132
132
132
133
133
133
133
133
133
134
134
134
134
134
134
135
135
135
135
135
135
136
136
136
136
136
136
137
137
137
137
137
137
138
138
138
138
138
138
139
139
139
139
139
139
140
140
140
140
140
140
141
141
141
141
141
141
142
142
142
142
142
142
143
143
143
143
143
143
144
144
144
144
144
144
145
145
145
145
145
145
146
146
146
146
146
146
147
147
147
147
147
147
148
148
148
148
148
148
149
149
149
149
149
149
150
150
150
150
150
150
151
151
151
151
151
152
152
152
152
152
152
153
153
153
153
153
153
154
154
154
154
154
154
155
155
155
155
155
155
156
156
156
156
157
157
157
157
157
157
158
158
158
158
158
158
159
159
159
159
159
159
160
160
160
160
160
160
161
161
161
161
161
161
162
162
162
162
162
162
163
163
163
163
163
163
164
164
164
165
165
165
166
166
166
166
166
166
167
167
167
168
168
168
168
169
169
169
170
170
170
170
171
171
171
171
171
171
172
172
172
172
172
173
173
173
173
173
173
174
174
174
174
174
174
175
175
175
175
175
175
176
176
176
176
177
177
177
178
178
178
178
178
178
179
179
179
179
179
179
180
180
180
180
180
180
181
181
181
181
182
182
182
182
183
183
183
183
183
183
184
184
184
184
184
184
185
185
185
185
185
185
186
186
186
186
187
187
187
188
188
188
188
188
188
189
189
189
189
189
189
190
190
190
190
190
190
191
191
191
191
192
192
192
192
192
192
193
193
193
193
193
193
194
194
194
194
194
194
195
195
195
195
196
196
196
196
196
197
197
197
197
197
197
198
198
198
198
198
198
199
199
199
199
199
200
200
200
201
201
201
202
202
202
202
203
203
203
204
204
204
205
205
206
206
207
207
207
208
208
208
209
209
210
210
210
211
211
211
212
212
213
213
213
214
214
214
215
215
215
216
217
217
218
218
218
219
219
219
220
220
221
221
221
222
222
222
223
223
223
224
225
225
226
226
226
227
227
227
228
228
229
229
229
230
230
230
231
231
231
232
233
234
234
235
236
237
237
237
238
238
238
239
239
240
240
240
241
241
242
242
242
243
243
243
244
244
244
245
245
246
246
247
247
248
248
248
249
249
249
250
250
250
251
252
252
252
253
253
254
254
254
255
255
255
256
256
257
257
258
258
258
259
259
260
260
260
261
261
261
262
262
262
263
263
264
264
265
265
265
266
266
267
267
267
268
268
268
269
269
269
270
270
271
271
272
272
273
273
274
274
274
275
275
275
276
276
277
277
277
278
278
278
279
279
279
280
280
280
281
281
282
282
283
283
283
284
284
285
285
285
286
286
286
287
287
287
288
288
289
289
290
290
290
291
291
292
292
292
293
293
293
294
294
294
295
295
296
296
297
297
298
298
299
299
299
300
300
300
301
301
301
302
303
303
304
304
305
305
305
306
306
307
307
307
308
308
308
309
309
309
310
310
311
311
312
312
312
313
313
314
314
314
315
315
315
316
316
316
317
317
318
318
319
319
319
320
320
321
321
321
322
322
322
323
323
323
324
324
325
325
326
326
326
327
327
328
328
328
329
329
329
330
330
330
331
332
333
333
333
334
334
335
335
336
336
336
337
337
338
338
338
339
339
339
340
340
340
341
341
342
342
343
343
343
344
344
345
345
345
346
346
346
347
347
347
348
348
349
349
350
350
350
351
351
352
352
352
353
353
353
354
354
354
355
355
356
356
357
357
357
358
358
359
359
359
360
360
360
361
361
361
362
363
363
364
364
365
365
365
366
366
367
367
368
368
368
369
369
370
370
370
371
371
371
372
372
372
373
373
374
374
375
375
375
376
376
377
377
377
378
378
378
379
379
379
380
380
381
381
382
382
382
383
383
384
384
384
385
385
385
386
386
386
387
387
388
388
389
389
390
390
391
391
391
392
392
392
393
393
393
394
394
395
396
396
397
398
399
399
399
400
400
400
401
401
402
402
403
403
403
404
404
405
405
405
406
406
406
407
407
407
408
408
409
409
410
410
410
411
411
412
412
412
413
413
413
414
414
414
415
415
416
416
417
418
418
419
419
419
420
420
420
421
421
421
422
423
423
424
424
424
425
425
426
426
427
427
428
428
429
429
429
430
430
430
431
431
431
432
432
433
433
434
434
435
435
436
436
436
437
437
437
438
438
438
439
440
440
441
441
441
442
442
442
443
443
445
446
446
446
447
447
448
448
449
449
449
450
450
451
451
452
452
453
454
455
455
455
456
456
457
457
457
458
458
459
459
460
460
460
461
461
462
462
462
463
463
463
464
464
464
465
465
466
466
467
467
467
468
468
469
469
469
470
470
470
471
471
471
472
472
473
473
474
475
475
475
476
476
477
477
478
478
478
479
479
479
480
480
480
481
481
481
482
482
483
483
483
484
484
484
485
485
485
486
486
486
487
487
487
487
488
488
488
489
490
491
491
492
492
493
493
494
494
494
495
495
496
496
496
497
497
497
498
498
498
499
499
499
500
500
501
501
501
502
502
503
503
503
503
504
504
505
505
505
506
506
507
507
508
508
508
509
509
510
510
510
511
511
511
512
512
512
513
513
514
514
514
515
515
516
516
516
517
517
518
518
518
518
519
519
520
520
520
521
521
521
522
522
523
523
524
524
524
525
525
526
526
526
527
527
527
528
528
528
529
529
530
530
530
531
531
532
532
532
533
533
534
534
534
534
535
535
536
536
536
537
537
537
538
538
539
539
540
540
540
541
541
542
542
542
543
543
543
544
544
544
545
545
546
546
546
547
547
548
548
548
549
549
550
550
550
550
551
551
552
552
552
553
553
553
554
554
555
555
556
556
556
557
557
558
558
558
559
559
559
560
560
560
561
561
562
562
562
563
563
564
564
564
565
565
566
566
566
566
567
567
568
568
569
569
570
570
571
571
571
572
572
573
573
573
574
574
574
575
575
575
576
576
577
577
577
578
579
579
579
580
580
581
581
581
581
582
582
583
583
584
584
584
585
585
586
586
586
587
587
588
588
588
589
589
590
590
590
591
592
592
592
593
594
594
594
595
595
596
596
596
597
597
598
598
598
599
599
599
600
600
600
600
601
601
601
602
602
602
603
603
603
604
604
604
605
606
606
606
606
607
607
607
607
608
608
608
608
609
609
611
612
613
613
613
614
614
615
615
616
616
616
617
617
617
617
618
618
619
619
620
620
621
622
623
623
623
624
624
625
625
626
626
627
627
628
629
629
629
630
630
631
631
632
632
633
633
633
634
634
635
635
635
636
636
636
637
637
637
638
638
639
639
640
640
640
641
641
642
642
642
643
643
643
644
644
644
645
645
646
646
647
647
648
648
649
650
650
650
651
651
652
652
653
653
654
654
654
655
655
655
656
656
657
657
657
658
658
659
659
660
660
660
661
661
662
662
663
663
663
664
664
665
665
665
666
666
666
667
667
667
668
668
669
669
669
670
670
671
671
671
672
673
673
673
673
674
674
675
675
676
676
676
677
677
678
678
678
679
679
680
680
681
681
681
682
682
683
683
683
684
684
684
685
685
685
686
686
687
687
687
688
688
689
689
689
690
690
691
691
691
691
692
692
693
693
694
694
694
695
695
695
696
696
696
697
697
698
698
699
699
699
700
700
701
701
701
702
702
702
703
703
703
704
704
705
705
705
706
706
706
707
707
707
708
708
708
709
709
709
709
710
710
710
711
712
713
714
714
715
715
715
716
716
716
717
717
717
718
718
719
719
720
720
720
721
721
722
722
722
723
723
723
724
724
724
725
725
726
726
726
727
727
727
728
728
728
729
729
729
730
730
730
730
731
731
731
732
733
734
735
735
736
736
736
737
737
737
738
738
738
739
739
740
740
741
741
741
742
742
743
743
743
744
744
744
745
745
745
746
746
747
747
747
748
748
749
749
749
750
750
750
751
751
751
751
752
752
754
755
756
756
757
757
758
758
758
759
759
760
760
760
761
761
761
762
762
762
763
763
764
764
764
765
765
766
766
766
767
767
768
768
768
768
769
769
770
770
771
771
772
772
772
773
773
774
774
774
775
775
776
776
776
777
777
778
778
778
779
780
780
780
781
781
782
782
782
782
784
784
785
785
786
786
786
787
787
788
788
788
789
789
789
790
790
790
791
791
791
791
792
792
792
792
793
793
793
793
794
794
794
795
796
798
798
798
799
799
800
800
801
801
801
801
802
802
803
803
803
804
804
805
805
806
806
806
807
807
807
807
808
808
809
809
810
811
812
812
815
816
816
817
817
817
818
818
819
819
820
820
821
821
822
822
822
823
823
824
825
825
826
826
827
827
828
829
830
831
831
831
832
832
833
833
833
834
834
834
835
835
835
835
836
836
837
837
837
838
838
838
839
839
839
840
840
840
841
841
841
841
842
842
842
842
843
843
843
844
845
845
845
845
846
846
846
847
848
849
849
850
850
851
851
851
852
852
853
853
854
854
854
855
855
855
856
857
857
858
858
858
859
859
860
860
861
861
862
862
862
863
863
864
864
864
865
865
866
866
866
867
867
868
868
868
869
869
870
870
870
871
872
872
872
872
873
874
875
875
876
876
877
877
878
878
878
879
879
880
880
880
881
881
881
882
882
882
883
883
884
884
884
885
885
886
886
886
887
888
888
888
888
889
890
891
891
892
892
893
893
894
894
894
895
895
896
896
896
897
897
897
898
898
898
899
899
900
900
900
901
901
902
902
902
903
904
904
904
904
905
906
907
908
908
909
909
910
910
910
911
911
912
912
912
913
913
914
914
914
915
915
916
916
916
917
917
918
918
918
919
920
920
920
920
921
922
922
923
923
924
924
924
925
925
926
926
926
927
928
928
928
929
929
930
930
930
931
932
932
932
934
934
934
935
935
936
937
937
937
938
938
938
939
939
941
941
942
942
943
944
944
945
946
947
947
947
947
948
948
948
949
949
949
949
950
950
950
951
951
951
951
952
953
953
954
954
954
954
955
955
955
956
956
956
956
957
957
957
958
958
958
958
959
959
959
960
960
960
961
961
961
962
962
963
964
964
964
965
965
966
968
968
969
970
971
971
972
974
976
977
978
978
979
979
980
980
981
981
981
982
983
984
984
985
985
985
986
986
986
987
987
987
987
988
988
989
989
990
990
991
991
991
992
992
992
993
993
993
993
994
994
995
996
996
997
997
998
998
999
999
999
1000
1000
1000
1001
1003
1004
1004
1005
1005
1005
1006
1006
1006
1007
1007
1007
1007
1008
1008
1009
1009
1010
1010
1011
1011
1012
1012
1012
1013
1013
1013
1014
1014
1014
1014
1015
1015
1016
1016
1017
1017
1018
1018
1019
1019
1019
1020
1020
1020
1021
1021
1021
1021
1022
1022
1023
1024
1024
1025
1027
1028
1029
1029
1029
1030
1030
1031
1031
1031
1032
1032
1032
1033
1033
1033
1033
1034
1034
1035
1035
1036
1036
1037
1037
1038
1038
1038
1039
1039
1039
1040
1040
1040
1040
1041
1041
1042
1042
1042
1043
1043
1043
1044
1044
1044
1045
1045
1045
1046
1046
1046
1047
1047
1047
1047
1048
1048
1049
1050
1050
1051
1053
1053
1054
1055
1055
1055
1056
1056
1057
1057
1058
1058
1058
1059
1059
1059
1060
1060
1060
1060
1061
1061
1062
1062
1063
1063
1064
1064
1065
1065
1065
1066
1066
1066
1067
1067
1067
1067
1068
1068
1069
1069
1069
1070
1070
1070
1071
1071
1071
1072
1072
1072
1073
1073
1073
1074
1074
1074
1074
1075
1075
1076
1077
1077
1078
1080
1080
1081
1081
1082
1083
1083
1083
1084
1084
1084
1085
1085
1085
1085
1086
1086
1087
1087
1088
1088
1089
1089
1090
1090
1090
1091
1091
1091
1092
1092
1092
1092
1093
1093
1094
1094
1094
1095
1095
1096
1096
1097
1097
1097
1098
1098
1098
1099
1099
1099
1099
1100
1100
1101
1102
1102
1103
1105
1106
1106
1107
1107
1107
1108
1108
1108
1109
1109
1109
1109
1110
1110
1111
1111
1112
1113
1113
1114
1114
1114
1115
1115
1115
1116
1116
1116
1116
1117
1117
1118
1118
1119
1119
1120
1120
1121
1121
1121
1122
1122
1122
1123
1123
1123
1124
1124
1126
1129
1129
1129
1130
1130
1131
1131
1131
1132
1133
1133
1133
1134
1134
1134
1135
1135
1135
1135
1136
1136
1137
1137
1138
1140
1140
1141
1141
1142
1145
1146
1148
1149
1150
1151
1152
1153
1155
1155
1156
1156
1157
1157
1157
1158
1158
1159
1159
1159
1160
1160
1160
1161
1161
1161
1162
1162
1163
1163
1164
1164
1165
1165
1166
1166
1167
1167
1167
1168
1168
1169
1169
1170
1170
1171
1171
1171
1172
1172
1173
1173
1173
1174
1174
1174
1175
1175
1175
1176
1176
1177
1177
1178
1178
1178
1179
1179
1180
1180
1180
1181
1181
1181
1182
1182
1182
1183
1183
1184
1184
1185
1185
1186
1186
1187
1187
1188
1188
1188
1189
1189
1190
1190
1191
1191
1192
1192
1192
1193
1193
1194
1194
1194
1195
1195
1195
1196
1196
1196
1197
1197
1198
1198
1199
1199
1199
1200
1200
1201
1201
1201
1202
1202
1202
1203
1203
1203
1204
1204
1205
1205
1206
1206
1207
1207
1208
1208
1209
1209
1209
1210
1210
1211
1211
1212
1212
1213
1213
1213
1214
1214
1215
1215
1215
1216
1216
1216
1217
1217
1217
1218
1218
1219
1219
1220
1220
1220
1221
1221
1222
1222
1222
1223
1223
1223
1224
1224
1224
1225
1225
1226
1226
1227
1227
1228
1228
1229
1229
1230
1230
1230
1231
1231
1232
1232
1233
1233
1234
1234
1234
1235
1235
1236
1236
1236
1237
1237
1237
1238
1238
1238
1239
1239
1240
1240
1241
1241
1241
1242
1242
1243
1243
1243
1244
1244
1244
1245
1245
1245
1246
1246
1247
1247
1248
1248
1249
1249
1250
1250
1251
1251
1251
1252
1252
1253
1253
1254
1254
1255
1255
1255
1256
1256
1257
1257
1257
1258
1258
1258
1259
1259
1259
1260
1260
1261
1261
1262
1262
1262
1263
1263
1264
1264
1264
1265
1265
1265
1266
1266
1266
1267
1267
1268
1268
1269
1269
1270
1270
1271
1271
1272
1272
1272
1273
1273
1274
1274
1275
1275
1276
1276
1276
1277
1277
1278
1278
1278
1279
1279
1279
1280
1280
1280
1281
1281
1282
1282
1283
1283
1283
1284
1284
1285
1285
1285
1286
1286
1286
1287
1287
1287
1288
1288
1289
1289
1290
1290
1291
1291
1292
1292
1293
1293
1293
1294
1294
1295
1295
1296
1296
1297
1297
1298
1298
1299
1299
1299
1300
1300
1301
1301
1302
1302
1303
1303
1304
1304
1304
1305
1305
1306
1306
1306
1307
1307
1307
1308
1308
1308
1309
1309
1310
1310
1311
1312
1312
1313
1313
1314
1314
1315
1316
1316
1317
1317
1318
1319
1319
1320
1320
1321
1321
1322
1323
1323
1324
1324
1325
1325
1325
1326
1326
1327
1327
1328
1328
1329
1329
1330
1330
1331
1331
1332
1332
1332
1333
1333
1334
1334
1334
1335
1335
1335
1336
1336
1336
1337
1337
1338
1338
1339
1339
1340
1340
1341
1342
1342
1343
1344
1344
1345
1345
1346
1346
1346
1347
1347
1348
1348
1348
1349
1349
1349
1350
1350
1350
1351
1351
1352
1352
1353
1353
1353
1354
1354
1355
1355
1355
1356
1356
1356
1357
1357
1357
1358
1358
1359
1359
1360
1360
1361
1361
1362
1362
1363
1363
1363
1364
1364
1365
1365
1366
1366
1367
1367
1367
1368
1368
1369
1369
1369
1370
1370
1370
1371
1371
1371
1372
1372
1373
1373
1374
1374
1374
1375
1375
1376
1376
1376
1377
1377
1377
1378
1378
1378
1379
1379
1380
1380
1381
1381
1382
1382
1383
1383
1384
1384
1384
1385
1385
1386
1386
1387
1387
1388
1388
1388
1389
1389
1390
1390
1390
1391
1391
1391
1392
1392
1392
1393
1393
1394
1394
1395
1395
1395
1396
1396
1397
1397
1397
1398
1398
1398
1399
1399
1399
1400
1400
1401
1401
1402
1402
1403
1403
1404
1404
1405
1405
1405
1406
1406
1407
1407
1408
1408
1409
1409
1409
1410
1410
1411
1411
1411
1412
1412
1412
1413
1413
1413
1414
1414
1415
1415
1416
1416
1416
1417
1417
1418
1418
1418
1419
1419
1419
1420
1420
1420
1421
1421
1422
1422
1423
1423
1424
1424
1425
1425
1426
1426
1426
1427
1427
1428
1428
1429
1429
1430
1430
1430
1431
1431
1432
1432
1432
1433
1433
1433
1434
1434
1434
1435
1435
1436
1436
1437
1437
1437
1438
1438
1439
1439
1439
1440
1440
1440
1441
1441
1441
1442
1442
1443
1443
1444
1444
1445
1445
1446
1446
1447
1447
1447
1448
1448
1449
1449
1450
1450
1451
1451
1451
1452
1452
1453
1453
1453
1454
1454
1454
1455
1455
1455
1456
1456
1457
1457
1458
1458
1458
1459
1459
1460
1460
1460
1461
1461
1461
1462
1462
1462
1463
1463
1464
1464
1465
1465
1466
1466
1467
1467
1468
1468
1468
1469
1469
1470
1470
1471
1471
1472
1472
1472
1473
1473
1474
1474
1474
1475
1475
1475
1476
1476
1476
1477
1477
1478
1478
1479
1479
1479
1480
1480
1481
1481
1481
1482
1482
1482
1483
1483
1483
1484
1484
1485
1485
1486
1487
1487
1488
1488
1489
1489
1490
1491
1491
1492
1492
1493
1493
1494
1494
1495
1495
1496
1497
1498
1498
1499
1499
1500
1501
1501
1502
1503
1505
1505
1506
1506
1507
1507
1508
1508
1509
1510
1510
1511
1512
1512
1513
1513
1514
1514
1514
1515
1515
1516
1516
1517
1517
1518
1518
1519
1519
1520
1520
1521
1521
1521
1522
1522
1523
1523
1524
1524
1525
1525
1526
1526
1527
1527
1528
1528
1529
1529
1530
1531
1531
1532
1533
1533
1534
1534
1535
1535
1535
1536
1536
1537
1537
1538
1538
1539
1539
1540
1540
1541
1541
1542
1542
1542
1543
1543
1544
1544
1545
1545
1546
1546
1547
1547
1548
1548
1549
1549
1550
1550
1551
1552
1552
1553
1554
1554
1555
1555
1556
1556
1556
1557
1557
1558
1558
1559
1559
1560
1560
1561
1561
1562
1562
1563
1563
1563
1564
1564
1565
1565
1566
1566
1567
1567
1568
1568
1569
1569
1570
1570
1571
1571
1572
1573
1573
1574
1575
1575
1576
1576
1577
1577
1577
1578
1578
1579
1579
1580
1580
1581
1581
1582
1582
1583
1583
1584
1584
1584
1585
1585
1586
1586
1587
1587
1588
1588
1589
1589
1590
1590
1591
1591
1592
1592
1593
1594
1594
1595
1596
1596
1597
1597
1598
1598
1598
1599
1599
1600
1600
1601
1601
1602
1602
1603
1603
1604
1604
1605
1605
1605
1606
1606
1607
1607
1608
1608
1609
1609
1610
1610
1611
1611
1612
1612
1613
1613
1614
1615
1615
1616
1617
1617
1618
1618
1619
1619
1619
1620
1620
1621
1621
1622
1622
1623
1623
1624
1624
1625
1625
1626
1626
1626
1627
1627
1628
1628
1629
1629
1630
1630
1631
1631
1632
1632
1633
1633
1634
1634
1635
1636
1636
1637
1638
1638
1639
1639
1640
1640
1641
1641
1642
1642
1643
1644
1645
1645
1646
1646
1647
1647
1648
1648
1649
1649
1650
1651
1652
1652
1653
1653
1654
1655
1655
1656
1657
1
263
264
265
204
205
281
205
206
207
208
5
206
209
6
311
324
326
10
342
355
357
374
231
232
233
236
389
403
409
410
416
240
242
238
239
245
246
247
248
246
251
252
0
254
257
271
273
277
278
279
302
303
304
305
306
308
9
331
332
334
13
362
364
366
368
371
17
395
396
425
430
445
458
24
465
473
482
28
254
493
32
276
500
38
523
529
531
43
539
545
547
555
425
584
593
597
67
454
615
461
70
456
474
479
480
490
505
509
675
517
519
90
533
535
711
96
549
551
732
567
574
582
592
610
779
609
621
614
618
619
68
634
645
647
649
651
629
630
652
653
655
656
74
658
659
660
75
662
664
666
675
676
677
678
686
688
690
692
102
748
752
753
757
761
765
769
799
802
804
805
808
809
811
814
120
624
815
121
648
820
656
830
831
131
677
859
867
869
712
713
883
885
733
734
899
901
738
755
906
907
917
929
923
164
783
796
941
165
800
945
797
813
963
972
973
823
824
825
826
818
836
844
852
853
857
858
1002
879
881
895
897
903
905
913
933
934
942
1127
953
970
966
975
1147
976
168
979
980
981
170
984
989
998
1000
1002
1003
1004
177
1027
1028
1030
181
1052
182
1054
1056
1057
186
1079
187
1081
1082
1104
1123
1125
1127
1140
1131
1138
1144
200
1139
1141
1145
1009
1011
1015
1016
1017
1018
1022
1024
1034
1036
201
1035
1037
1149
1048
1050
1148
1150
1061
1063
202
1062
1064
1152
1075
1077
1151
1153
1076
1078
1089
203
1095
1096
1154
1102
1124
1113
1119
1120
204
210
204
207
210
212
207
208
212
213
208
213
216
210
211
210
211
212
214
211
218
211
214
218
220
212
213
214
215
213
215
216
214
215
220
221
215
221
216
217
217
224
218
219
218
219
220
222
226
226
228
220
221
222
223
221
223
228
229
229
224
225
232
227
227
230
230
231
231
240
1
240
245
1
245
246
263
246
263
3
257
258
281
0
240
257
258
3
257
1
264
258
281
205
264
1
240
256
258
263
265
205
206
264
265
206
265
5
270
2
263
270
2
271
5
270
271
295
271
295
3
277
277
282
304
3
204
281
282
6
282
6
204
210
282
3
277
282
204
205
207
206
208
209
5
209
295
297
208
209
216
209
216
297
297
324
295
297
295
297
302
303
9
297
303
324
304
305
305
335
305
335
6
210
211
311
10
311
10
211
218
311
216
217
217
224
326
355
9
324
326
331
13
326
331
355
335
336
335
336
367
10
218
219
342
14
14
226
224
225
232
387
13
355
357
362
17
387
368
374
397
397
227
374
18
234
18
374
397
227
234
234
235
235
236
231
236
233
389
20
236
416
20
415
416
17
389
396
389
415
417
415
417
422
402
403
21
397
402
21
402
426
427
409
22
426
427
410
22
432
432
23
415
416
417
23
416
432
439
23
439
417
427
427
433
433
434
432
434
439
237
238
238
239
239
243
254
0
240
241
242
243
241
243
237
241
242
243
238
245
247
239
246
248
2
251
252
253
273
251
253
482
253
273
254
255
3
255
257
278
254
255
33
255
278
493
271
276
295
302
32
273
276
276
302
500
33
279
279
306
507
277
279
304
306
9
303
332
302
303
513
515
303
332
515
529
308
337
306
308
308
337
13
331
334
364
332
334
529
334
364
337
339
337
339
369
336
339
367
369
17
395
364
366
366
395
561
371
398
555
398
397
398
422
395
396
563
396
422
576
397
400
402
424
424
425
398
400
424
570
424
425
21
402
424
425
430
417
422
423
444
417
441
443
444
443
444
423
444
578
21
427
430
445
446
445
445
446
447
446
447
448
450
448
449
450
451
449
451
439
443
452
453
452
454
452
453
454
443
453
447
450
450
451
615
451
454
615
459
237
458
459
458
461
457
459
461
24
455
458
462
24
455
465
24
455
456
465
456
465
239
251
465
472
251
472
473
482
465
472
474
472
473
474
476
473
476
482
477
478
254
478
457
477
478
479
28
477
478
479
480
32
489
482
489
490
32
489
502
33
493
28
480
493
497
33
493
497
509
500
32
500
502
500
504
513
517
33
279
507
38
507
33
505
507
509
38
505
507
520
513
515
515
529
513
515
517
519
515
519
529
533
43
523
38
520
521
523
43
521
523
536
531
545
529
531
533
535
531
535
545
549
48
43
536
537
539
48
552
547
561
545
547
549
551
547
561
565
53
398
555
553
555
53
568
395
561
563
576
563
567
576
580
58
398
570
570
574
58
570
585
587
58
424
425
570
584
62
578
62
444
589
62
576
578
582
591
62
591
593
58
584
587
593
594
593
594
595
443
453
589
603
453
603
605
589
603
605
609
610
62
589
592
610
447
597
611
595
597
612
611
612
611
66
611
614
66
618
66
615
67
615
66
615
618
619
67
615
619
622
67
454
605
67
622
67
621
605
609
621
455
462
623
455
623
455
623
625
455
456
456
455
456
625
626
456
626
70
456
626
457
629
461
462
623
68
68
623
474
476
70
474
476
645
476
647
476
490
476
645
647
74
476
490
647
480
75
480
653
629
652
653
490
491
502
658
74
490
658
502
658
668
75
480
495
497
497
509
75
497
662
497
662
675
502
504
502
668
670
504
517
670
686
505
520
505
520
676
693
505
675
676
519
533
519
686
688
90
519
533
688
520
521
521
536
520
521
693
694
521
536
694
714
96
535
549
711
90
711
96
711
536
537
552
536
537
714
715
552
735
102
551
565
732
96
732
102
732
553
553
736
553
568
568
754
580
102
565
567
748
763
585
587
757
108
582
591
779
591
777
779
765
587
587
771
594
595
784
785
610
795
779
116
610
795
595
785
612
612
614
117
117
799
619
622
621
622
621
622
810
811
609
610
795
609
621
795
810
621
810
614
618
614
799
614
618
799
804
619
618
619
804
805
619
805
622
811
623
624
623
624
625
627
624
624
627
625
626
627
628
626
628
627
628
628
70
626
628
648
628
648
629
630
630
68
623
624
634
634
624
634
70
645
648
649
648
649
74
647
651
659
649
651
651
659
75
653
656
664
656
664
630
655
656
658
660
668
672
125
659
660
660
672
662
666
675
677
664
666
666
677
668
670
672
674
672
674
670
674
686
690
674
690
676
678
693
695
678
695
874
677
678
859
90
688
692
712
690
692
692
712
693
694
695
696
694
696
714
716
695
696
874
696
716
90
711
712
713
96
711
713
733
712
713
713
733
714
715
716
717
735
737
716
717
737
96
732
733
734
102
732
753
733
734
734
753
736
738
738
754
755
738
755
763
767
752
753
767
108
773
761
773
777
779
781
783
769
781
783
940
769
771
775
773
775
936
784
785
786
787
786
787
779
783
116
795
796
797
783
164
796
797
785
787
800
787
800
945
117
800
117
799
800
802
165
800
165
800
802
969
810
811
813
814
813
814
795
797
810
813
810
813
797
813
813
799
802
804
808
802
802
808
805
809
808
809
809
814
120
624
627
120
627
628
820
628
820
634
815
816
630
634
816
830
815
816
818
819
816
818
830
836
815
819
120
815
819
823
120
820
823
824
820
824
121
649
121
824
121
828
829
844
649
651
828
828
844
830
832
836
126
830
831
832
852
125
659
125
844
848
125
130
660
847
130
847
848
857
126
664
850
131
850
126
853
131
850
853
863
130
672
856
674
856
867
130
856
857
858
856
858
871
678
859
874
131
859
863
865
859
865
874
867
869
871
873
712
869
883
869
873
883
887
874
875
875
890
874
875
875
890
713
733
885
899
883
885
887
889
885
889
899
903
890
891
906
890
891
906
753
915
899
901
903
905
915
919
151
755
923
907
913
151
923
925
921
929
931
933
929
917
921
929
156
773
923
936
156
923
925
927
156
936
769
929
931
940
783
940
931
940
942
944
945
936
939
944
946
944
945
946
164
797
963
164
943
963
965
967
164
941
943
165
969
165
945
952
165
970
802
969
969
970
969
970
972
974
972
973
974
975
973
975
167
814
973
167
813
814
167
963
966
967
167
973
975
963
967
969
972
973
818
819
836
819
823
825
819
825
819
976
168
819
825
976
824
826
168
825
826
979
826
979
824
826
829
829
844
832
852
836
976
977
170
977
169
979
169
844
983
848
857
983
998
853
863
170
852
984
853
863
984
1003
857
998
1002
176
858
871
1002
176
1002
863
865
865
879
863
865
1003
1004
177
865
879
1004
871
873
873
887
176
871
873
1026
181
873
887
1026
881
895
177
879
881
1028
182
881
895
1028
887
889
181
887
889
1052
186
889
903
1052
889
903
911
182
895
897
1054
187
911
905
919
186
903
905
1079
191
919
913
925
927
187
913
1081
925
927
1105
921
933
933
921
1104
195
933
1104
1127
927
927
938
939
1128
927
1105
1106
1128
939
1128
942
943
1127
1140
1142
942
943
942
1127
939
946
946
950
952
939
946
950
1130
950
952
953
1130
1144
200
966
1147
200
965
966
967
1142
943
965
965
967
965
1142
952
953
970
970
974
953
1144
1146
953
970
974
1146
974
975
975
974
975
1146
1147
975
1147
966
967
170
977
988
168
976
980
976
978
980
988
980
988
994
169
979
981
980
981
994
995
981
995
169
172
981
982
172
982
983
998
984
989
1003
170
988
989
989
989
990
1008
1009
988
990
988
994
996
994
995
996
997
995
997
172
995
1001
172
998
1000
1001
997
1001
1022
1000
1001
1023
176
1000
1002
1023
176
1002
1003
1004
1008
1010
177
1004
1027
1004
1010
1027
1034
1008
1010
1010
1034
1022
1023
1024
1025
176
1023
1025
1026
1023
1025
1025
1049
181
1025
1026
1049
182
1028
1030
1056
1027
1030
1034
1030
1056
1049
1051
181
1049
1051
1052
186
1051
1052
1076
186
1052
187
1082
1056
1057
1057
1082
1086
186
1076
1078
1079
1078
1101
191
1101
191
1105
1081
1105
1110
1081
1082
1088
1082
1086
1088
1110
1103
1124
1125
1126
195
1104
1125
1127
1103
1125
1103
1104
1125
1106
1112
1128
196
1128
1130
196
1112
196
1110
1112
1113
1132
196
1132
1113
1132
1138
1132
1136
1138
1136
1137
1138
1139
1120
1137
1139
1143
1120
1124
1126
1143
1126
1139
1143
1140
1143
1127
1140
1140
1142
196
1130
1131
1144
1144
1146
199
1144
1146
1138
199
1145
1146
1147
200
1145
1147
1138
1139
1139
200
1141
1142
990
1009
996
1015
996
997
1015
1016
997
1016
1008
1009
1010
1011
1010
1011
1034
1035
1011
1015
1017
1011
1035
201
1011
1017
1035
1016
1018
201
1017
1018
1148
1018
1148
1024
1048
1148
1024
1025
1048
1049
1034
1035
1036
1037
1036
1061
1036
1037
1061
1062
202
1037
1062
1149
201
1149
202
1149
1148
1150
201
1148
1149
1150
202
1149
1150
1151
1150
1151
1048
1049
1050
1051
1050
1075
1150
1151
1050
1051
1075
1076
1051
1076
1061
1062
1063
1064
1063
1086
1063
1086
1087
203
1064
1087
1152
202
1152
203
1152
1153
1154
202
1151
1152
1153
1151
1153
203
1152
1154
1075
1076
1077
1078
1100
1154
1100
1101
1088
1089
1110
1111
203
1087
1089
1095
1111
1117
1096
1154
1117
1118
1118
1102
1103
1124
1124
1119
1120
2
246
252
439
239
251
243
254
478
425
454
630
830
126
656
831
936
945
181
1026
)


// ************************************************************************* //
