/*--------------------------------*- C++ -*----------------------------------*\
| =========                 |                                                 |
| \\      /  F ield         | OpenFOAM: The Open Source CFD Toolbox           |
|  \\    /   O peration     | Version:  5.x                                   |
|   \\  /    A nd           | Web:      www.OpenFOAM.org                      |
|    \\/     M anipulation  |                                                 |
\*---------------------------------------------------------------------------*/
FoamFile
{
    version     2.0;
    format      ascii;
    class       labelList;
    location    "constant/tumor/polyMesh";
    object      pointRegionAddressing;
}
// * * * * * * * * * * * * * * * * * * * * * * * * * * * * * * * * * * * * * //


1599
(
13473
13474
13509
13510
13543
13544
14383
14384
14508
14509
15280
15281
15352
15353
15384
15385
15413
15414
15464
15465
16209
16210
16281
16282
16312
16313
16340
16341
16388
16389
17171
17172
17286
17287
18146
18147
18179
18180
18209
18210
28467
28468
28471
28472
28476
28482
28483
28484
28592
28593
28597
28598
28612
28613
28618
28619
28736
28737
28846
28847
28853
28854
28869
28870
28876
28877
28987
28988
28993
29006
29007
29008
38648
38649
38651
38652
38670
38672
38673
38674
38675
38676
38679
38699
38701
38702
38703
38704
38705
38708
38731
38733
38734
38736
38740
38766
38769
39214
39215
39217
39218
39239
39240
39241
39242
39244
39245
39263
39265
39266
39269
39289
39291
39292
39295
39318
39320
39321
39322
39323
39326
39350
39352
39353
39354
39355
39358
39382
39385
39814
39815
39817
39818
39819
39820
39822
39841
39842
39844
39846
39868
39869
39871
39872
39894
39895
39897
39898
39921
39924
39948
39951
39952
39953
39980
39983
39985
39986
39988
40445
40446
40448
40449
40450
40451
40453
40473
40474
40476
40477
40478
40480
40500
40501
40503
40504
40526
40527
40529
40530
40556
40559
40584
40587
40588
40589
40590
40591
40615
40618
40620
40621
40623
41080
41083
41106
41107
41109
41110
41111
41113
41136
41139
41140
41141
41167
41170
41171
41172
41200
41203
41204
41205
41206
41207
41233
41236
41237
41238
41239
41240
41750
41753
41773
41776
41777
41779
41780
41808
41811
41812
41814
41815
41845
41848
41851
53898
53916
53919
53922
53941
53944
53947
54335
54336
54338
54339
54341
54342
54354
54356
54357
54358
54359
54360
54361
54363
54377
54378
54379
54380
54382
54383
54400
54402
54403
54404
54405
54408
54425
54426
54427
54428
54429
54430
54431
54432
54433
54452
54455
54456
54803
54806
54809
54823
54824
54826
54828
54843
54844
54846
54847
54862
54865
54883
54886
54887
54888
54909
54910
54912
54913
54930
54932
54934
54935
54936
54937
54939
55314
55317
55320
55336
55337
55339
55340
55342
55358
55361
55362
55363
55380
55383
55401
55404
55427
55428
55430
55431
55453
55456
55457
55458
55459
55460
55461
55832
55835
55851
55852
55854
55855
55856
55857
55858
55860
55875
55876
55878
55879
55895
55898
55899
55900
55920
55923
55924
55925
55926
55927
55949
55950
55952
55953
55970
55971
55973
55974
55975
55976
55977
55979
56378
56381
56384
56399
56401
56402
56404
56405
56406
56407
56424
56425
56427
56428
56429
56430
56452
56455
56456
56457
56458
56459
56460
56483
56484
56485
56487
56488
56490
56491
366504
366505
366506
366507
366508
366509
366510
366511
366512
366513
366514
366515
366516
366517
366518
366519
366520
366521
366522
366523
366524
366525
366526
366527
366528
366529
366530
366531
366532
366533
366534
366535
366536
366537
366538
366539
366540
366541
366542
366543
366544
366545
366546
366547
366548
366549
366550
366551
366552
366553
366554
366555
366556
366557
366558
366559
366560
366561
366562
366563
366564
366565
366566
366567
366568
366569
366570
366571
366572
366573
366574
366575
366576
366577
366578
366579
366580
366581
366582
366583
366584
366585
366586
366587
366588
366589
366590
366591
366592
366593
366594
366595
366596
366597
366598
366599
366600
366601
366602
366603
366604
366605
366606
366607
366608
366609
366610
366611
366612
366613
366614
366615
366616
366617
366618
366619
366620
366621
366622
366623
366624
366625
366626
366627
366628
366629
366630
366631
366632
366633
366634
366635
366636
366637
366638
366639
366640
366641
366642
366643
366644
366645
366646
366647
366648
366649
366650
366651
366652
366653
366654
366655
366656
366657
366658
366659
366660
366661
366662
366663
366664
366665
366666
366667
366668
366669
366670
366671
366672
366673
366674
366675
366676
366677
366678
366679
366680
366681
366682
366683
366684
366685
366686
366687
366688
366689
366690
366691
366692
366693
366694
366695
366696
366697
366698
366699
366700
366701
366702
366703
366704
366705
366706
366707
366708
366709
366710
366711
366712
366713
366714
366715
366716
366717
366718
366719
366720
366721
366722
366723
366724
366725
366726
366727
366728
366729
366730
366731
366732
366733
366734
366735
366736
366737
366738
366739
366740
366741
366742
366743
366744
366745
366746
366747
366748
366749
366750
366751
366752
366753
366754
366755
366756
366757
366758
366759
366760
366761
366762
366763
366764
366765
366766
366767
366768
366769
366770
366771
366772
366773
366774
366775
366776
366777
366778
366779
366780
366781
366782
366783
366784
366785
366786
366787
366788
366789
366790
366791
366792
366793
366794
366795
366796
366797
366798
366799
366800
366801
366802
366803
366804
366805
366806
366807
366808
366809
366810
366811
366812
366813
366814
366815
366816
366817
366818
366819
366820
366821
366822
366823
366824
366825
366826
366827
366828
366829
366830
366831
366832
366833
366834
366835
366836
366837
366838
366839
366840
366841
366842
366843
366844
366845
366846
366847
366848
366849
366850
366851
366852
366853
366854
366855
366856
366857
366858
366859
366860
366861
366862
366863
366864
366865
366866
366867
366868
366869
366870
366871
366872
366873
366874
366875
366876
366877
366878
366879
366880
366881
366882
366883
366884
366885
366886
366887
366888
366889
366890
366891
366892
366893
366894
366895
366896
366897
366898
366899
366900
366901
366902
366903
366904
366905
366906
366907
366908
366909
366910
366911
366912
366913
366914
366915
366916
366917
366918
366919
366920
366921
366922
366923
366924
366925
366926
366927
366928
366929
366930
366931
366932
366933
366934
366935
366936
366937
366938
366939
366940
366941
366942
366943
366944
366945
366946
366947
366948
366949
366950
366951
366952
366953
366954
366955
366956
366957
366958
366959
366960
366961
366962
366963
366964
366965
366966
366967
366968
366969
366970
366971
366972
366973
366974
366975
366976
366977
366978
366979
366980
366981
366982
366983
366984
366985
366986
366987
366988
366989
366990
366991
366992
366993
366994
366995
366996
366997
366998
366999
367000
367001
367002
367003
367004
367005
367006
367007
367008
367009
367010
367011
367012
367013
367014
367015
367016
367017
367018
367019
367020
367021
367022
367023
367024
367025
367026
367027
367028
367029
367030
367031
367032
367033
367034
367035
367036
367037
367038
367039
367040
367041
367042
367043
367044
367045
367046
367047
367048
367049
367050
367051
367052
367053
367054
367055
367056
367057
367058
367059
367060
367061
367062
367063
367064
367065
367066
367067
367068
367069
367070
367071
367072
367073
367074
367075
367076
367077
367078
367079
367080
367081
367082
367083
367084
367085
367086
367087
367088
367089
367090
367091
367092
367093
367094
367095
367096
367097
367098
367099
367100
367101
367102
367103
367104
367105
367106
367107
367108
367109
367110
367111
367112
367113
367114
367115
367116
367117
367118
367119
367120
367121
367122
367123
367124
367125
367126
367127
367128
367129
367130
367131
367132
367133
367134
367135
367136
367137
367138
367139
367140
367141
367142
367143
367144
367145
367146
367147
367148
367149
367150
367151
367152
367153
367154
367155
367156
367157
367158
367159
367160
367161
367162
367163
367164
367165
367166
367167
367168
367169
367170
367171
367172
367173
367174
367175
367176
367177
367178
367179
367180
367181
367182
367183
367184
367185
367186
367187
367188
367189
367190
367191
367192
367193
367194
367195
367196
367197
367198
367199
367200
367201
367202
367203
367204
367205
367206
367207
367208
367209
367210
367211
367212
367213
367214
367215
367216
367217
367218
367219
367220
367221
367222
367223
367224
367225
367226
367227
367228
367229
367230
367231
367232
367233
367234
367235
367236
367237
367238
367239
367240
367241
367242
367243
367244
367245
367246
367247
367248
367249
367250
367251
367252
367253
367254
367255
367256
367257
367258
367259
367260
367261
367262
367263
367264
367265
367266
367267
367268
367269
367270
367271
367272
367273
367274
367275
367276
367277
367278
367279
367280
367281
367282
367283
367284
367285
367286
367287
367288
367289
367290
367291
367292
367293
367294
367295
367296
367297
367298
367299
367300
367301
367302
367303
367304
367305
367306
367307
367308
367309
367310
367311
367312
367313
367314
367315
367316
367317
367318
367319
367320
367321
367322
367323
367324
367325
367326
367327
367328
367329
367330
367331
367332
367333
367334
367335
367336
367337
367338
367339
367340
367341
367342
367343
367344
367345
367346
367347
367348
367349
367350
367351
367352
367353
367354
367355
367356
367357
367358
367359
367360
367361
367362
367363
367364
367365
367366
367367
367368
367369
367370
367371
367372
367373
367374
367375
367376
367377
367378
367379
367380
367381
367382
367383
367384
367385
367386
367387
367388
367389
367390
367391
367392
367393
367394
367395
367396
367397
367398
367399
367400
367401
367402
367403
367404
367405
367406
367407
367408
367409
367410
367411
367412
367413
367414
367415
367416
367417
367418
367419
367420
367421
367422
367423
367424
367425
367426
367427
367428
367429
367430
367431
367432
367433
367434
367435
367436
367437
367438
367439
367440
367441
367442
367443
367444
367445
367446
367447
367448
367449
367450
367451
367452
367453
367454
367455
367456
367457
367458
367459
367460
367461
367462
367463
367464
367465
367466
367467
367468
367469
367470
367471
367472
367473
367474
367475
367476
367477
367478
367479
367480
367481
367482
367483
367484
367485
367486
367487
367488
367489
367490
367491
367492
367493
367494
367495
367496
367497
367498
367499
367500
367501
367502
367503
367504
367505
367506
367507
367508
367509
367510
367511
367512
367513
367514
367515
367516
367517
367518
367519
367520
367521
367522
367523
367524
367525
367526
367527
367528
367529
367530
367531
367532
367533
367534
367535
367536
367537
367538
367539
367540
367541
367542
367543
367544
367545
367546
367547
367548
367549
367550
367551
367552
367553
367554
367555
367556
367557
367558
367559
367560
367561
367562
367563
367564
367565
367566
367567
367568
367569
367570
367571
367572
367573
367574
367575
367576
367577
367578
367579
367580
367581
367582
367583
367584
367585
367586
367587
367588
367589
367590
367591
367592
367593
367594
367595
367596
367597
367598
367599
367600
367601
367602
367603
367604
367605
367606
367607
367608
367609
367610
367611
367612
367613
367614
367615
367616
367617
367618
367619
367620
367621
367622
367623
367624
367625
367626
367627
367628
367629
367630
367631
367632
367633
367634
367635
367636
367637
367638
367639
367640
367641
367642
367643
367644
367645
367646
367647
367648
367649
367650
367651
367652
367653
367654
367655
367656
367657
367658
367659
367660
367661
367662
367663
367664
367665
367666
367667
367668
367669
367670
367671
367672
367673
367674
367675
367676
367677
367678
367679
367680
367681
367682
367683
367684
367685
367686
367687
367688
367689
367690
367691
367692
367693
367694
367695
367696
367697
367698
367699
367700
)


// ************************************************************************* //
