/*--------------------------------*- C++ -*----------------------------------*\
| =========                 |                                                 |
| \\      /  F ield         | OpenFOAM: The Open Source CFD Toolbox           |
|  \\    /   O peration     | Version:  5.x                                   |
|   \\  /    A nd           | Web:      www.OpenFOAM.org                      |
|    \\/     M anipulation  |                                                 |
\*---------------------------------------------------------------------------*/
FoamFile
{
    version     2.0;
    format      ascii;
    class       vectorField;
    location    "constant/tumor/polyMesh";
    object      points;
}
// * * * * * * * * * * * * * * * * * * * * * * * * * * * * * * * * * * * * * //


1599
(
(0.0081306 0.0369675 0.000656044)
(0.0119604 0.0369753 0.00067217)
(0.00818909 0.0401958 0.000167285)
(0.011908 0.0401968 0.000185695)
(0.0081826 0.0430866 0.000663533)
(0.0119149 0.0430777 0.000680069)
(0.00443604 0.0338287 0.00443604)
(0.0156287 0.0338625 0.00446387)
(0.00456399 0.0463953 0.00456399)
(0.0155036 0.046356 0.00458595)
(0.00818555 0.0303348 0.00818555)
(0.0119111 0.0303529 0.00818863)
(0.000656044 0.0369675 0.0081306)
(0.0193559 0.0369959 0.00814474)
(0.000167285 0.0401958 0.00818909)
(0.0198341 0.0401962 0.00819664)
(0.000663533 0.0430866 0.0081826)
(0.0193484 0.0430531 0.00818758)
(0.00813043 0.0496441 0.00813043)
(0.0119567 0.0496274 0.00813361)
(0.00818863 0.0303529 0.0119111)
(0.012034 0.0304227 0.012034)
(0.00067217 0.0369753 0.0119604)
(0.0193389 0.037003 0.0119502)
(0.000185695 0.0401968 0.011908)
(0.0198158 0.040195 0.0119006)
(0.000680069 0.0430777 0.0119149)
(0.0193329 0.0430437 0.0119062)
(0.00813361 0.0496274 0.0119567)
(0.0119534 0.0496108 0.0119534)
(0.00446387 0.0338625 0.0156287)
(0.0156027 0.0338992 0.0156027)
(0.00458595 0.046356 0.0155036)
(0.0154799 0.04632 0.0154799)
(0.00814474 0.0369959 0.0193559)
(0.0119502 0.037003 0.0193389)
(0.00819664 0.0401962 0.0198341)
(0.0119006 0.040195 0.0198158)
(0.00818758 0.0430531 0.0193484)
(0.0119062 0.0430437 0.0193329)
(0.00596969 0.0351026 0.00226877)
(0.0141102 0.0351251 0.00229661)
(0.00296219 0.0390312 0.00296219)
(0.0170784 0.0389709 0.00301165)
(0.00299231 0.0413359 0.00299231)
(0.00608379 0.0451903 0.00240238)
(0.0100491 0.0453862 0.00157468)
(0.0139998 0.0451658 0.00242926)
(0.00599765 0.0317561 0.00599765)
(0.0140801 0.0317837 0.00601931)
(0.00226877 0.0351026 0.00596969)
(0.0177688 0.0351412 0.00599542)
(0.00240238 0.0451903 0.00608379)
(0.017636 0.0451484 0.00610311)
(0.00602245 0.0482679 0.00602245)
(0.0140559 0.0482358 0.00603502)
(0.00157468 0.0453862 0.0100491)
(0.0184519 0.0453444 0.0100468)
(0.00601931 0.0317837 0.0140801)
(0.0141635 0.0319173 0.0141635)
(0.00229661 0.0351251 0.0141102)
(0.017739 0.0351634 0.0140884)
(0.00242926 0.0451658 0.0139998)
(0.0176095 0.0451252 0.0139783)
(0.00603502 0.0482358 0.0140559)
(0.0140424 0.0482048 0.0140424)
(0.00599542 0.0351412 0.0177688)
(0.0140884 0.0351634 0.017739)
(0.00301165 0.0389709 0.0170784)
(0.00610311 0.0451484 0.017636)
(0.0100468 0.0453444 0.0184519)
(0.0139783 0.0451252 0.0176095)
(0.00864835 0.0358659 0.000995435)
(0.0080803 0.0338137 0.00238128)
(0.0114408 0.035873 0.001006)
(0.0120087 0.0338259 0.00239435)
(0.00672422 0.0374058 0.000914871)
(0.00437259 0.0368311 0.00236521)
(0.0100468 0.0370511 0.000444806)
(0.00820062 0.0385894 0.00026488)
(0.0133603 0.0374195 0.000941883)
(0.0118942 0.0385936 0.000282281)
(0.0156953 0.0368544 0.002406)
(0.00652835 0.0401966 0.000624022)
(0.00402943 0.0401929 0.00198033)
(0.0100496 0.0401961 2.04514e-06)
(0.00820882 0.0417353 0.000315965)
(0.0135593 0.0401982 0.000656994)
(0.0118894 0.0417324 0.000334134)
(0.0162547 0.0402728 0.00220227)
(0.00680111 0.0428887 0.000976563)
(0.00445686 0.0435124 0.00245435)
(0.0100501 0.0431703 0.00051596)
(0.013283 0.0428756 0.00100264)
(0.0155933 0.0434723 0.00247288)
(0.00812586 0.0464241 0.00256905)
(0.0119659 0.0464106 0.0025811)
(0.00807171 0.0320194 0.0042911)
(0.00817246 0.0307789 0.00658943)
(0.0120181 0.032033 0.00430312)
(0.0119215 0.0307936 0.00660151)
(0.00588159 0.0332814 0.00384372)
(0.00386817 0.0350199 0.00386817)
(0.00384372 0.0332814 0.00588159)
(0.0141962 0.0333079 0.00386747)
(0.0161922 0.0350547 0.00390076)
(0.0162147 0.0333197 0.00590717)
(0.00236521 0.0368311 0.00437259)
(0.000914871 0.0374058 0.00672422)
(0.0176718 0.03686 0.00440676)
(0.0191012 0.0374339 0.00674678)
(0.00198033 0.0401929 0.00402943)
(0.000624022 0.0401966 0.00652835)
(0.0178787 0.0402716 0.00384755)
(0.0193842 0.0401976 0.00655064)
(0.00245435 0.0435124 0.00445686)
(0.000976563 0.0428887 0.00680111)
(0.00398648 0.0452607 0.00398648)
(0.0176041 0.0434663 0.00450795)
(0.0160771 0.0452189 0.00401406)
(0.0190405 0.0428593 0.00682279)
(0.00599186 0.0469147 0.00398988)
(0.00398988 0.0469147 0.00599186)
(0.00811097 0.0481385 0.00450485)
(0.0140879 0.0468846 0.00400908)
(0.0119774 0.0481233 0.00451347)
(0.0160715 0.0468714 0.0060099)
(0.00863639 0.0493577 0.00674816)
(0.0114508 0.049346 0.00675222)
(0.00658943 0.0307789 0.00817246)
(0.0042911 0.0320194 0.00807171)
(0.0100516 0.03017 0.00816492)
(0.00816492 0.03017 0.0100516)
(0.0134891 0.0308072 0.0081782)
(0.011934 0.0301888 0.0100304)
(0.0157656 0.0320559 0.0080895)
(0.00238128 0.0338137 0.0080803)
(0.000995435 0.0358659 0.00864835)
(0.0176572 0.033857 0.00809447)
(0.0190231 0.0359023 0.0086611)
(0.00026488 0.0385894 0.00820062)
(0.000444806 0.0370511 0.0100468)
(0.0197387 0.0386028 0.00820972)
(0.0195622 0.0370738 0.010049)
(0.000315965 0.0417353 0.00820882)
(2.04514e-06 0.0401961 0.0100496)
(0.0196874 0.0417216 0.00821394)
(0.019998 0.0401953 0.0100495)
(0.00051596 0.0431703 0.0100501)
(0.0194952 0.0431368 0.0100477)
(0.00256905 0.0464241 0.00812586)
(0.00450485 0.0481385 0.00811097)
(0.0174727 0.0463773 0.00813224)
(0.0155602 0.0480958 0.00811797)
(0.00674816 0.0493577 0.00863639)
(0.0100449 0.0498403 0.00822076)
(0.00822076 0.0498403 0.0100449)
(0.0133317 0.0493302 0.00864101)
(0.0118671 0.0498241 0.0100449)
(0.00660151 0.0307936 0.0119215)
(0.00430312 0.032033 0.0120181)
(0.0100304 0.0301888 0.011934)
(0.0081782 0.0308072 0.0134891)
(0.0134588 0.0307389 0.0115059)
(0.0115059 0.0307389 0.0134588)
(0.0157122 0.0320474 0.0120316)
(0.00239435 0.0338259 0.0120087)
(0.001006 0.035873 0.0114408)
(0.00386747 0.0333079 0.0141962)
(0.0176419 0.0338689 0.0120027)
(0.0161943 0.0333533 0.0141777)
(0.0190118 0.0359094 0.0114333)
(0.000282281 0.0385936 0.0118942)
(0.000941883 0.0374195 0.0133603)
(0.0197206 0.038605 0.011888)
(0.0190745 0.0374441 0.0133347)
(0.000334134 0.0417324 0.0118894)
(0.000656994 0.0401982 0.0135593)
(0.0196701 0.041717 0.0118818)
(0.0193555 0.040196 0.0135265)
(0.00100264 0.0428756 0.013283)
(0.019015 0.0428444 0.0132618)
(0.0025811 0.0464106 0.0119659)
(0.00451347 0.0481233 0.0119774)
(0.00400908 0.0468846 0.0140879)
(0.0174606 0.0463651 0.0119559)
(0.0155511 0.0480813 0.0119691)
(0.0160512 0.0468438 0.0140676)
(0.00675222 0.049346 0.0114508)
(0.0100449 0.0498241 0.0118671)
(0.00864101 0.0493302 0.0133317)
(0.0133275 0.0493186 0.0114459)
(0.0114459 0.0493186 0.0133275)
(0.0080895 0.0320559 0.0157656)
(0.0120316 0.0320474 0.0157122)
(0.00590717 0.0333197 0.0162147)
(0.00390076 0.0350547 0.0161922)
(0.00809447 0.033857 0.0176572)
(0.0141777 0.0333533 0.0161943)
(0.0120027 0.0338689 0.0176419)
(0.0161616 0.0350939 0.0161616)
(0.002406 0.0368544 0.0156953)
(0.00440676 0.03686 0.0176718)
(0.0176537 0.0369053 0.015643)
(0.015643 0.0369053 0.0176537)
(0.00220227 0.0402728 0.0162547)
(0.00384755 0.0402716 0.0178787)
(0.0180021 0.040196 0.015994)
(0.015994 0.040196 0.0180021)
(0.00247288 0.0434723 0.0155933)
(0.00401406 0.0452189 0.0160771)
(0.00450795 0.0434663 0.0176041)
(0.0175678 0.0434389 0.015559)
(0.0160476 0.0451819 0.0160476)
(0.015559 0.0434389 0.0175678)
(0.0060099 0.0468714 0.0160715)
(0.00811797 0.0480958 0.0155602)
(0.00813224 0.0463773 0.0174727)
(0.0140676 0.0468438 0.0160512)
(0.0119691 0.0480813 0.0155511)
(0.0119559 0.0463651 0.0174606)
(0.0086611 0.0359023 0.0190231)
(0.0114333 0.0359094 0.0190118)
(0.00674678 0.0374339 0.0191012)
(0.010049 0.0370738 0.0195622)
(0.00820972 0.0386028 0.0197387)
(0.0133347 0.0374441 0.0190745)
(0.011888 0.038605 0.0197206)
(0.00655064 0.0401976 0.0193842)
(0.0100495 0.0401953 0.019998)
(0.00821394 0.0417216 0.0196874)
(0.0135265 0.040196 0.0193555)
(0.0118818 0.041717 0.0196701)
(0.00682279 0.0428593 0.0190405)
(0.0100477 0.0431368 0.0194952)
(0.0132618 0.0428444 0.019015)
(0.0100456 0.0358191 0.000916045)
(0.00658487 0.0386152 0.000703799)
(0.0100484 0.0385606 0.000104258)
(0.0135012 0.0386233 0.000734684)
(0.00661374 0.041743 0.000753637)
(0.01005 0.0417549 0.000155319)
(0.0134677 0.0417379 0.000782915)
(0.00661167 0.0340474 0.00271396)
(0.00658285 0.032321 0.00458191)
(0.0100459 0.0337037 0.00223123)
(0.0100466 0.0318844 0.00415744)
(0.0134696 0.0340682 0.00273533)
(0.0134984 0.0323436 0.00460183)
(0.00466392 0.0356839 0.00272693)
(0.00272693 0.0356839 0.00466392)
(0.00797543 0.0351274 0.00150538)
(0.00593786 0.0367708 0.00145182)
(0.0121138 0.0351388 0.00152057)
(0.0154041 0.035713 0.00275999)
(0.0141448 0.0367898 0.00148441)
(0.0173177 0.0357206 0.00469551)
(0.00391249 0.0384537 0.00221853)
(0.00293019 0.0401882 0.00293019)
(0.00221853 0.0384537 0.00391249)
(0.0161673 0.0384519 0.00228195)
(0.0171146 0.0397894 0.00297585)
(0.0177985 0.0384548 0.00393411)
(0.00395606 0.0419186 0.00226761)
(0.00226761 0.0419186 0.00395606)
(0.00606913 0.0435608 0.00152245)
(0.0159089 0.0419395 0.00216906)
(0.0139984 0.0435484 0.00154888)
(0.0179092 0.0419359 0.00419504)
(0.00476369 0.0446156 0.00283917)
(0.00283917 0.0446156 0.00476369)
(0.00804591 0.04529 0.0017418)
(0.00669229 0.0461983 0.00288385)
(0.012049 0.0452786 0.00175756)
(0.0100471 0.0465222 0.00241987)
(0.0153035 0.0445854 0.00286933)
(0.0133924 0.0461745 0.00290305)
(0.0172075 0.0445774 0.00479432)
(0.0066703 0.0478239 0.00473693)
(0.0100456 0.0482777 0.00438946)
(0.0134109 0.0477981 0.00475071)
(0.00679641 0.0310852 0.00679641)
(0.010049 0.0306293 0.00650878)
(0.0132861 0.0311085 0.00681533)
(0.00458191 0.032321 0.00658285)
(0.00271396 0.0340474 0.00661167)
(0.0154815 0.032356 0.00660556)
(0.0173296 0.0340882 0.00663436)
(0.00145182 0.0367708 0.00593786)
(0.00150538 0.0351274 0.00797543)
(0.0185729 0.0368034 0.00596431)
(0.0185216 0.0351678 0.00799207)
(0.000703799 0.0386152 0.00658487)
(0.0193069 0.03863 0.00660828)
(0.000753637 0.041743 0.00661374)
(0.00152245 0.0435608 0.00606913)
(0.0192588 0.04173 0.00664127)
(0.0185076 0.0435328 0.0061091)
(0.00288385 0.0461983 0.00669229)
(0.0017418 0.04529 0.00804591)
(0.0171623 0.0461528 0.00670701)
(0.0182859 0.0452491 0.0080529)
(0.00473693 0.0478239 0.0066703)
(0.00799021 0.0489505 0.0060189)
(0.0060189 0.0489505 0.00799021)
(0.0120973 0.0489335 0.0060258)
(0.0100448 0.0494384 0.00669621)
(0.0153299 0.0477842 0.00668368)
(0.0140589 0.0489171 0.00799732)
(0.00650878 0.0306293 0.010049)
(0.0100582 0.0300003 0.0100582)
(0.0135469 0.0306502 0.00999146)
(0.00415744 0.0318844 0.0100466)
(0.00223123 0.0337037 0.0100459)
(0.0158707 0.0319049 0.0100708)
(0.0141941 0.0311852 0.01217)
(0.0178043 0.0337477 0.0100505)
(0.000916045 0.0358191 0.0100456)
(0.00152057 0.0351388 0.0121138)
(0.019101 0.0358563 0.0100482)
(0.0185051 0.035179 0.0121026)
(0.000104258 0.0385606 0.0100484)
(0.0198975 0.038573 0.0100497)
(0.000155319 0.0417549 0.01005)
(0.0198474 0.0417396 0.0100486)
(0.00241987 0.0465222 0.0100471)
(0.00175756 0.0452786 0.012049)
(0.0176201 0.0464755 0.0100453)
(0.0182708 0.0452383 0.012038)
(0.00438946 0.0482777 0.0100456)
(0.00669621 0.0494384 0.0100448)
(0.0060258 0.0489335 0.0120973)
(0.0100452 0.0499998 0.0100452)
(0.0156746 0.0482339 0.010045)
(0.0133834 0.0494101 0.0100447)
(0.0140517 0.0489004 0.0120897)
(0.00681533 0.0311085 0.0132861)
(0.00999146 0.0306502 0.0135469)
(0.00460183 0.0323436 0.0134984)
(0.00273533 0.0340682 0.0134696)
(0.00660556 0.032356 0.0154815)
(0.01217 0.0311852 0.0141941)
(0.0100708 0.0319049 0.0158707)
(0.0154573 0.0323854 0.0134979)
(0.0134979 0.0323854 0.0154573)
(0.0173059 0.0341092 0.0134529)
(0.00148441 0.0367898 0.0141448)
(0.00275999 0.035713 0.0154041)
(0.0185463 0.0368143 0.0141002)
(0.0172844 0.035748 0.015372)
(0.000734684 0.0386233 0.0135012)
(0.00228195 0.0384519 0.0161673)
(0.0192791 0.0386332 0.0134686)
(0.0179323 0.0385013 0.0159018)
(0.000782915 0.0417379 0.0134677)
(0.00154888 0.0435484 0.0139984)
(0.00216906 0.0419395 0.0159089)
(0.0192303 0.0417228 0.01344)
(0.0184778 0.0435126 0.0139735)
(0.0178863 0.0418789 0.0158546)
(0.00290305 0.0461745 0.0133924)
(0.00286933 0.0445854 0.0153035)
(0.0171428 0.0461315 0.0133741)
(0.0171764 0.044547 0.0152749)
(0.00475071 0.0477981 0.0134109)
(0.00799732 0.0489171 0.0140589)
(0.00668368 0.0477842 0.0153299)
(0.0120897 0.0489004 0.0140517)
(0.0100447 0.0494101 0.0133834)
(0.010045 0.0482339 0.0156746)
(0.0153152 0.04776 0.0133959)
(0.0133959 0.04776 0.0153152)
(0.00663436 0.0340882 0.0173296)
(0.0100505 0.0337477 0.0178043)
(0.0134529 0.0341092 0.0173059)
(0.00469551 0.0357206 0.0173177)
(0.00799207 0.0351678 0.0185216)
(0.00596431 0.0368034 0.0185729)
(0.0121026 0.035179 0.0185051)
(0.0100482 0.0358563 0.019101)
(0.015372 0.035748 0.0172844)
(0.0141002 0.0368143 0.0185463)
(0.00393411 0.0384548 0.0177985)
(0.00297585 0.0397894 0.0171146)
(0.00660828 0.03863 0.0193069)
(0.0100497 0.038573 0.0198975)
(0.0159018 0.0385013 0.0179323)
(0.0134686 0.0386332 0.0192791)
(0.00419504 0.0419359 0.0179092)
(0.0061091 0.0435328 0.0185076)
(0.00664127 0.04173 0.0192588)
(0.0100486 0.0417396 0.0198474)
(0.0158546 0.0418789 0.0178863)
(0.0139735 0.0435126 0.0184778)
(0.01344 0.0417228 0.0192303)
(0.00479432 0.0445774 0.0172075)
(0.0080529 0.0452491 0.0182859)
(0.00670701 0.0461528 0.0171623)
(0.012038 0.0452383 0.0182708)
(0.0100453 0.0464755 0.0176201)
(0.0152749 0.044547 0.0171764)
(0.0133741 0.0461315 0.0171428)
(0.00695281 0.0356458 0.00308236)
(0.0109005 0.0356236 0.00304071)
(0.00695701 0.0389272 0.0031105)
(0.0108894 0.0389168 0.00309445)
(0.0148612 0.0389071 0.00301072)
(0.00689392 0.0422653 0.00296392)
(0.0108701 0.0422243 0.00300422)
(0.0147969 0.0421498 0.00304034)
(0.010834 0.0454638 0.00297274)
(0.00693373 0.0322897 0.0069336)
(0.0109092 0.0322255 0.00690437)
(0.00308215 0.0356459 0.00695346)
(0.00694533 0.0355814 0.00693819)
(0.0109256 0.0355395 0.0069212)
(0.0149371 0.0355234 0.00687893)
(0.00311101 0.0389272 0.00695656)
(0.00693428 0.0389062 0.00692984)
(0.0109258 0.0388788 0.00691855)
(0.0149271 0.0388766 0.00690524)
(0.0186281 0.0389038 0.00697411)
(0.00296386 0.042265 0.0068943)
(0.00687883 0.042241 0.00687387)
(0.010896 0.0422159 0.00689246)
(0.0149292 0.0422001 0.00693147)
(0.00685773 0.0454852 0.00685799)
(0.0108637 0.0454508 0.00690443)
(0.0148251 0.0454351 0.00697836)
(0.00702522 0.0484499 0.00702523)
(0.0108515 0.0484988 0.00697512)
(0.00690438 0.0322254 0.0109094)
(0.0109101 0.032221 0.0109103)
(0.014827 0.0322504 0.010897)
(0.0030407 0.0356236 0.0109009)
(0.00692179 0.0355386 0.0109341)
(0.0109293 0.035503 0.0109312)
(0.0149516 0.0355238 0.0109245)
(0.00309448 0.0389167 0.0108901)
(0.00691868 0.0388784 0.010931)
(0.0109457 0.0388544 0.0109465)
(0.0149505 0.0388628 0.0109206)
(0.0186669 0.038903 0.0108742)
(0.00300403 0.0422243 0.0108705)
(0.00689093 0.0422156 0.0108992)
(0.0109304 0.0422137 0.0109284)
(0.0149487 0.0422162 0.0108906)
(0.0187078 0.0422033 0.0108488)
(0.00297273 0.0454638 0.010834)
(0.00690423 0.0454508 0.0108644)
(0.0109099 0.0454539 0.0109099)
(0.0149095 0.0455102 0.0108741)
(0.00697512 0.0484988 0.0108515)
(0.0108732 0.0484855 0.0108732)
(0.0108245 0.0496771 0.0108245)
(0.0108969 0.0322504 0.014827)
(0.00687877 0.0355234 0.0149375)
(0.0109218 0.0355234 0.0149515)
(0.014979 0.0355033 0.0149729)
(0.00301072 0.0389071 0.0148613)
(0.00690509 0.0388765 0.0149279)
(0.0109196 0.0388632 0.0149505)
(0.0149491 0.0388594 0.0149466)
(0.00304033 0.0421498 0.014797)
(0.00693122 0.0422001 0.0149298)
(0.0108906 0.0422161 0.014949)
(0.0148753 0.042166 0.0148721)
(0.00697833 0.0454351 0.0148252)
(0.0108738 0.0455105 0.0149096)
(0.0147689 0.0454224 0.0147686)
(0.0069741 0.0389038 0.0186281)
(0.0108742 0.038903 0.0186669)
(0.0108487 0.0422033 0.0187078)
(0.00893717 0.0373169 0.00129271)
(0.00893432 0.0405634 0.00127061)
(0.012794 0.0405583 0.00125163)
(0.00504535 0.0340457 0.005045)
(0.0129164 0.0338953 0.00492388)
(0.0168172 0.0372344 0.00494853)
(0.0168389 0.0405346 0.0049286)
(0.00483914 0.0439289 0.00483513)
(0.0167088 0.0437492 0.00508078)
(0.00891132 0.0470714 0.00493877)
(0.0127693 0.0469961 0.00503696)
(0.00892131 0.0307519 0.00892131)
(0.0168019 0.0339741 0.00890188)
(0.00129272 0.0373169 0.00893719)
(0.0168575 0.037211 0.00890327)
(0.00127062 0.0405634 0.00893434)
(0.0169508 0.0439038 0.00891434)
(0.00493876 0.0470714 0.00891136)
(0.00893551 0.0490931 0.00893551)
(0.0127465 0.0490919 0.00896036)
(0.00492389 0.0338952 0.0129167)
(0.0169078 0.0371838 0.0129295)
(0.00125163 0.0405583 0.0127941)
(0.016838 0.0405269 0.0128948)
(0.016832 0.0438458 0.0127996)
(0.00503695 0.0469961 0.0127693)
(0.00896036 0.0490919 0.0127465)
(0.00890181 0.0339741 0.0168019)
(0.00494852 0.0372345 0.0168172)
(0.00890295 0.0372111 0.0168575)
(0.0129284 0.0371843 0.0169079)
(0.00492858 0.0405346 0.016839)
(0.0128944 0.040527 0.0168381)
(0.00508077 0.0437492 0.0167088)
(0.00891428 0.0439038 0.0169509)
(0.0127985 0.0438461 0.0168329)
(0.00702521 0.0389364 0.00133432)
(0.0108645 0.0389355 0.00129447)
(0.0108632 0.0421986 0.00117644)
(0.0108979 0.0340541 0.00309537)
(0.0109023 0.0323277 0.00502389)
(0.00893182 0.0356523 0.00304922)
(0.00696219 0.037278 0.00306924)
(0.00689331 0.0355793 0.00498265)
(0.01289 0.0355905 0.00301348)
(0.0108969 0.0372655 0.00305632)
(0.0109832 0.0355304 0.00494454)
(0.0148379 0.0372483 0.00302287)
(0.0149156 0.0355515 0.00489448)
(0.00500225 0.0389383 0.00307224)
(0.0030723 0.0389382 0.00500219)
(0.00892852 0.0389293 0.00308874)
(0.00694021 0.0405854 0.00305247)
(0.0128708 0.0389045 0.00304179)
(0.0108778 0.0405654 0.0030464)
(0.0148593 0.0405334 0.00300412)
(0.0149391 0.0388846 0.00493158)
(0.00495414 0.0422455 0.00299855)
(0.00299785 0.0422443 0.00495436)
(0.00888896 0.0422456 0.00297003)
(0.00686261 0.043922 0.00290048)
(0.00681158 0.0423127 0.00487614)
(0.0128461 0.0422033 0.0029705)
(0.0108452 0.0438693 0.00291312)
(0.0147058 0.0437336 0.00312891)
(0.014899 0.0421612 0.0049779)
(0.0088735 0.0455038 0.00292274)
(0.00687106 0.0455062 0.00485522)
(0.0127562 0.045376 0.00309339)
(0.0108408 0.0454925 0.00493673)
(0.0147312 0.0453778 0.00507632)
(0.00891698 0.0322318 0.00692191)
(0.00688725 0.0339459 0.00688572)
(0.00692193 0.0322318 0.00891701)
(0.0129024 0.032217 0.00689729)
(0.0109864 0.0338716 0.00685485)
(0.0109108 0.0322169 0.00890007)
(0.014905 0.0338722 0.00687847)
(0.0148217 0.0322605 0.0089005)
(0.00498722 0.0355762 0.00689602)
(0.00306929 0.037278 0.00696225)
(0.00304919 0.0356523 0.008932)
(0.0129429 0.0354795 0.00683321)
(0.0168525 0.0355519 0.00688931)
(0.0149744 0.0371985 0.00689644)
(0.0149813 0.0355347 0.00889222)
(0.00133436 0.0389364 0.00702517)
(0.00305253 0.0405853 0.00694023)
(0.00308884 0.0389293 0.00892861)
(0.0168256 0.038886 0.00690862)
(0.0149713 0.0405427 0.00691145)
(0.0149869 0.0388714 0.00890463)
(0.0186581 0.0405636 0.00697005)
(0.0186577 0.03891 0.00892209)
(0.00487669 0.0423123 0.00681359)
(0.00290051 0.043922 0.00686326)
(0.00296999 0.0422455 0.00888918)
(0.00678385 0.0438979 0.00678437)
(0.0168869 0.0422209 0.00692229)
(0.0149355 0.0438262 0.00697033)
(0.0150029 0.0422204 0.00890685)
(0.0187503 0.0422236 0.00890299)
(0.0048553 0.0455063 0.00687188)
(0.00292274 0.0455038 0.00887354)
(0.0088748 0.0454951 0.00682593)
(0.00694137 0.0469926 0.00694143)
(0.00682575 0.0454952 0.00887493)
(0.0128339 0.0454537 0.00690912)
(0.010855 0.0470119 0.00688253)
(0.016762 0.0454166 0.00701396)
(0.0147812 0.0470246 0.00701042)
(0.0149541 0.0455055 0.00892814)
(0.00892917 0.0484962 0.00697301)
(0.006973 0.0484962 0.00892918)
(0.0127692 0.0484792 0.00702314)
(0.010834 0.0490733 0.00705838)
(0.0108645 0.0484737 0.00892659)
(0.0108217 0.0496753 0.00896966)
(0.0108835 0.0307189 0.0108835)
(0.0050239 0.0323277 0.0109024)
(0.00309538 0.0340541 0.010898)
(0.00890002 0.0322169 0.0109109)
(0.006855 0.0338713 0.0109885)
(0.00689729 0.032217 0.0129025)
(0.0129122 0.0321543 0.010898)
(0.010898 0.0321543 0.0129122)
(0.0149308 0.0338813 0.0109192)
(0.00494451 0.0355308 0.0109854)
(0.00305633 0.0372655 0.0108972)
(0.00301348 0.0355905 0.0128901)
(0.00683331 0.0354793 0.0129454)
(0.0168862 0.0355485 0.0109027)
(0.0150018 0.0371863 0.0109229)
(0.0150057 0.0355042 0.0129552)
(0.0186897 0.0372502 0.0108873)
(0.00129447 0.0389355 0.0108646)
(0.00304638 0.0405653 0.0108781)
(0.00304179 0.0389044 0.0128709)
(0.0168447 0.0388796 0.0108998)
(0.0149886 0.0405423 0.0109053)
(0.0149956 0.0388556 0.012938)
(0.0186711 0.0405442 0.0108607)
(0.0186605 0.0388856 0.0128365)
(0.00117643 0.0421986 0.0108632)
(0.00291309 0.0438693 0.0108453)
(0.00297047 0.0422033 0.0128462)
(0.0168686 0.0422253 0.0108704)
(0.0149975 0.0438758 0.0108759)
(0.0149528 0.0421887 0.0128778)
(0.0186152 0.0421604 0.0127777)
(0.00493669 0.0454925 0.010841)
(0.00309339 0.045376 0.0127562)
(0.00688249 0.0470119 0.0108552)
(0.00690906 0.0454537 0.0128341)
(0.0168936 0.0455248 0.01086)
(0.0149215 0.0471562 0.0108639)
(0.0148749 0.0454588 0.0128217)
(0.00892659 0.0484737 0.0108645)
(0.00705838 0.0490733 0.010834)
(0.00702314 0.0484791 0.0127692)
(0.0128289 0.0485434 0.0108614)
(0.0108471 0.0490804 0.0108471)
(0.0108614 0.0485434 0.0128289)
(0.00896966 0.0496753 0.0108217)
(0.00890047 0.0322605 0.0148217)
(0.00687843 0.0338722 0.0149052)
(0.0109184 0.0338811 0.0149308)
(0.0148715 0.0339078 0.014871)
(0.00489446 0.0355515 0.0149157)
(0.00302286 0.0372483 0.014838)
(0.00889147 0.0355347 0.0149814)
(0.00689621 0.0371985 0.0149747)
(0.00688926 0.0355519 0.0168525)
(0.0129456 0.0355013 0.0150041)
(0.0109204 0.037187 0.0150016)
(0.0109021 0.0355484 0.0168862)
(0.0149609 0.0371748 0.0149465)
(0.00493153 0.0388846 0.0149393)
(0.00300411 0.0405334 0.0148593)
(0.00890413 0.0388716 0.0149872)
(0.0069113 0.0405426 0.0149716)
(0.00690853 0.038886 0.0168257)
(0.0129365 0.0388571 0.0149948)
(0.0109048 0.0405423 0.0149887)
(0.0108994 0.0388798 0.0168447)
(0.0168929 0.038879 0.0149321)
(0.0149273 0.0405201 0.0149266)
(0.0149323 0.0388791 0.0168929)
(0.00497784 0.0421612 0.0148991)
(0.00312891 0.0437336 0.0147058)
(0.00890671 0.0422204 0.0150031)
(0.00697025 0.0438262 0.0149357)
(0.00692224 0.0422209 0.016887)
(0.0128727 0.042189 0.0149544)
(0.0108758 0.0438757 0.0149981)
(0.0108701 0.0422253 0.0168688)
(0.0168004 0.0421432 0.0148451)
(0.0148127 0.0438049 0.0148081)
(0.0148456 0.0421431 0.0168002)
(0.00507631 0.0453778 0.0147312)
(0.00892807 0.0455056 0.0149542)
(0.00701041 0.0470246 0.0147812)
(0.00701395 0.0454166 0.016762)
(0.0128203 0.0454604 0.0148749)
(0.0108638 0.0471563 0.0149215)
(0.0108599 0.0455249 0.0168936)
(0.0108872 0.0372502 0.0186897)
(0.00892205 0.03891 0.0186577)
(0.00697004 0.0405636 0.0186581)
(0.0128364 0.0388857 0.0186605)
(0.0108607 0.0405442 0.0186711)
(0.00890297 0.0422236 0.0187503)
(0.0127776 0.0421604 0.0186152)
(0.0089298 0.0340915 0.00311552)
(0.00504469 0.037301 0.00310481)
(0.010873 0.0373089 0.00127482)
(0.00894261 0.0389414 0.00131036)
(0.00892759 0.03728 0.00307114)
(0.0127935 0.0389213 0.00128285)
(0.0128763 0.0372446 0.00300961)
(0.00701004 0.0405723 0.001292)
(0.00498902 0.0405672 0.00304793)
(0.010861 0.0405579 0.00125743)
(0.00891337 0.0422072 0.0011807)
(0.00891629 0.0405766 0.0030478)
(0.0128635 0.0405552 0.00302179)
(0.00887881 0.0439021 0.00288289)
(0.0127893 0.0437966 0.0030009)
(0.00892308 0.0323455 0.00504936)
(0.00690788 0.0339743 0.00498603)
(0.00498123 0.0356114 0.00497836)
(0.00498681 0.0339739 0.00690793)
(0.0109761 0.0339279 0.00496825)
(0.0148229 0.0339633 0.00498147)
(0.0129364 0.0355114 0.00491103)
(0.0129403 0.0338607 0.00683524)
(0.00310482 0.037301 0.00504469)
(0.0149293 0.0372138 0.00492442)
(0.0168314 0.038901 0.00492632)
(0.0168597 0.0372101 0.00690016)
(0.00304784 0.040567 0.00498905)
(0.00129201 0.0405723 0.00701004)
(0.00489533 0.0423093 0.00488414)
(0.0149424 0.0405315 0.00493981)
(0.0168024 0.0421591 0.00499031)
(0.0168427 0.0405536 0.00691226)
(0.00679486 0.0439203 0.00483599)
(0.00494279 0.0454631 0.00494249)
(0.00483637 0.0439212 0.00680073)
(0.00886874 0.0455174 0.00488757)
(0.0148242 0.0437743 0.00504384)
(0.0127966 0.0454349 0.00501279)
(0.0168535 0.0438289 0.00697712)
(0.00697865 0.0470019 0.00499599)
(0.00499598 0.0470019 0.00697874)
(0.0108446 0.0470687 0.00495362)
(0.00890209 0.0470174 0.00686814)
(0.012808 0.0469953 0.00694091)
(0.00895101 0.0490844 0.00705804)
(0.00504936 0.0323455 0.0089231)
(0.0108828 0.0307346 0.00891864)
(0.00890675 0.0322325 0.00890678)
(0.00891863 0.0307346 0.0108828)
(0.0129096 0.0321681 0.00890089)
(0.00311552 0.0340915 0.00892984)
(0.00496833 0.0339275 0.0109769)
(0.0149205 0.0338919 0.00888621)
(0.0168749 0.0355589 0.00890619)
(0.0168165 0.0339615 0.0109023)
(0.00307116 0.03728 0.0089277)
(0.00131038 0.0389414 0.00894263)
(0.00127483 0.0373089 0.010873)
(0.0150029 0.0371955 0.00890204)
(0.0186729 0.0372582 0.00891528)
(0.0168413 0.0388874 0.00890923)
(0.0168701 0.0372018 0.0109107)
(0.00304783 0.0405765 0.0089164)
(0.00118069 0.0422072 0.0089134)
(0.00125742 0.0405579 0.0108611)
(0.0186834 0.0405561 0.00891678)
(0.016895 0.042235 0.00889993)
(0.0168483 0.0405451 0.0108862)
(0.00288288 0.0439021 0.00887897)
(0.00488753 0.0455174 0.00886892)
(0.0150156 0.0438725 0.00891727)
(0.0168959 0.0455157 0.0089283)
(0.0169382 0.0439068 0.0108616)
(0.00686808 0.0470175 0.00890209)
(0.00495361 0.0470687 0.0108446)
(0.00891887 0.0484709 0.00891888)
(0.0149054 0.047129 0.00893577)
(0.012816 0.0485188 0.00894073)
(0.00705804 0.0490844 0.00895101)
(0.0108424 0.0490732 0.00894881)
(0.00894881 0.0490732 0.0108424)
(0.0127528 0.0491076 0.0108418)
(0.00890087 0.0321681 0.0129097)
(0.0129037 0.0321641 0.0129037)
(0.00683528 0.0338606 0.0129412)
(0.00491103 0.0355114 0.0129373)
(0.00498146 0.0339633 0.0148229)
(0.00888594 0.0338919 0.0149205)
(0.0149596 0.0338465 0.0129332)
(0.0129321 0.0338461 0.0149593)
(0.0169035 0.03552 0.0129351)
(0.00300961 0.0372446 0.0128764)
(0.00128285 0.0389213 0.0127935)
(0.00492437 0.0372138 0.0149294)
(0.00890122 0.0371957 0.015003)
(0.0150163 0.0371728 0.0129512)
(0.0129439 0.037176 0.0150152)
(0.0168619 0.0388649 0.0129183)
(0.016886 0.0371979 0.014909)
(0.00302178 0.0405552 0.0128636)
(0.00493975 0.0405315 0.0149426)
(0.0149819 0.0405267 0.0129156)
(0.0129144 0.0405266 0.0149821)
(0.0186272 0.0405268 0.0128082)
(0.0168186 0.0421847 0.0128488)
(0.0168743 0.0405201 0.0149183)
(0.00300089 0.0437966 0.0127894)
(0.00501278 0.0454349 0.0127967)
(0.00504382 0.0437743 0.0148242)
(0.00891719 0.0438724 0.0150158)
(0.0149325 0.0438397 0.0128423)
(0.0128351 0.0438398 0.0149368)
(0.0167762 0.0454449 0.012786)
(0.0167036 0.0437701 0.0147462)
(0.00694089 0.0469953 0.012808)
(0.00894073 0.0485188 0.012816)
(0.00893575 0.0471291 0.0149054)
(0.0148277 0.0470605 0.0127868)
(0.0127798 0.0485216 0.0127798)
(0.0127866 0.0470607 0.0148277)
(0.0108418 0.0491076 0.0127528)
(0.0109021 0.0339614 0.0168165)
(0.00890597 0.0355589 0.016875)
(0.012934 0.0355198 0.0169038)
(0.00690007 0.0372101 0.0168598)
(0.00492631 0.038901 0.0168314)
(0.0109099 0.037202 0.0168701)
(0.00890899 0.0388875 0.0168414)
(0.00891523 0.0372582 0.0186729)
(0.0149092 0.0371985 0.0168873)
(0.0129179 0.0388653 0.0168619)
(0.00691219 0.0405536 0.0168428)
(0.00499029 0.0421591 0.0168025)
(0.0108859 0.0405451 0.0168484)
(0.00889983 0.042235 0.0168951)
(0.00891674 0.0405561 0.0186834)
(0.0149184 0.0405201 0.0168743)
(0.0128479 0.0421848 0.016819)
(0.0128082 0.0405268 0.0186273)
(0.00697709 0.0438289 0.0168535)
(0.0108614 0.0439068 0.0169385)
(0.00892827 0.0455157 0.0168959)
(0.0147467 0.0437701 0.0167027)
(0.0127858 0.045445 0.0167763)
(0.0168562 0.0405544 0.0089062)
(0.00890605 0.0405545 0.0168563)
(0.0150031 0.040549 0.00890359)
(0.0089033 0.040549 0.0150033)
(0.01838156 0.04530319 0.01082021)
(0.01836172 0.04529263 0.008963605)
(0.0197764 0.04173055 0.01078267)
(0.01976269 0.04173007 0.009077234)
(0.01082021 0.04530319 0.01838156)
(0.008963605 0.04529263 0.01836172)
(0.007470844 0.04019615 0.0003648173)
(0.009039916 0.04019594 9.171947e-05)
(0.01075859 0.04019637 7.210907e-05)
(0.01233853 0.04019717 0.0003085723)
(0.009072564 0.04174449 0.0002406019)
(0.007407289 0.04173917 0.000535896)
(0.006738762 0.04250746 0.0009023836)
(0.01333876 0.04253213 0.0009363047)
(0.01239679 0.04173417 0.0004784082)
(0.01071916 0.04174671 0.0002203709)
(0.005506527 0.04673816 0.00418502)
(0.00418502 0.04673816 0.005506527)
(0.01587595 0.04669392 0.005519568)
(0.00655273 0.03071082 0.009026378)
(0.009026378 0.03071082 0.00655273)
(0.01077418 0.03069293 0.006544693)
(0.01889492 0.03718771 0.006441256)
(9.171947e-05 0.04019594 0.009039916)
(0.0003648173 0.04019615 0.007470844)
(0.01962509 0.04019685 0.007431972)
(0.0199078 0.0401958 0.009029784)
(0.0009023836 0.04250746 0.006738762)
(0.000535896 0.04173917 0.007407289)
(0.0002406019 0.04174449 0.009072564)
(0.01945605 0.04172613 0.00736504)
(0.01910317 0.04253511 0.006770681)
(0.0106765 0.04976996 0.008191968)
(0.006544693 0.03069293 0.01077418)
(0.0003085723 0.04019717 0.01233853)
(7.210907e-05 0.04019637 0.01075859)
(0.0199266 0.04019518 0.01077488)
(0.01967628 0.0401953 0.01239342)
(0.0002203709 0.04174671 0.01071916)
(0.0004784082 0.04173417 0.01239679)
(0.0009363047 0.04253213 0.01333876)
(0.01953302 0.04171881 0.01236749)
(0.008191968 0.04976996 0.0106765)
(0.005519568 0.04669392 0.01587595)
(0.006441256 0.03718771 0.01889492)
(0.007431972 0.04019685 0.01962509)
(0.009029784 0.0401958 0.0199078)
(0.01077488 0.04019518 0.0199266)
(0.01239342 0.0401953 0.01967628)
(0.006770681 0.04253511 0.01910317)
(0.00736504 0.04172613 0.01945605)
(0.009077234 0.04173007 0.01976269)
(0.01078267 0.04173055 0.0197764)
(0.01236749 0.04171881 0.01953302)
(0.01505327 0.03555359 0.002634348)
(0.01412555 0.03586378 0.001936211)
(0.01468852 0.04022945 0.001304375)
(0.004653272 0.04421859 0.002700685)
(0.005363455 0.04353962 0.001930334)
(0.005477149 0.0418181 0.001401107)
(0.003455605 0.0435124 0.003455605)
(0.01645585 0.04346973 0.003345838)
(0.009030352 0.04533728 0.001659671)
(0.007244299 0.04524927 0.002011675)
(0.006463759 0.04581973 0.002703027)
(0.01254469 0.04524994 0.001928236)
(0.01082849 0.04534427 0.001645951)
(0.01511743 0.03220732 0.00645326)
(0.01701022 0.03553868 0.004478391)
(0.01699103 0.03385482 0.006413527)
(0.01857759 0.04183393 0.005406531)
(0.01856136 0.04023805 0.005073242)
(0.01676403 0.04193796 0.003035163)
(0.01745886 0.04491236 0.005562075)
(0.01813368 0.04350528 0.00544645)
(0.01800673 0.04520584 0.007215363)
(0.002703027 0.04581973 0.006463759)
(0.002011675 0.04524927 0.007244299)
(0.001659671 0.04533728 0.009030352)
(0.01418745 0.03134435 0.01260336)
(0.01864206 0.040196 0.01482723)
(0.0185817 0.0385649 0.01472856)
(0.01852534 0.04180468 0.01470652)
(0.01808398 0.04520635 0.01258613)
(0.001645951 0.04534427 0.01082849)
(0.001928236 0.04524994 0.01254469)
(0.00645326 0.03220732 0.01511743)
(0.01260336 0.03134435 0.01418745)
(0.006413527 0.03385482 0.01699103)
(0.001936211 0.03586378 0.01412555)
(0.002634348 0.03555359 0.01505327)
(0.01691705 0.0385013 0.01691705)
(0.01472856 0.0385649 0.0185817)
(0.01687045 0.0418789 0.01687045)
(0.01699805 0.040196 0.01699805)
(0.01470652 0.04180468 0.01852534)
(0.01482723 0.040196 0.01864206)
(0.00544645 0.04350528 0.01813368)
(0.005406531 0.04183393 0.01857759)
(0.005562075 0.04491236 0.01745886)
(0.003345838 0.04346973 0.01645585)
(0.007215363 0.04520584 0.01800673)
(0.01258613 0.04520635 0.01808398)
(0.0165634 0.0434389 0.0165634)
(0.005073242 0.04023805 0.01856136)
(0.00515237 0.04019456 0.001370846)
(0.01435922 0.04181152 0.001289133)
(0.001401107 0.0418181 0.005477149)
(0.001930334 0.04353962 0.005363455)
(0.002700685 0.04421859 0.004653272)
(0.007441952 0.04876031 0.006019889)
(0.006019889 0.04876031 0.007441952)
(0.009772179 0.04981235 0.008207892)
(0.008207892 0.04981235 0.009772179)
(0.001304375 0.04022945 0.01468852)
(0.001734677 0.0435331 0.0143191)
(0.001289133 0.04181152 0.01435922)
(0.003035163 0.04193796 0.01676403)
(0.001370846 0.04019456 0.00515237)
(0.004478391 0.03553868 0.01701022)
(0.008985999 0.0484149 0.004863519)
(0.0107974 0.04843492 0.004855978)
(0.01080651 0.04700419 0.00307542)
(0.009026544 0.04697636 0.0030686)
(0.01305962 0.03057667 0.01077195)
(0.01058536 0.03011051 0.01058536)
(0.01058442 0.03012854 0.009213871)
(0.01305186 0.03060133 0.00902518)
(0.01894517 0.04411433 0.01082205)
(0.01894641 0.0440735 0.00901326)
(0.01497918 0.0485154 0.01081274)
(0.01680563 0.04710832 0.01080921)
(0.0167938 0.04709287 0.00898839)
(0.01498897 0.04848893 0.008994987)
(0.01415783 0.04893216 0.009068909)
(0.01416455 0.04894448 0.01073492)
(0.01081274 0.0485154 0.01497918)
(0.01073492 0.04894448 0.01416455)
(0.009068909 0.04893216 0.01415783)
(0.008994987 0.04848893 0.01498897)
(0.00901326 0.0440735 0.01894641)
(0.01082205 0.04411433 0.01894517)
(0.00898839 0.04709287 0.0167938)
(0.01080921 0.04710832 0.01680563)
(0.007446816 0.03767845 0.0006729162)
(0.00908945 0.03771303 0.0003875212)
(0.009030924 0.03554571 0.0011688)
(0.007264564 0.03594352 0.001404598)
(0.01255684 0.03591386 0.00134863)
(0.01077356 0.03553912 0.001158514)
(0.01071745 0.03770747 0.0003672489)
(0.01236915 0.03766349 0.0006271024)
(0.01310988 0.03700383 0.001047589)
(0.007488081 0.03907125 0.0004295258)
(0.009047557 0.03903297 0.0001629783)
(0.01075562 0.03903 0.0001442243)
(0.01232565 0.03906207 0.0003754833)
(0.00720631 0.04362179 0.00122083)
(0.009013337 0.04400287 0.0010202)
(0.01077524 0.04399603 0.0009935756)
(0.01260098 0.04362822 0.001165762)
(0.005399539 0.03439622 0.003276534)
(0.00538714 0.03257493 0.00538714)
(0.003276534 0.03439622 0.005399539)
(0.01444503 0.03433705 0.003210914)
(0.01661619 0.03431367 0.005337509)
(0.01445582 0.03249394 0.005343984)
(0.005286197 0.04528019 0.003056993)
(0.003056993 0.04528019 0.005286197)
(0.005035843 0.04698812 0.005035843)
(0.01657258 0.04544204 0.004975309)
(0.01480786 0.04542202 0.003251898)
(0.01426148 0.04645786 0.003764422)
(0.01485431 0.04699643 0.004945749)
(0.007259918 0.03083825 0.007259918)
(0.009216089 0.03015073 0.009216089)
(0.01255075 0.03079166 0.007246435)
(0.0006729162 0.03767845 0.007446816)
(0.001404598 0.03594352 0.007264564)
(0.0011688 0.03554571 0.009030924)
(0.0003875212 0.03771303 0.00908945)
(0.01877524 0.03546414 0.009014925)
(0.01854488 0.03586704 0.007216398)
(0.01930592 0.03762689 0.007398431)
(0.01960154 0.03766741 0.009072375)
(0.0004295258 0.03907125 0.007488081)
(0.0001629783 0.03903297 0.009047557)
(0.01983548 0.03901151 0.009031401)
(0.01955905 0.03904831 0.007446098)
(0.00122083 0.04362179 0.00720631)
(0.0010202 0.04400287 0.009013337)
(0.01874001 0.04367404 0.007161763)
(0.0125477 0.04956556 0.009158884)
(0.01219752 0.04938629 0.007628525)
(0.0106887 0.04954688 0.007326431)
(0.01060409 0.04987659 0.009288266)
(0.009213871 0.03012854 0.01058442)
(0.00902518 0.03060133 0.01305186)
(0.007246435 0.03079166 0.01255075)
(0.01255279 0.03077868 0.01255279)
(0.01077195 0.03057667 0.01305962)
(0.001158514 0.03553912 0.01077356)
(0.00134863 0.03591386 0.01255684)
(0.001047589 0.03700383 0.01310988)
(0.0006271024 0.03766349 0.01236915)
(0.0003672489 0.03770747 0.01071745)
(0.01890334 0.03694075 0.01316741)
(0.01860591 0.03583509 0.01260241)
(0.01878568 0.03545778 0.01078421)
(0.01962267 0.03766233 0.01072887)
(0.01935074 0.0376138 0.01241423)
(0.0001442243 0.03903 0.01075562)
(0.0003754833 0.03906207 0.01232565)
(0.01961217 0.03905573 0.01237224)
(0.01985442 0.03901267 0.0107695)
(0.001165762 0.04362822 0.01260098)
(0.0009935756 0.04399603 0.01077524)
(0.01868768 0.0439622 0.01257239)
(0.009288266 0.04987659 0.01060409)
(0.007326431 0.04954688 0.0106887)
(0.007628525 0.04938629 0.01219752)
(0.009158884 0.04956556 0.0125477)
(0.01220023 0.04944857 0.01220023)
(0.01254897 0.04958368 0.01065037)
(0.01056065 0.04989748 0.01056065)
(0.01065037 0.04958368 0.01254897)
(0.005337509 0.03431367 0.01661619)
(0.003210914 0.03433705 0.01444503)
(0.005343984 0.03249394 0.01445582)
(0.01668404 0.03425664 0.01450668)
(0.01450668 0.03425664 0.01668404)
(0.01451047 0.03240582 0.01451047)
(0.004945749 0.04699643 0.01485431)
(0.003764422 0.04645786 0.01426148)
(0.003251898 0.04542202 0.01480786)
(0.004975309 0.04544204 0.01657258)
(0.01492038 0.04703836 0.01492038)
(0.01486577 0.04549112 0.01664266)
(0.01664266 0.04549112 0.01486577)
(0.007216398 0.03586704 0.01854488)
(0.009014925 0.03546414 0.01877524)
(0.009072375 0.03766741 0.01960154)
(0.007398431 0.03762689 0.01930592)
(0.01078421 0.03545778 0.01878568)
(0.01260241 0.03583509 0.01860591)
(0.01316741 0.03694075 0.01890334)
(0.01241423 0.0376138 0.01935074)
(0.01072887 0.03766233 0.01962267)
(0.007446098 0.03904831 0.01955905)
(0.009031401 0.03901151 0.01983548)
(0.0107695 0.03901267 0.01985442)
(0.01237224 0.03905573 0.01961217)
(0.007161763 0.04367404 0.01874001)
(0.01257239 0.0439622 0.01868768)
(0.01072227 0.03270525 0.00339067)
(0.01075942 0.03443573 0.001848443)
(0.01252039 0.03442944 0.002163685)
(0.01257407 0.03288851 0.00362726)
(0.01465065 0.03901543 0.001368674)
(0.01429232 0.03749884 0.001438558)
(0.01665383 0.03747025 0.003145391)
(0.01626735 0.03587811 0.003532704)
(0.01689732 0.04052477 0.002899468)
(0.003136382 0.04201797 0.003136382)
(0.007206385 0.04663512 0.003174598)
(0.01252105 0.04683317 0.003289057)
(0.01437013 0.03155906 0.007260549)
(0.01252914 0.03159315 0.005445969)
(0.0162229 0.03282894 0.007205308)
(0.01779366 0.03589025 0.005401119)
(0.01842539 0.03747874 0.005476467)
(0.01849654 0.03900801 0.005112243)
(0.01420275 0.04784629 0.005598235)
(0.01251567 0.04826274 0.005088681)
(0.01655814 0.04688835 0.007260028)
(0.01072137 0.04886834 0.005689178)
(0.009068163 0.04885471 0.005698497)
(0.009127642 0.04958758 0.007549021)
(0.01277492 0.04900889 0.007030002)
(0.01373519 0.0488273 0.00743505)
(0.01472966 0.04829239 0.007274186)
(0.0164842 0.03261558 0.009071962)
(0.01441257 0.03122086 0.009031532)
(0.01649824 0.03259993 0.0107298)
(0.01442452 0.03119687 0.01076817)
(0.01807634 0.03435289 0.009031094)
(0.01771723 0.03437035 0.007253332)
(0.01809355 0.03434139 0.01077047)
(0.0030686 0.04697636 0.009026544)
(0.003174598 0.04663512 0.007206385)
(0.007549021 0.04958758 0.009127642)
(0.005698497 0.04885471 0.009068163)
(0.005689178 0.04886834 0.01072137)
(0.009245059 0.04985543 0.009245059)
(0.00362726 0.03288851 0.01257407)
(0.00339067 0.03270525 0.01072227)
(0.005418767 0.0312929 0.01076197)
(0.005445969 0.03159315 0.01252914)
(0.01625762 0.03279167 0.01260782)
(0.01513138 0.03211117 0.01322424)
(0.002163685 0.03442944 0.01252039)
(0.001848443 0.03443573 0.01075942)
(0.01776098 0.03433918 0.01256029)
(0.01698512 0.03372011 0.01322687)
(0.01786808 0.03584864 0.01443978)
(0.01705293 0.03526993 0.01514798)
(0.01851846 0.03744665 0.01437489)
(0.003289057 0.04683317 0.01252105)
(0.00307542 0.04700419 0.01080651)
(0.01659103 0.04692767 0.01254999)
(0.01477001 0.04833752 0.01252961)
(0.007274186 0.04829239 0.01472966)
(0.00743505 0.0488273 0.01373519)
(0.007030002 0.04900889 0.01277492)
(0.005088681 0.04826274 0.01251567)
(0.005598235 0.04784629 0.01420275)
(0.01279032 0.04906074 0.01279032)
(0.01252961 0.04833752 0.01477001)
(0.009071962 0.03261558 0.0164842)
(0.007205308 0.03282894 0.0162229)
(0.007260549 0.03155906 0.01437013)
(0.009031532 0.03122086 0.01441257)
(0.01322424 0.03211117 0.01513138)
(0.01260782 0.03279167 0.01625762)
(0.0107298 0.03259993 0.01649824)
(0.01076817 0.03119687 0.01442452)
(0.007253332 0.03437035 0.01771723)
(0.009031094 0.03435289 0.01807634)
(0.01077047 0.03434139 0.01809355)
(0.01322687 0.03372011 0.01698512)
(0.01256029 0.03433918 0.01776098)
(0.01635353 0.03581817 0.01635353)
(0.01514798 0.03526993 0.01705293)
(0.003145391 0.03747025 0.01665383)
(0.001438558 0.03749884 0.01429232)
(0.003532704 0.03587811 0.01626735)
(0.001368674 0.03901543 0.01465065)
(0.005476467 0.03747874 0.01842539)
(0.005401119 0.03589025 0.01779366)
(0.01443978 0.03584864 0.01786808)
(0.01437489 0.03744665 0.01851846)
(0.01673787 0.03743702 0.01673787)
(0.007260028 0.04688835 0.01655814)
(0.01254999 0.04692767 0.01659103)
(0.005112243 0.03900801 0.01849654)
(0.00519588 0.03903205 0.001448255)
(0.009040985 0.03131086 0.005427221)
(0.007281813 0.03163914 0.005470752)
(0.007238644 0.03293101 0.003660096)
(0.009090028 0.03272423 0.003400313)
(0.01076197 0.0312929 0.005418767)
(0.007287598 0.04821286 0.005115122)
(0.005470752 0.03163914 0.007281813)
(0.005427221 0.03131086 0.009040985)
(0.003400313 0.03272423 0.009090028)
(0.003660096 0.03293101 0.007238644)
(0.004863519 0.0484149 0.008985999)
(0.005115122 0.04821286 0.007287598)
(0.007532257 0.04926297 0.007532257)
(0.008664242 0.04974598 0.008664242)
(0.004855978 0.04843492 0.0107974)
(0.002899468 0.04052477 0.01689732)
(0.007294142 0.03446682 0.002208068)
(0.009047138 0.03444761 0.001865022)
(0.00547478 0.03595935 0.002131399)
(0.003618911 0.03593798 0.003618911)
(0.003240147 0.03752287 0.003240147)
(0.005552626 0.03753002 0.001521446)
(0.001521446 0.03753002 0.005552626)
(0.001448255 0.03903205 0.00519588)
(0.00565963 0.04779101 0.00565963)
(0.002131399 0.03595935 0.00547478)
(0.002208068 0.03446682 0.007294142)
(0.007028157 0.04893563 0.007028157)
(0.001865022 0.03444761 0.009047138)
(0.008984701 0.04820137 0.004452737)
(0.01080665 0.04821687 0.004438315)
(0.01004665 0.04705149 0.003013709)
(0.01004545 0.04849229 0.004815927)
(0.01192245 0.03027156 0.009101587)
(0.01196725 0.03026658 0.01069666)
(0.01059035 0.03005378 0.01005031)
(0.01307695 0.03051576 0.01000281)
(0.01902547 0.04413074 0.01004729)
(0.01941482 0.04309097 0.009029231)
(0.01942825 0.0430984 0.01081433)
(0.01502366 0.04856806 0.01004491)
(0.01561143 0.04815764 0.008980854)
(0.01685947 0.04716298 0.01004518)
(0.01562476 0.04817231 0.01082157)
(0.01418716 0.04899748 0.01004481)
(0.01004491 0.04856806 0.01502366)
(0.01004481 0.04899748 0.01418716)
(0.01004729 0.04413074 0.01902547)
(0.01004518 0.04716298 0.01685947)
(0.01082157 0.04817231 0.01562476)
(0.008980854 0.04815764 0.01561143)
(0.009032177 0.03585304 0.0009736264)
(0.009063039 0.03700818 0.0005532538)
(0.008161279 0.03767813 0.0004846559)
(0.008435463 0.03563227 0.001156763)
(0.01283062 0.03725143 0.000839832)
(0.01074098 0.0370236 0.000527285)
(0.01077102 0.03584712 0.000962816)
(0.01193228 0.03766266 0.0005065689)
(0.01162921 0.03566746 0.001150058)
(0.008197337 0.03904679 0.000237092)
(0.01189811 0.03904764 0.0002549269)
(0.009025922 0.0431244 0.0005968923)
(0.006878624 0.0428998 0.0009589992)
(0.008134998 0.04385393 0.001039039)
(0.01076178 0.04313496 0.0005785902)
(0.01311619 0.04290024 0.0009633095)
(0.01195839 0.04379146 0.001029502)
(0.005306176 0.03349926 0.004079498)
(0.004223186 0.0342752 0.004223186)
(0.004079498 0.03349926 0.005306176)
(0.01578924 0.03420215 0.004303444)
(0.01595049 0.03356443 0.005256429)
(0.01453573 0.03343935 0.004008827)
(0.004052886 0.04539116 0.004052886)
(0.01452837 0.04672014 0.004188561)
(0.00817473 0.0307019 0.006866169)
(0.009131667 0.03025124 0.00817509)
(0.006866169 0.0307019 0.00817473)
(0.00817509 0.03025124 0.009131667)
(0.01191907 0.0306908 0.006971716)
(0.01066634 0.03023047 0.008172758)
(0.01283897 0.03062003 0.008182497)
(0.001156763 0.03563227 0.008435463)
(0.0009736264 0.03585304 0.009032177)
(0.0005532538 0.03700818 0.009063039)
(0.0004846559 0.03767813 0.008161279)
(0.01878954 0.03556023 0.008349519)
(0.01950691 0.03762979 0.008170373)
(0.01945377 0.03703286 0.009048168)
(0.01904308 0.0358905 0.009016875)
(0.01912738 0.03738889 0.006890454)
(0.000237092 0.03904679 0.008197337)
(0.01976388 0.03902336 0.008206268)
(0.0009589992 0.0428998 0.006878624)
(0.0005968923 0.0431244 0.009025922)
(0.001039039 0.04385393 0.008134998)
(0.01892854 0.04392088 0.008134359)
(0.01190686 0.04973682 0.009196861)
(0.0117306 0.04950163 0.00751622)
(0.01236838 0.04953842 0.008285529)
(0.009101587 0.03027156 0.01192245)
(0.006971716 0.0306908 0.01191907)
(0.008182497 0.03062003 0.01283897)
(0.008172758 0.03023047 0.01066634)
(0.01069666 0.03026658 0.01196725)
(0.01281354 0.0305957 0.01174506)
(0.01174506 0.0305957 0.01281354)
(0.000962816 0.03584712 0.01077102)
(0.000527285 0.0370236 0.01074098)
(0.001150058 0.03566746 0.01162921)
(0.0005065689 0.03766266 0.01193228)
(0.000839832 0.03725143 0.01283062)
(0.01905384 0.03588438 0.01078054)
(0.01947983 0.03704768 0.0107503)
(0.01879555 0.03559767 0.01171895)
(0.01948456 0.03761433 0.01192646)
(0.01917753 0.03727221 0.01279519)
(0.0002549269 0.03904764 0.01189811)
(0.01974644 0.03903659 0.01189142)
(0.0005785902 0.04313496 0.01076178)
(0.001029502 0.04379146 0.01195839)
(0.0009633095 0.04290024 0.01311619)
(0.01884812 0.04404539 0.01196636)
(0.01919164 0.04295514 0.01250855)
(0.008285529 0.04953842 0.01236838)
(0.009196861 0.04973682 0.01190686)
(0.00751622 0.04950163 0.0117306)
(0.01189335 0.04975923 0.01062534)
(0.01229929 0.04953725 0.01182565)
(0.01182565 0.04953725 0.01229929)
(0.01062534 0.04975923 0.01189335)
(0.005256429 0.03356443 0.01595049)
(0.004008827 0.03343935 0.01453573)
(0.004303444 0.03420215 0.01578924)
(0.01602466 0.03350983 0.01458631)
(0.01458631 0.03350983 0.01602466)
(0.01571082 0.03413031 0.01571082)
(0.004188561 0.04672014 0.01452837)
(0.008349519 0.03556023 0.01878954)
(0.006890454 0.03738889 0.01912738)
(0.008170373 0.03762979 0.01950691)
(0.009048168 0.03703286 0.01945377)
(0.009016875 0.0358905 0.01904308)
(0.01171895 0.03559767 0.01879555)
(0.01192646 0.03761433 0.01948456)
(0.0107503 0.03704768 0.01947983)
(0.01078054 0.03588438 0.01905384)
(0.01279519 0.03727221 0.01917753)
(0.008206268 0.03902336 0.01976388)
(0.01189142 0.03903659 0.01974644)
(0.008134359 0.04392088 0.01892854)
(0.009029231 0.04309097 0.01941482)
(0.01196636 0.04404539 0.01884812)
(0.01081433 0.0430984 0.01942825)
(0.01250855 0.04295514 0.01919164)
(0.01201418 0.03277998 0.003507864)
(0.01075688 0.03374796 0.002290317)
(0.01205381 0.03438939 0.002019329)
(0.01456447 0.03855494 0.001351753)
(0.01351598 0.03902386 0.0007149244)
(0.01235132 0.03860205 0.0004109687)
(0.01364528 0.03719075 0.001138964)
(0.01586646 0.03743369 0.002361017)
(0.01549638 0.03563592 0.002893563)
(0.01426992 0.03679501 0.00155878)
(0.01653878 0.03685679 0.003259836)
(0.01619241 0.03897495 0.002259062)
(0.016222 0.04043039 0.00219913)
(0.01702724 0.03983851 0.002897264)
(0.01004971 0.04403081 0.000927095)
(0.008122032 0.04686484 0.003066709)
(0.006768427 0.04621029 0.002867131)
(0.009017471 0.04646963 0.002499818)
(0.01255603 0.04631293 0.002714288)
(0.01196942 0.04693556 0.003173394)
(0.01082296 0.04647708 0.002485063)
(0.01382116 0.04661226 0.003584892)
(0.01256667 0.03094248 0.006702603)
(0.01334688 0.03101829 0.00722338)
(0.01824897 0.03682375 0.005404401)
(0.01811139 0.03584938 0.005982166)
(0.01932615 0.03902034 0.006593927)
(0.01769268 0.04504333 0.0061035)
(0.01374558 0.04802522 0.005417121)
(0.0125416 0.04799531 0.004606843)
(0.01727129 0.04623162 0.007207425)
(0.009091879 0.0493838 0.006731359)
(0.01070686 0.04939489 0.006722584)
(0.01004516 0.04892044 0.005666831)
(0.01004485 0.0496243 0.007401379)
(0.01405795 0.04870081 0.007374359)
(0.01445334 0.04809492 0.006237379)
(0.01581611 0.03198333 0.009041685)
(0.01640337 0.03266315 0.008091176)
(0.01442615 0.03132119 0.008141689)
(0.01581527 0.03195473 0.0107565)
(0.01654424 0.03254681 0.01006373)
(0.01445495 0.03114049 0.01002246)
(0.01795563 0.03430955 0.008059117)
(0.01822816 0.03515743 0.00721378)
(0.01884009 0.03543203 0.01004866)
(0.01814542 0.03430241 0.01004989)
(0.01981031 0.03858936 0.009039418)
(0.01952577 0.03861621 0.00742003)
(0.01968971 0.03764391 0.01004927)
(0.01992423 0.03900455 0.01004965)
(0.0198291 0.03858537 0.01076052)
(0.003066709 0.04686484 0.008122032)
(0.002867131 0.04621029 0.006768427)
(0.002499818 0.04646963 0.009017471)
(0.01672892 0.04704563 0.00812669)
(0.01753692 0.04642008 0.008965741)
(0.01489688 0.04845868 0.008064663)
(0.0154186 0.04790422 0.007236125)
(0.01755513 0.04643053 0.01082354)
(0.006731359 0.0493838 0.009091879)
(0.006722584 0.04939489 0.01070686)
(0.005666831 0.04892044 0.01004516)
(0.007401379 0.0496243 0.01004485)
(0.01256317 0.04963405 0.01004481)
(0.01335733 0.04936743 0.01069815)
(0.01334886 0.04935671 0.009106789)
(0.01058268 0.04994797 0.01004511)
(0.01004511 0.04994797 0.01058268)
(0.01004507 0.04993166 0.009265754)
(0.009265754 0.04993166 0.01004507)
(0.003507864 0.03277998 0.01201418)
(0.004209664 0.03193767 0.01075335)
(0.005405793 0.03143839 0.01197176)
(0.01637998 0.03267774 0.0120216)
(0.01553635 0.03228058 0.01304315)
(0.01428335 0.03123589 0.01216186)
(0.002290317 0.03374796 0.01075688)
(0.002019329 0.03438939 0.01205381)
(0.01792256 0.03429487 0.01203518)
(0.01743656 0.03401576 0.01288897)
(0.01774455 0.03379229 0.01076879)
(0.01831191 0.03517507 0.01260336)
(0.01693349 0.03385596 0.01369572)
(0.01490516 0.03218563 0.01378195)
(0.01806131 0.03582251 0.01409311)
(0.01746912 0.03551046 0.01485043)
(0.0183509 0.03683422 0.01443794)
(0.01881298 0.03713228 0.0137137)
(0.01957855 0.03861407 0.01239653)
(0.01928837 0.03882274 0.01347562)
(0.002714288 0.04631293 0.01255603)
(0.002485063 0.04647708 0.01082296)
(0.003173394 0.04693556 0.01196942)
(0.003584892 0.04661226 0.01382116)
(0.01731717 0.04625967 0.01259597)
(0.01545232 0.04794676 0.01256656)
(0.006237379 0.04809492 0.01445334)
(0.007374359 0.04870081 0.01405795)
(0.005417121 0.04802522 0.01374558)
(0.009106789 0.04935671 0.01334886)
(0.008089167 0.04897604 0.01395514)
(0.01069815 0.04936743 0.01335733)
(0.01004481 0.04963405 0.01256317)
(0.008141689 0.03132119 0.01442615)
(0.009041685 0.03198333 0.01581611)
(0.008091176 0.03266315 0.01640337)
(0.01304315 0.03228058 0.01553635)
(0.0120216 0.03267774 0.01637998)
(0.01216186 0.03123589 0.01428335)
(0.0107565 0.03195473 0.01581527)
(0.008059117 0.03430955 0.01795563)
(0.00721378 0.03515743 0.01822816)
(0.01004989 0.03430241 0.01814542)
(0.01004866 0.03543203 0.01884009)
(0.01378195 0.03218563 0.01490516)
(0.01369572 0.03385596 0.01693349)
(0.01203518 0.03429487 0.01792256)
(0.01076879 0.03379229 0.01774455)
(0.01288897 0.03401576 0.01743656)
(0.01260336 0.03517507 0.01831191)
(0.01570768 0.03546993 0.01680707)
(0.01680707 0.03546993 0.01570768)
(0.002361017 0.03743369 0.01586646)
(0.00155878 0.03679501 0.01426992)
(0.002893563 0.03563592 0.01549638)
(0.003259836 0.03685679 0.01653878)
(0.002259062 0.03897495 0.01619241)
(0.001351753 0.03855494 0.01456447)
(0.005982166 0.03584938 0.01811139)
(0.005404401 0.03682375 0.01824897)
(0.01443794 0.03683422 0.0183509)
(0.01409311 0.03582251 0.01806131)
(0.0137137 0.03713228 0.01881298)
(0.01773828 0.03738982 0.01572157)
(0.01572157 0.03738982 0.01773828)
(0.01664835 0.0369053 0.01664835)
(0.01485043 0.03551046 0.01746912)
(0.0061035 0.04504333 0.01769268)
(0.007236125 0.04790422 0.0154186)
(0.008965741 0.04642008 0.01753692)
(0.00812669 0.04704563 0.01672892)
(0.007207425 0.04623162 0.01727129)
(0.01082354 0.04643053 0.01755513)
(0.01256656 0.04794676 0.01545232)
(0.0120238 0.04845282 0.01487102)
(0.01196108 0.0470385 0.01671135)
(0.01259597 0.04625967 0.01731717)
(0.00742003 0.03861621 0.01952577)
(0.006593927 0.03902034 0.01932615)
(0.00520026 0.03853775 0.01851269)
(0.009039418 0.03858936 0.01981031)
(0.01076052 0.03858537 0.0198291)
(0.01004965 0.03900455 0.01992423)
(0.01004927 0.03764391 0.01968971)
(0.01239653 0.03861407 0.01957855)
(0.006569598 0.0390425 0.0006822427)
(0.00395046 0.03901841 0.002141187)
(0.008075329 0.03277533 0.003486505)
(0.009051335 0.03195243 0.004224799)
(0.008120922 0.03141347 0.005413737)
(0.01075335 0.03193767 0.004209664)
(0.01197176 0.03143839 0.005405793)
(0.008075351 0.048378 0.004951425)
(0.007242744 0.0479489 0.004644714)
(0.008001976 0.04887139 0.005871384)
(0.01201447 0.04837381 0.004981074)
(0.003486505 0.03277533 0.008075329)
(0.004224799 0.03195243 0.009051335)
(0.005413737 0.03141347 0.008120922)
(0.01736392 0.03406398 0.006787343)
(0.0177276 0.03380469 0.009030547)
(0.004951425 0.048378 0.008075351)
(0.004644714 0.0479489 0.007242744)
(0.004452737 0.04820137 0.008984701)
(0.005871384 0.04887139 0.008001976)
(0.01395514 0.04897604 0.008089167)
(0.008862649 0.04971914 0.008164978)
(0.008164978 0.04971914 0.008862649)
(0.008354042 0.04951752 0.007519528)
(0.007519528 0.04951752 0.008354042)
(0.01671135 0.0470385 0.01196108)
(0.004981074 0.04837381 0.01201447)
(0.01487102 0.04845282 0.0120238)
(0.0007149244 0.03902386 0.01351598)
(0.002897264 0.03983851 0.01702724)
(0.00219913 0.04043039 0.016222)
(0.008064663 0.04845868 0.01489688)
(0.00390929 0.03897575 0.0178215)
(0.01347562 0.03882274 0.01928837)
(0.01004748 0.0376899 0.0003006904)
(0.01004564 0.03551471 0.001105291)
(0.009057082 0.03857605 0.0001904303)
(0.007462109 0.03860119 0.0004654968)
(0.01074635 0.03857308 0.0001715739)
(0.01004874 0.03902383 7.530785e-05)
(0.0090492 0.03375948 0.002307316)
(0.008033015 0.03440604 0.001986344)
(0.0100463 0.03265448 0.003342108)
(0.0100458 0.03439963 0.001798559)
(0.01004785 0.03123013 0.005383175)
(0.007261243 0.03511857 0.001777201)
(0.005953995 0.03592515 0.001865951)
(0.005474266 0.03678866 0.001722343)
(0.004189375 0.03747723 0.002306801)
(0.0033689 0.0368311 0.0033689)
(0.01255788 0.03513575 0.001693192)
(0.002141187 0.03901841 0.00395046)
(0.002306801 0.03747723 0.004189375)
(0.001436851 0.03853704 0.005291575)
(0.005291575 0.03853704 0.001436851)
(0.01771664 0.03742445 0.004239475)
(0.01736425 0.03566082 0.004829638)
(0.0178215 0.03897575 0.00390929)
(0.01851269 0.03853775 0.00520026)
(0.004874383 0.04466379 0.002802544)
(0.002802544 0.04466379 0.004874383)
(0.006153614 0.04674926 0.003734459)
(0.006346728 0.04804566 0.00537899)
(0.007242588 0.03098588 0.006729298)
(0.006729298 0.03098588 0.007242588)
(0.001722343 0.03678866 0.005474266)
(0.001865951 0.03592515 0.005953995)
(0.001777201 0.03511857 0.007261243)
(0.0006822427 0.0390425 0.006569598)
(0.0004654968 0.03860119 0.007462109)
(0.003734459 0.04674926 0.006153614)
(0.00537899 0.04804566 0.006346728)
(0.01005524 0.03007647 0.00920839)
(0.01005031 0.03005378 0.01059035)
(0.00920839 0.03007647 0.01005524)
(0.001986344 0.03440604 0.008033015)
(0.002307316 0.03375948 0.0090492)
(0.003342108 0.03265448 0.0100463)
(0.005383175 0.03123013 0.01004785)
(0.01351593 0.03073432 0.009019867)
(0.001798559 0.03439963 0.0100458)
(0.001105291 0.03551471 0.01004564)
(0.0003006904 0.0376899 0.01004748)
(0.0001904303 0.03857605 0.009057082)
(7.530785e-05 0.03902383 0.01004874)
(0.0001715739 0.03857308 0.01074635)
(0.000927095 0.04403081 0.01004971)
(0.003013709 0.04705149 0.01004665)
(0.004438315 0.04821687 0.01080665)
(0.004815927 0.04849229 0.01004545)
(0.01000281 0.03051576 0.01307695)
(0.006702603 0.03094248 0.01256667)
(0.00722338 0.03101829 0.01334688)
(0.009019867 0.03073432 0.01351593)
(0.01350121 0.0306962 0.0107769)
(0.0107769 0.0306962 0.01350121)
(0.001693192 0.03513575 0.01255788)
(0.0004109687 0.03860205 0.01235132)
(0.001138964 0.03719075 0.01364528)
(0.004606843 0.04799531 0.0125416)
(0.01006373 0.03254681 0.01654424)
(0.01002246 0.03114049 0.01445495)
(0.009030547 0.03380469 0.0177276)
(0.006787343 0.03406398 0.01736392)
(0.004829638 0.03566082 0.01736425)
(0.004239475 0.03742445 0.01771664)
)


// ************************************************************************* //
