/*--------------------------------*- C++ -*----------------------------------*\
| =========                 |                                                 |
| \\      /  F ield         | OpenFOAM: The Open Source CFD Toolbox           |
|  \\    /   O peration     | Version:  5.x                                   |
|   \\  /    A nd           | Web:      www.OpenFOAM.org                      |
|    \\/     M anipulation  |                                                 |
\*---------------------------------------------------------------------------*/
FoamFile
{
    version     2.0;
    format      ascii;
    class       faceSet;
    location    "constant/polyMesh/sets";
    object      nonOrthoFaces;
}
// * * * * * * * * * * * * * * * * * * * * * * * * * * * * * * * * * * * * * //


6953
(
311299 
4 
245766 
213008 
245777 
213009 
311316 
245792 
245793 
311332 
294949 
245797 
40 
32809 
262187 
49196 
32813 
32814 
49199 
262193 
311346 
294964 
294965 
32821 
262202 
262203 
245819 
294974 
294975 
311360 
311362 
262212 
262213 
294985 
311371 
327756 
311372 
76 
311373 
311374 
80 
294993 
294994 
213076 
327765 
213077 
327766 
245846 
327767 
262231 
245849 
295003 
245851 
245854 
295007 
245855 
245856 
295011 
295012 
327781 
295014 
295015 
213099 
213103 
112 
327797 
117 
327798 
229495 
327802 
311421 
229501 
98429 
327806 
311422 
32904 
136 
131215 
327825 
131217 
145 
327826 
131218 
327827 
131219 
32915 
245912 
245913 
245914 
295068 
295071 
295072 
327841 
295073 
295074 
245923 
327846 
49318 
262318 
295090 
295091 
311476 
295092 
311477 
229559 
295098 
311485 
32958 
32965 
311494 
32966 
16583 
147657 
311499 
295117 
295118 
295119 
311506 
311507 
229587 
295127 
229591 
229592 
229593 
262365 
245981 
295134 
295135 
295137 
229601 
262370 
245987 
245988 
295142 
262376 
262377 
245994 
262379 
245995 
295148 
295149 
262382 
295157 
246005 
98549 
262390 
98550 
262392 
311547 
311548 
311549 
262399 
246015 
246016 
164098 
311563 
246030 
49422 
246032 
246033 
246036 
262425 
196889 
246044 
82206 
131359 
82210 
246051 
229668 
82212 
311589 
82217 
262445 
262446 
262447 
311600 
311601 
311602 
229686 
262455 
229688 
311610 
262458 
229690 
262459 
229691 
262461 
295236 
229702 
311627 
262475 
229707 
311628 
311629 
328018 
229715 
311637 
229717 
262486 
229718 
262487 
328025 
262490 
98650 
295259 
246108 
246111 
311648 
246112 
311649 
246117 
328042 
328043 
295275 
246123 
98667 
328044 
295276 
311662 
295278 
328050 
328055 
328056 
328057 
311673 
311674 
328059 
180607 
246144 
180608 
180609 
328067 
311683 
328068 
311684 
328075 
262542 
402 
403 
404 
229783 
229784 
98712 
262554 
98714 
411 
262556 
262557 
229789 
229791 
295328 
229792 
295331 
295337 
311722 
147887 
262578 
147890 
262579 
147891 
147892 
229814 
229817 
295357 
246206 
295362 
246211 
262598 
246215 
311752 
246218 
295372 
246220 
246224 
262613 
246240 
262627 
493 
262642 
498 
500 
262648 
262650 
328190 
295427 
328198 
328202 
328203 
328205 
262671 
311827 
262675 
262679 
229914 
328225 
229922 
229923 
328229 
328230 
262702 
229936 
229937 
229938 
262709 
115256 
262713 
295487 
246337 
588 
246351 
246354 
246357 
262746 
246362 
262747 
262751 
246371 
246385 
246389 
230006 
230007 
230008 
164476 
164477 
246403 
328324 
246404 
328325 
246408 
328329 
295561 
230028 
328333 
246415 
295570 
230035 
230036 
311957 
311958 
662 
311959 
663 
311962 
246426 
311963 
295579 
295585 
311971 
148133 
148137 
262862 
246479 
262865 
164561 
262866 
164566 
262873 
164570 
164571 
731 
262876 
246494 
736 
246509 
246513 
246514 
262902 
295674 
262908 
246528 
295681 
262915 
246531 
262917 
773 
246534 
262920 
295690 
295691 
262924 
246540 
262925 
295694 
295695 
246544 
262929 
328466 
262933 
246549 
262936 
246552 
792 
328474 
794 
262940 
230173 
230174 
262943 
262944 
197409 
295714 
262948 
230184 
230185 
230192 
328502 
328503 
312122 
312123 
312125 
312126 
312127 
230210 
312131 
836 
246598 
841 
312138 
246602 
246603 
847 
246609 
246612 
197491 
295800 
295802 
295804 
328576 
246656 
328578 
295811 
246660 
328581 
230285 
312206 
312207 
328593 
197522 
312219 
230303 
312225 
312228 
328615 
328616 
328621 
328622 
328623 
328624 
230322 
230323 
230327 
230328 
312250 
312251 
263108 
263109 
263114 
99274 
263121 
263122 
263123 
181217 
246762 
328690 
295922 
246770 
328691 
328696 
328697 
328698 
295930 
328699 
295931 
328702 
295934 
246787 
246795 
246814 
66593 
279596 
279599 
246833 
246841 
296002 
296003 
246851 
296005 
246855 
296016 
246864 
230481 
230482 
50261 
50262 
328809 
312431 
312433 
312434 
312436 
230516 
230520 
230521 
230522 
181402 
263323 
181403 
181404 
279710 
263326 
246942 
279712 
263328 
296097 
312483 
312484 
279716 
263333 
312486 
263334 
246951 
263336 
263339 
1202 
1203 
263352 
263354 
246971 
263357 
115901 
214206 
279743 
246978 
263364 
263366 
246983 
263368 
279756 
263373 
246990 
296143 
246991 
246998 
83162 
296157 
247006 
328930 
247012 
247013 
296166 
328940 
247020 
230636 
328941 
230637 
328942 
230638 
247025 
263412 
263417 
230652 
328957 
263421 
263422 
312575 
328962 
328965 
328966 
328967 
230680 
230681 
230684 
296222 
247074 
247078 
230694 
247081 
263470 
230703 
230704 
263473 
279859 
230709 
312636 
230716 
230717 
230718 
279871 
312642 
329031 
329032 
263498 
329035 
329036 
312652 
329037 
263503 
329040 
296272 
230737 
329043 
329044 
279892 
329045 
247127 
329050 
296282 
312667 
247135 
329057 
296289 
296290 
329062 
329064 
329065 
312682 
263530 
247146 
247148 
296301 
296302 
263534 
263535 
247152 
312694 
214391 
296312 
247163 
329084 
247164 
312701 
312702 
247168 
247175 
312721 
312722 
247190 
329111 
312736 
247204 
312743 
263591 
263594 
263595 
296369 
263602 
247221 
329142 
247223 
296376 
296377 
263610 
263612 
247230 
263616 
247232 
296387 
296388 
296389 
263626 
247243 
329166 
247250 
329173 
247257 
329178 
296410 
247258 
247259 
329180 
329181 
329182 
312801 
329187 
312803 
329188 
312804 
132581 
329191 
329192 
312813 
312814 
312821 
230902 
329209 
329210 
230909 
247300 
247301 
247302 
312840 
329225 
312841 
230925 
1549 
312846 
230926 
230927 
329232 
247312 
329233 
247313 
312858 
312859 
312862 
296483 
296487 
263719 
230951 
263720 
263721 
296490 
296491 
230955 
263724 
230956 
280111 
230962 
296499 
296500 
296502 
263737 
280125 
263741 
296512 
17984 
296513 
230977 
230978 
263747 
247363 
296516 
132676 
247365 
263750 
230983 
132681 
247372 
230990 
296527 
263764 
312917 
312918 
263767 
247383 
312920 
263768 
329305 
263770 
247386 
67163 
67164 
312929 
280161 
329314 
280162 
329315 
247398 
280169 
247402 
280172 
329330 
329331 
1654 
329335 
329336 
312952 
329337 
329338 
329339 
329340 
181885 
296585 
263818 
296587 
263819 
296588 
280208 
329361 
263826 
247443 
296598 
247446 
329367 
247447 
247448 
263834 
280224 
280229 
280230 
280231 
263847 
329388 
280236 
329390 
247470 
296624 
329393 
296626 
296633 
247489 
247490 
247491 
231109 
313030 
296646 
263884 
313038 
231118 
296659 
313045 
247510 
247511 
247512 
231128 
231129 
1754 
313051 
280283 
214747 
1755 
263901 
231133 
313054 
247518 
280287 
296676 
313062 
263911 
1767 
263912 
263918 
247536 
247537 
247538 
313075 
296691 
296692 
296699 
247548 
313087 
263935 
296705 
296709 
247559 
313096 
280328 
247560 
313097 
296717 
280333 
280334 
280335 
247569 
231185 
313107 
280340 
247584 
247585 
247589 
263975 
296744 
329513 
296748 
263980 
329518 
263982 
329519 
313136 
296755 
280371 
296756 
296759 
263997 
329535 
247615 
1856 
329537 
280386 
313157 
329544 
280399 
100177 
247642 
280413 
329566 
329567 
264032 
329569 
264041 
264044 
264046 
264047 
149359 
182128 
149360 
313207 
313208 
329593 
313209 
313212 
247676 
67475 
1940 
1941 
67479 
280481 
280483 
280486 
329640 
296872 
264105 
296876 
296877 
280498 
264115 
280500 
280501 
264117 
313271 
313277 
313278 
247745 
313285 
296910 
296912 
313299 
313300 
296919 
2008 
313311 
296931 
2020 
313319 
296935 
313320 
280553 
313322 
296938 
296940 
296942 
313328 
296944 
280560 
296946 
296948 
182267 
264190 
264192 
182274 
264196 
280592 
2064 
2065 
2066 
2067 
67607 
2072 
2078 
329760 
215074 
2084 
313386 
2090 
264236 
313389 
280621 
264237 
313397 
247864 
231481 
231489 
313411 
247878 
329806 
247889 
247891 
247892 
247895 
247897 
329821 
280669 
329823 
329824 
133216 
280673 
329831 
329832 
329834 
264298 
264301 
329838 
264302 
329839 
264303 
329841 
231547 
329854 
329855 
329856 
329857 
264322 
231556 
313478 
329863 
231568 
51344 
231570 
313491 
313496 
280729 
313498 
313504 
329890 
313511 
2215 
280749 
133294 
215225 
264394 
280782 
231633 
231634 
264404 
264405 
264406 
264407 
182494 
182495 
67808 
67809 
280806 
264422 
264423 
280808 
264424 
67816 
264425 
248045 
248046 
264432 
248049 
198897 
248050 
264435 
248051 
280820 
280821 
248062 
67841 
100611 
100614 
67846 
100617 
313618 
330008 
231704 
313626 
313628 
313630 
313631 
133408 
313635 
264483 
133411 
330026 
313644 
313647 
264499 
264500 
264501 
313660 
2364 
313661 
2365 
330046 
330047 
330048 
313664 
330049 
330051 
330052 
330054 
330056 
330057 
330058 
264522 
264523 
264524 
313680 
248145 
215377 
117073 
215379 
280917 
264534 
280919 
264535 
313694 
280931 
280932 
330089 
330091 
280940 
231795 
330104 
330107 
231808 
330121 
264586 
297355 
264587 
330124 
231821 
117138 
297363 
297364 
264596 
313752 
330138 
330139 
297371 
264603 
297372 
297373 
231838 
313760 
297376 
280993 
280994 
231843 
280997 
313767 
330154 
313771 
264619 
313772 
248236 
330159 
248241 
264626 
313785 
264633 
313787 
297405 
297406 
264639 
248255 
231871 
297408 
281025 
281028 
231876 
281030 
231879 
231883 
231884 
248269 
297422 
297423 
330193 
133585 
297426 
133588 
231894 
330199 
330200 
199131 
215516 
231906 
215523 
215524 
281066 
264691 
264694 
281081 
281083 
231933 
264704 
281090 
297479 
297486 
231951 
231952 
297489 
264724 
297500 
297501 
231965 
231967 
264736 
231974 
231979 
297524 
264758 
297528 
297530 
297545 
330314 
19020 
297550 
330320 
264784 
330321 
281169 
264787 
215643 
297565 
281181 
264801 
297570 
264802 
297571 
281188 
281196 
330360 
297599 
313985 
297602 
232067 
313991 
232073 
248460 
248461 
232077 
248462 
232080 
264853 
314006 
264855 
314010 
264860 
297629 
264863 
248483 
248485 
314025 
314026 
248491 
264876 
248492 
248493 
264883 
314038 
314040 
297656 
297661 
297662 
281281 
281283 
281287 
264905 
264907 
297676 
215756 
215757 
297686 
297687 
297688 
264927 
264928 
330465 
297702 
248550 
264936 
248553 
232169 
248554 
2796 
330478 
330480 
264946 
264948 
248567 
248568 
314108 
264956 
330496 
330498 
330499 
330502 
330503 
264968 
264969 
314124 
232204 
248591 
314129 
264978 
232211 
232213 
232216 
297758 
232224 
297762 
297763 
314149 
297767 
297768 
265001 
248618 
314156 
314161 
215857 
215858 
215859 
265014 
215863 
215864 
265017 
314173 
314175 
297793 
297794 
314179 
297798 
314184 
297800 
314192 
314193 
281426 
314202 
297819 
314204 
281436 
297822 
297827 
281444 
297829 
297835 
297837 
248685 
297839 
314228 
330613 
330614 
297846 
330615 
330618 
330619 
265085 
330622 
265086 
248702 
2943 
2944 
330627 
232323 
68483 
330628 
330634 
265098 
232330 
330635 
248717 
232337 
101265 
314258 
232338 
314260 
232340 
232341 
314262 
215959 
199576 
330651 
248740 
314278 
297894 
248742 
330664 
232363 
134059 
314284 
297900 
248748 
314285 
314286 
330671 
330672 
297904 
265148 
314305 
216003 
265156 
248773 
248774 
314311 
248775 
117703 
314312 
297928 
314313 
297934 
297939 
314324 
265173 
248789 
248790 
314327 
248791 
314328 
134106 
134113 
314338 
314341 
248805 
314342 
314345 
314348 
314349 
248813 
68589 
248814 
68591 
68592 
297970 
297974 
297975 
232439 
150520 
314365 
314371 
314372 
248840 
248842 
297999 
265234 
265235 
232469 
232470 
248858 
314395 
248862 
314401 
314402 
248866 
314403 
314404 
248869 
232486 
330792 
117800 
265259 
117803 
265260 
330799 
248880 
330802 
314420 
314421 
314422 
248886 
330815 
248895 
330816 
298048 
330817 
330819 
35907 
330820 
314436 
314437 
330823 
314439 
330824 
281673 
232521 
35913 
281674 
330828 
314444 
281683 
248918 
298071 
248919 
298072 
248920 
298073 
314467 
68707 
330852 
68708 
330854 
248939 
248942 
248943 
134255 
199797 
248957 
314497 
314500 
314506 
314508 
314510 
232590 
265361 
314514 
265363 
314517 
314518 
248982 
314520 
265368 
314521 
281757 
265373 
265374 
52386 
52387 
314535 
52394 
298156 
314542 
298158 
314543 
314544 
298161 
249009 
249011 
265397 
249020 
232636 
298174 
265407 
249023 
314560 
249025 
232642 
314563 
314564 
314565 
298181 
232645 
232646 
298183 
265418 
249034 
314574 
265422 
265423 
232656 
249041 
314581 
68821 
281815 
68823 
68827 
232672 
249058 
232675 
249062 
232679 
314602 
314610 
281845 
331018 
331020 
249102 
249103 
249104 
314641 
232721 
314642 
331036 
331040 
249131 
314670 
314671 
249142 
249143 
298296 
314682 
249149 
331073 
249153 
298306 
298307 
331079 
298312 
331081 
331082 
298318 
249168 
249169 
281943 
265560 
249177 
298334 
298339 
249187 
265574 
265575 
249194 
265579 
314732 
314737 
281976 
331129 
281977 
314746 
265595 
265598 
249219 
265605 
265607 
314760 
232840 
265609 
265612 
314767 
265615 
314768 
314769 
265618 
265621 
249247 
314788 
314790 
314791 
314792 
314797 
298416 
298417 
249265 
249266 
232882 
314806 
314814 
282048 
265664 
282049 
331205 
314821 
314822 
265671 
265673 
232906 
265675 
249295 
314832 
282064 
249296 
232916 
232917 
314839 
232920 
314842 
314843 
232925 
314850 
314851 
298468 
232933 
314854 
232939 
232941 
183789 
331247 
298485 
331254 
232950 
331256 
331257 
232954 
314877 
298497 
36355 
331272 
331278 
134672 
331281 
331282 
314899 
331285 
331286 
314903 
331288 
314904 
200217 
314908 
331294 
314910 
200222 
265762 
314918 
314919 
314922 
249389 
249391 
331313 
331314 
3635 
331317 
331320 
331321 
298553 
331322 
314938 
249416 
249430 
249431 
249436 
233052 
233053 
298595 
298596 
216676 
265834 
249458 
233077 
233081 
233086 
3710 
282241 
315012 
233093 
233096 
249483 
233100 
315022 
3727 
315024 
315025 
315027 
233108 
315029 
52889 
249505 
233122 
134818 
249508 
249509 
315046 
315047 
69287 
233129 
315061 
249529 
315066 
249537 
3780 
298700 
315088 
315089 
282333 
265952 
265954 
249572 
265957 
282344 
315113 
315116 
118511 
249589 
249590 
298749 
298750 
249601 
265986 
265988 
265989 
298759 
298760 
298761 
298768 
298770 
249631 
249632 
266020 
315183 
315186 
331575 
331577 
331578 
331579 
331580 
331581 
282438 
282440 
331593 
315210 
315211 
331596 
331597 
331598 
331603 
282457 
315226 
331611 
298844 
298845 
315230 
298846 
298851 
298852 
266085 
249701 
249702 
315240 
315241 
298858 
298859 
266091 
331628 
282479 
331632 
331633 
331635 
315251 
266104 
298882 
298883 
249731 
167812 
167813 
331654 
249752 
298919 
249768 
69544 
249770 
200618 
266159 
331698 
266167 
249783 
298936 
282553 
266175 
266182 
282567 
266198 
298980 
298982 
298984 
298985 
233449 
331761 
233458 
298998 
282630 
233489 
282645 
266264 
282651 
299036 
282660 
233511 
151591 
331816 
151594 
266283 
233516 
69677 
282674 
299059 
331830 
69686 
331831 
331833 
331835 
282683 
299071 
331846 
282694 
299079 
331848 
331850 
331855 
331856 
331857 
282713 
282714 
331869 
233567 
266338 
266339 
266340 
331883 
266351 
315508 
266356 
282741 
266357 
53365 
282743 
53367 
266361 
53373 
331903 
53375 
331904 
331906 
315538 
299155 
331925 
331926 
331928 
299160 
331929 
299174 
299183 
299184 
266426 
233659 
233675 
86223 
331994 
331996 
266461 
331998 
266462 
233694 
331999 
233701 
282858 
315627 
282859 
266481 
217329 
332018 
282866 
332020 
332021 
266485 
299254 
332024 
299258 
233723 
299260 
282878 
266496 
332034 
299266 
266500 
233736 
332041 
233739 
332049 
332051 
332052 
266516 
332053 
266517 
299288 
233752 
332057 
233753 
332059 
332060 
332062 
332066 
86306 
315684 
332070 
266535 
266553 
315708 
332093 
315709 
266561 
86337 
135493 
299334 
135494 
69960 
135498 
233810 
151890 
151891 
315737 
315739 
332126 
266590 
315745 
233825 
233826 
299363 
299365 
233831 
315753 
299371 
315758 
266607 
168303 
233841 
168305 
332147 
266612 
315765 
332150 
266614 
233847 
332153 
315769 
283001 
332154 
332155 
332157 
315774 
233854 
299393 
151937 
332163 
299395 
266629 
332167 
332168 
332174 
332177 
283026 
233875 
283028 
332181 
283029 
266645 
233879 
332184 
283033 
332190 
315806 
332191 
299425 
332194 
332196 
266663 
332200 
332201 
233897 
233902 
283057 
266673 
299442 
283058 
283059 
299445 
283063 
233912 
266682 
233914 
315838 
315843 
201159 
283081 
250317 
283087 
250319 
184786 
283097 
332251 
283101 
332257 
332258 
299492 
20965 
299494 
299496 
299501 
266736 
315890 
299513 
266746 
233979 
233980 
233997 
266766 
266771 
234003 
283157 
266773 
283162 
299551 
217635 
283172 
266788 
299560 
283176 
315945 
283183 
283184 
299569 
283185 
283186 
266804 
299576 
53820 
315968 
234060 
283215 
234063 
315987 
234072 
234073 
315995 
332380 
283228 
299616 
332387 
283235 
332388 
283236 
234086 
299623 
299624 
234091 
234092 
266866 
316019 
234099 
299636 
266872 
299643 
266875 
135808 
332420 
332425 
332426 
234122 
234124 
332430 
37519 
332433 
316049 
250513 
250514 
234132 
316053 
250535 
250536 
250537 
332458 
250538 
234159 
234160 
234163 
217779 
234165 
316086 
234167 
332472 
234170 
299709 
283325 
332478 
283331 
316100 
316101 
316102 
234183 
234184 
234185 
234196 
266965 
234197 
266967 
266968 
266970 
316124 
316125 
316126 
266990 
266992 
266993 
266995 
316148 
234230 
234231 
316156 
201468 
316176 
316180 
234260 
234261 
234262 
234263 
250648 
299801 
250649 
299803 
234267 
250654 
250655 
250656 
250657 
234274 
234276 
299816 
234282 
283435 
234283 
332589 
283441 
332594 
152370 
316211 
299829 
283446 
299831 
234298 
283452 
217917 
332606 
299844 
217925 
267080 
168776 
168777 
332619 
316237 
168781 
332622 
267086 
168783 
332624 
234321 
332626 
332627 
299860 
299862 
332632 
316248 
332633 
316249 
316250 
299870 
299871 
250720 
267106 
299875 
316264 
234344 
234345 
283504 
250736 
234352 
234353 
234354 
267123 
234358 
234359 
234361 
234362 
299900 
250751 
299904 
332673 
316290 
250754 
250755 
332676 
250756 
316293 
201605 
201606 
201607 
332680 
316297 
316298 
316299 
119693 
299929 
316314 
316315 
299931 
316316 
332703 
283551 
299936 
299937 
332708 
283558 
299945 
283562 
185261 
316338 
316339 
316340 
267190 
250813 
316350 
250814 
250815 
316355 
136131 
136132 
136133 
136134 
267211 
250829 
267216 
283602 
283603 
283605 
316381 
316382 
5086 
300000 
267233 
54242 
300003 
267237 
332777 
283628 
283630 
332783 
283632 
316405 
267253 
316406 
234486 
234487 
234490 
234491 
250876 
234492 
332799 
316416 
332801 
250881 
250882 
316419 
267267 
250883 
332804 
234502 
234519 
283672 
234520 
283675 
250909 
332830 
250910 
332831 
250911 
332833 
332834 
332836 
316458 
316460 
300076 
218157 
218158 
300081 
136242 
136244 
267318 
267324 
267327 
267333 
316488 
267337 
316490 
300108 
267343 
332882 
267346 
300115 
332885 
250965 
250966 
300119 
332888 
300120 
332889 
332890 
267354 
250976 
250977 
152682 
300140 
201840 
267377 
70769 
283765 
316534 
267383 
234624 
234625 
234626 
332943 
234640 
332946 
234642 
332947 
300179 
332948 
332949 
251031 
251032 
185496 
218265 
185497 
218266 
234651 
87195 
234653 
234654 
234655 
316577 
234657 
136353 
234659 
54439 
54440 
234665 
251059 
283829 
234677 
38069 
332983 
234683 
332988 
332989 
332995 
201923 
267461 
267464 
251085 
300240 
267473 
267474 
251090 
234708 
251093 
267478 
251094 
300252 
267484 
152796 
152797 
152798 
251105 
251111 
251113 
201962 
234733 
234734 
218351 
251121 
5361 
251122 
267507 
251128 
251129 
300282 
267515 
300284 
300286 
283910 
38152 
300299 
283918 
283919 
267536 
300306 
300307 
251159 
333080 
251160 
316697 
333082 
333084 
333085 
333090 
300323 
333095 
283943 
283945 
283947 
218411 
251180 
251181 
251184 
218417 
251186 
251189 
251190 
218424 
316732 
251203 
251204 
267589 
316744 
316746 
283979 
283980 
218445 
300366 
267599 
316753 
251217 
283986 
251218 
283988 
251224 
251225 
267627 
333165 
251246 
251247 
234863 
333168 
234864 
333170 
300403 
87411 
251253 
251254 
300410 
5498 
300411 
333180 
333182 
267646 
300416 
267650 
234884 
251270 
251271 
284041 
284042 
251275 
234891 
251278 
251279 
333200 
251280 
251282 
333203 
251284 
333205 
333206 
333208 
251293 
251294 
251295 
251301 
251302 
284072 
284073 
284077 
267698 
300467 
300468 
267701 
300470 
234935 
300477 
153021 
300478 
267710 
251326 
234942 
251327 
234943 
300480 
234950 
267721 
284106 
300491 
284107 
284108 
234962 
267733 
169432 
234969 
87513 
267738 
234970 
251355 
251356 
251359 
267745 
251362 
267756 
316913 
22003 
5620 
300533 
300546 
300547 
284165 
316935 
284177 
284178 
251413 
251415 
251416 
300569 
300574 
284190 
300575 
267807 
251425 
316962 
316964 
316966 
267816 
235049 
235055 
235056 
153136 
284211 
267828 
267829 
284215 
284219 
235067 
87624 
251477 
300634 
251482 
300636 
284252 
300637 
251495 
5735 
284264 
5736 
284265 
136815 
251504 
136816 
267892 
300661 
71285 
300662 
267895 
300664 
267896 
251513 
300669 
300670 
251522 
251526 
317067 
251533 
317070 
317071 
317072 
284304 
284305 
267925 
251541 
251542 
317082 
300698 
284314 
317085 
317086 
317090 
317093 
169639 
284328 
267945 
284336 
284341 
300727 
300730 
300732 
284357 
267973 
300743 
300745 
251594 
300747 
5836 
5837 
251598 
251599 
284369 
251601 
333523 
284371 
333524 
300757 
251608 
300761 
267994 
317148 
300765 
300766 
300771 
300773 
300774 
333546 
333548 
268017 
284403 
136947 
268020 
300790 
284411 
268045 
251661 
317199 
300816 
251666 
317205 
268059 
333603 
333604 
251688 
251689 
235312 
284469 
284471 
235319 
300856 
333626 
333627 
300860 
251713 
251715 
55109 
55114 
55117 
317263 
235344 
300881 
317267 
317268 
251733 
251735 
317272 
317274 
284506 
317276 
300892 
251746 
5986 
169829 
300902 
235366 
5991 
251755 
251756 
5996 
5997 
300910 
251763 
284533 
251765 
268159 
300928 
251776 
300932 
251787 
268173 
251791 
6034 
284573 
284574 
268193 
251811 
317348 
268196 
251815 
284586 
284587 
300978 
235443 
300981 
251836 
251837 
317380 
251852 
251855 
251856 
284629 
235486 
235490 
317414 
251878 
284647 
251879 
235496 
317421 
268269 
317422 
268270 
251886 
235502 
317423 
251887 
235504 
284659 
268277 
317431 
251897 
268283 
268284 
251901 
153600 
317447 
317448 
317449 
137229 
301070 
137230 
137231 
317456 
137232 
317466 
170010 
22555 
317481 
301097 
301098 
301099 
235563 
301106 
317491 
235571 
301108 
284724 
235572 
301109 
235577 
317500 
235582 
317503 
55362 
301123 
235588 
235590 
120913 
268378 
251996 
251997 
301152 
235618 
235619 
71781 
317542 
71782 
317543 
252007 
88167 
317544 
71786 
252011 
71787 
71788 
317551 
252015 
235637 
317559 
235641 
252027 
252028 
235648 
235654 
235663 
235673 
55453 
301233 
301236 
235700 
301239 
317624 
301241 
301243 
301244 
301246 
186558 
317631 
268481 
235718 
268487 
317643 
235725 
219347 
235732 
268511 
235749 
235750 
268519 
252135 
235751 
88296 
301299 
301300 
301302 
235769 
284928 
235776 
317697 
235777 
235778 
104706 
153859 
153860 
153861 
334091 
317707 
268555 
317708 
334093 
284942 
317711 
284943 
301334 
284955 
235804 
284957 
284961 
334114 
334115 
284966 
235815 
268584 
317738 
284971 
284972 
235821 
235822 
301359 
284975 
284983 
284984 
284985 
121151 
317765 
268618 
317774 
317776 
301392 
317777 
268629 
170327 
334171 
334172 
268637 
317796 
301414 
235883 
317806 
235888 
235889 
334194 
334195 
317811 
235891 
317812 
268662 
186743 
268664 
235896 
268666 
235899 
186747 
186748 
235901 
186749 
285055 
235907 
235909 
153991 
153992 
285065 
285067 
268685 
268687 
317840 
268688 
235926 
121241 
235930 
235932 
104862 
285091 
285097 
285100 
235950 
235953 
235954 
235960 
235968 
235969 
235976 
301515 
301516 
301517 
235981 
268758 
285146 
268762 
285148 
301536 
170464 
236004 
285157 
236008 
23017 
268786 
268787 
219637 
285178 
285179 
236028 
236032 
236033 
236039 
317968 
236050 
268821 
317976 
317977 
236061 
317982 
236062 
137771 
186927 
318001 
318003 
318006 
236089 
236091 
72254 
72255 
285253 
285255 
285257 
301643 
301648 
301649 
318037 
268886 
170582 
285271 
236119 
170584 
285273 
285275 
236124 
236125 
236126 
236128 
301668 
236132 
301669 
236140 
268911 
236150 
236151 
252555 
236173 
236174 
252559 
252561 
236180 
236181 
285340 
285343 
285345 
268969 
236203 
285356 
285357 
268978 
236210 
236211 
268980 
236212 
301749 
236213 
236217 
236220 
236221 
236225 
236231 
236232 
236233 
301771 
236242 
236246 
236248 
23256 
269027 
269030 
269031 
301800 
252648 
203504 
269041 
269043 
203510 
219895 
219896 
203512 
269049 
252666 
269051 
252669 
252672 
252674 
318211 
269062 
269063 
285450 
269066 
285453 
285459 
236315 
236317 
236319 
72483 
56112 
236340 
236345 
318266 
236346 
236347 
23355 
236349 
236358 
236361 
236367 
318298 
301920 
269152 
236386 
236387 
269156 
252772 
269157 
252773 
187238 
187239 
252781 
187245 
252782 
318324 
252790 
252793 
318331 
301947 
236415 
236417 
269187 
269191 
269192 
301961 
318348 
285582 
301974 
236438 
301975 
252831 
252832 
285602 
318372 
252836 
269224 
269225 
236458 
236459 
56245 
269238 
285624 
318398 
318399 
236480 
252866 
252869 
269254 
252870 
269255 
252872 
302026 
236491 
252876 
269268 
252898 
252899 
252901 
236518 
252903 
269290 
285677 
269293 
285680 
187377 
269299 
121843 
187383 
72700 
269311 
269312 
318472 
269325 
252945 
252946 
252949 
269345 
252962 
269347 
252964 
252967 
285739 
236587 
105519 
105520 
269361 
105521 
105523 
302138 
138301 
220222 
220223 
236609 
56387 
220228 
269381 
56389 
236614 
56390 
56391 
269386 
269388 
56398 
318544 
56401 
318546 
253010 
253011 
253017 
269403 
253019 
253023 
236642 
7270 
187497 
236650 
302188 
236653 
187503 
269424 
236656 
236658 
302196 
285815 
236670 
236671 
236673 
269446 
285831 
285832 
236682 
302219 
285841 
318610 
285844 
318613 
220317 
269471 
253087 
285858 
89250 
253091 
89256 
236713 
236714 
253117 
269505 
269508 
253124 
318665 
187593 
269515 
318669 
269518 
318671 
318673 
285908 
253141 
56533 
56534 
318679 
253143 
253144 
253146 
302300 
285916 
253162 
253164 
236780 
253165 
236781 
253167 
285936 
318705 
285937 
302326 
285944 
220409 
285946 
269563 
253181 
236798 
318720 
236800 
285957 
253189 
187653 
285959 
187658 
236818 
269588 
236820 
253206 
318745 
253209 
285979 
285983 
236832 
302370 
236842 
236844 
285997 
285998 
236846 
236848 
236850 
286004 
236852 
318774 
236857 
318778 
269626 
40251 
269629 
236862 
318786 
302408 
236876 
236881 
253275 
253277 
253280 
220525 
204142 
269687 
318840 
318841 
286073 
318843 
286075 
286077 
318846 
318847 
302463 
286085 
73094 
318855 
318860 
286097 
286098 
138665 
7596 
269759 
318920 
318923 
318926 
155087 
318933 
318940 
302577 
318962 
302579 
286200 
220664 
302585 
220671 
302592 
286210 
286211 
138755 
138762 
318991 
319000 
319003 
319006 
286242 
319012 
319013 
319017 
253497 
237115 
302654 
73279 
253504 
253505 
286274 
253506 
302660 
73287 
253512 
302667 
253522 
269907 
302676 
286292 
302677 
237142 
253529 
253530 
253531 
302686 
253538 
319076 
253541 
253542 
319079 
319080 
253549 
319086 
269934 
302704 
253554 
253559 
253560 
253565 
302722 
253571 
253572 
220806 
237192 
253580 
253581 
269970 
269972 
302746 
237216 
302754 
237218 
302755 
269989 
89773 
270000 
270001 
253628 
253629 
253634 
253635 
286406 
253638 
253639 
319179 
270027 
319180 
286413 
270029 
319182 
286414 
319186 
319187 
319193 
319197 
270049 
270053 
270054 
319207 
319208 
286442 
73453 
319216 
270066 
253682 
270067 
253683 
73459 
286453 
204542 
204544 
286467 
286468 
253700 
204550 
237321 
57099 
270097 
270099 
253722 
270120 
237361 
319283 
319284 
237366 
286520 
319291 
302907 
302908 
319300 
286533 
286534 
319303 
237384 
122699 
319312 
319313 
270172 
286558 
270174 
319327 
319329 
286562 
237410 
253795 
253796 
286568 
270184 
286569 
286576 
286580 
286581 
8053 
8054 
237438 
270210 
286603 
253841 
253842 
139155 
319381 
286619 
253851 
253852 
286629 
286630 
286631 
237479 
237485 
253870 
253871 
286649 
286651 
237500 
237501 
286669 
253902 
286671 
237522 
303060 
270292 
286677 
237527 
237528 
303066 
303067 
303069 
303072 
286689 
286690 
286691 
253930 
270317 
237549 
286704 
253942 
253943 
270335 
286722 
286724 
237572 
237573 
237574 
286727 
253959 
253960 
286729 
270345 
270347 
303116 
319501 
303117 
221198 
253968 
253969 
253970 
303128 
253976 
73752 
303133 
303142 
253990 
270375 
270376 
253992 
319532 
319534 
254004 
303157 
319549 
319552 
319553 
270403 
254019 
139331 
319556 
270404 
254020 
254022 
254023 
254024 
237640 
237641 
237642 
270415 
254033 
254036 
303189 
237654 
237660 
303198 
303202 
319594 
303211 
237678 
204921 
237697 
270467 
270468 
303240 
254089 
303242 
254090 
270479 
286874 
270497 
303270 
90279 
303272 
303276 
254128 
254129 
254131 
270528 
123074 
123075 
303302 
303304 
237775 
237776 
254173 
254175 
254176 
254180 
254182 
237800 
237801 
237802 
73967 
303359 
237829 
237830 
123142 
123144 
286986 
237834 
286987 
237835 
286990 
106766 
254232 
254233 
237851 
237852 
74028 
74029 
205104 
205106 
254260 
254262 
270658 
319818 
303439 
8527 
270672 
8528 
254290 
254291 
8532 
8533 
8534 
270683 
287072 
237923 
319844 
237924 
303467 
303468 
254317 
270707 
270708 
319865 
237946 
237948 
303488 
270721 
237953 
303493 
254342 
237958 
303498 
303499 
254348 
303502 
319890 
287124 
303510 
287131 
254369 
319911 
319912 
287145 
287152 
8626 
254388 
270773 
270774 
319927 
319929 
254393 
303547 
303553 
221634 
221635 
303556 
270788 
303557 
303559 
303561 
270801 
238039 
238043 
238046 
238047 
74207 
270817 
238049 
8673 
270818 
238051 
238053 
270823 
8679 
270826 
270829 
270831 
287216 
287222 
287225 
319994 
238074 
107002 
107003 
107005 
107006 
238085 
287242 
254483 
270868 
270869 
270870 
139802 
221724 
287262 
254494 
254496 
221730 
270883 
221731 
270890 
320043 
270893 
287296 
270912 
320066 
270915 
238156 
74322 
270934 
270935 
254551 
270936 
238174 
320097 
270946 
254565 
221798 
287335 
254567 
320105 
287337 
320106 
287339 
270955 
221804 
238189 
221805 
221809 
238194 
254579 
254580 
205428 
205429 
123509 
238198 
238199 
238200 
221817 
90752 
254593 
90753 
270979 
254600 
238216 
270985 
238219 
238228 
254614 
238241 
139940 
287397 
139941 
221865 
320170 
287405 
287406 
320176 
320177 
287409 
74424 
287423 
156357 
287431 
320200 
287432 
287433 
25289 
320206 
320207 
320209 
254673 
123606 
320219 
320221 
320222 
254687 
254701 
254704 
254705 
287496 
205579 
287502 
254738 
287507 
254739 
254755 
320292 
320293 
320295 
287531 
287535 
320305 
287545 
287546 
238400 
320323 
238404 
320342 
320344 
238433 
271204 
90981 
238443 
287599 
238451 
271220 
287612 
303998 
304003 
304005 
287621 
74635 
74636 
320400 
320402 
205716 
107413 
222102 
238487 
271256 
205720 
205721 
271259 
287645 
271262 
320416 
320417 
320418 
271266 
287659 
287667 
287672 
320442 
320443 
320444 
320450 
320451 
254916 
271301 
140234 
254929 
254931 
271316 
287703 
304093 
287709 
254943 
320480 
271328 
254944 
320481 
254946 
254949 
271334 
271335 
254951 
271336 
254954 
287723 
254955 
254956 
254961 
304114 
254962 
287731 
304117 
74742 
74743 
74744 
304122 
304125 
304130 
222210 
222211 
271371 
271374 
255011 
271399 
271401 
320555 
320556 
320558 
320559 
320564 
287798 
287808 
271431 
255051 
287822 
271440 
255059 
140372 
287830 
271447 
271448 
271449 
255065 
255066 
287835 
238686 
124002 
124003 
287848 
304238 
205936 
205937 
304242 
271475 
304244 
287860 
205943 
304252 
304253 
255101 
304255 
205951 
304256 
271491 
320645 
320646 
320648 
320649 
25740 
320655 
271505 
320662 
238744 
255129 
304284 
320670 
304286 
304287 
271520 
238761 
255148 
255149 
189614 
255152 
287924 
255158 
189622 
320695 
255159 
287929 
287930 
255162 
304316 
304317 
304319 
238788 
206027 
255181 
140496 
222417 
140497 
222418 
74962 
74967 
222424 
238815 
304352 
304354 
271595 
271599 
255215 
271600 
304371 
304373 
304374 
304376 
238840 
255226 
271612 
255228 
271613 
255229 
271615 
320769 
255236 
255237 
304393 
304394 
320780 
304396 
304397 
238864 
320787 
320789 
320792 
238875 
238876 
304413 
288030 
288031 
320800 
304416 
288032 
288034 
140582 
320807 
255271 
255272 
271659 
255275 
124203 
140588 
140590 
238895 
320816 
238896 
271667 
304441 
304442 
304445 
320832 
75077 
320841 
157001 
255313 
255314 
140628 
255319 
271714 
255335 
255336 
255337 
255344 
255345 
255355 
238971 
271743 
304521 
304522 
304524 
304525 
222606 
222607 
304528 
288144 
304530 
222611 
255380 
304533 
271775 
288163 
271780 
255398 
239014 
255400 
255402 
288174 
255408 
271793 
75185 
255414 
75190 
255415 
255417 
255429 
304585 
91593 
304586 
239051 
239053 
255441 
255443 
255444 
271845 
255461 
288232 
222696 
304618 
321004 
321006 
304624 
288244 
222708 
321018 
288251 
321020 
255484 
124416 
124417 
124418 
321027 
304645 
239109 
304647 
239111 
304648 
304649 
239117 
321038 
288271 
239121 
288278 
239128 
271902 
304671 
304672 
304673 
288290 
304675 
288295 
75304 
75305 
271915 
271916 
255534 
255536 
173622 
271928 
271929 
304699 
255547 
255553 
304707 
255558 
239180 
239183 
239187 
255588 
239205 
255590 
222823 
222829 
255614 
239231 
239233 
255618 
91779 
91784 
239246 
222864 
222868 
239253 
288410 
304799 
288415 
288417 
272033 
272034 
272046 
239278 
272047 
272063 
239302 
255691 
239307 
239308 
222929 
239316 
288470 
288475 
255710 
42728 
321266 
255732 
255736 
255737 
272123 
255740 
272125 
255741 
272126 
255744 
239365 
321286 
239367 
239371 
239375 
239376 
26388 
223000 
223001 
288538 
239388 
239393 
321314 
288546 
321317 
255781 
272187 
272194 
272203 
272205 
304983 
304984 
304985 
239450 
288605 
239454 
223070 
304991 
223071 
288608 
239457 
239458 
239461 
288615 
321385 
305001 
255849 
305007 
305008 
305009 
239474 
305014 
255862 
288631 
255863 
239479 
255867 
255868 
255869 
239486 
288639 
305024 
75648 
305033 
305035 
305036 
305039 
321427 
321428 
305047 
239512 
321436 
42909 
305055 
305056 
272288 
223138 
141218 
141219 
305061 
272293 
305062 
223142 
272300 
124845 
124846 
239537 
239542 
272311 
239544 
157624 
157625 
239547 
255935 
255938 
255939 
239560 
239561 
288716 
239565 
92109 
288723 
321494 
305115 
305116 
321501 
321502 
305119 
305120 
305121 
305122 
321507 
321509 
255973 
10214 
321512 
223209 
223215 
157679 
255991 
321534 
321535 
272391 
239624 
239627 
239628 
239629 
272398 
305168 
272400 
256018 
239634 
239635 
141332 
239642 
321564 
321566 
321568 
223264 
223265 
305189 
256038 
321577 
321588 
256059 
256060 
256063 
223301 
223305 
321611 
223313 
223314 
288852 
157781 
288854 
157787 
288861 
321641 
321645 
239732 
321653 
239734 
305271 
305272 
239737 
141433 
321658 
75899 
239741 
288895 
239743 
75903 
288898 
256130 
256131 
256134 
256135 
223367 
223368 
256137 
239754 
321678 
256142 
239758 
125072 
157841 
288914 
321683 
321684 
321685 
288922 
288923 
288927 
239777 
239778 
272547 
288933 
321704 
288941 
321710 
272558 
321711 
321712 
305330 
305331 
321716 
272566 
321723 
321724 
305353 
288980 
239830 
288983 
141540 
141542 
305383 
239847 
239849 
141546 
289005 
239858 
239861 
289015 
239863 
239865 
223484 
239869 
76030 
321791 
321796 
223492 
321797 
305413 
223493 
305414 
239879 
256267 
321804 
321806 
239886 
321807 
239887 
305425 
305426 
305427 
305434 
305435 
321821 
239905 
92450 
239907 
321829 
92454 
321831 
157991 
92455 
305448 
256297 
256298 
305460 
190772 
305462 
321847 
321851 
223547 
321853 
256318 
321855 
256319 
321856 
239937 
223555 
305476 
223556 
321862 
223559 
321864 
223560 
305482 
305483 
10574 
92504 
26976 
321889 
26977 
26978 
321894 
289127 
223604 
223610 
223611 
289148 
321920 
272768 
321921 
321923 
125315 
321925 
125317 
321926 
256390 
256396 
321937 
321945 
256424 
321966 
321967 
240056 
272825 
256441 
141765 
289222 
289224 
289227 
321996 
321997 
289230 
305617 
305618 
322007 
322009 
322010 
322011 
322012 
322018 
322026 
240108 
240110 
272881 
272882 
240119 
322041 
174585 
322043 
240123 
240124 
223743 
174591 
92672 
322049 
322050 
240130 
240132 
223750 
223751 
272907 
272908 
272913 
27156 
76310 
76311 
322074 
322075 
322080 
322081 
322084 
256549 
322090 
223788 
322093 
322094 
223791 
289328 
223792 
289330 
223795 
141875 
322101 
322102 
322103 
289339 
223803 
322109 
322110 
223807 
256576 
272961 
240194 
322131 
223828 
322134 
256598 
322135 
305760 
305761 
305762 
289379 
256613 
223848 
289387 
289389 
256628 
289400 
158336 
289417 
43669 
289430 
305815 
10903 
305818 
322207 
322208 
289441 
322211 
256676 
322214 
289451 
322220 
322221 
322222 
322223 
256687 
322224 
158384 
289461 
322230 
322231 
92872 
322251 
223953 
223959 
322272 
322273 
256738 
256754 
273143 
322302 
322303 
240383 
273157 
240389 
224007 
256776 
305929 
305931 
224012 
224015 
322321 
273169 
224017 
224018 
322323 
322324 
224022 
224025 
240413 
224029 
322334 
273184 
224032 
273193 
273201 
240437 
322358 
240441 
322364 
273212 
256834 
256837 
305990 
273222 
224071 
305993 
289611 
224076 
289619 
322389 
273238 
273240 
27484 
224099 
289638 
224106 
289645 
240493 
289647 
273272 
273273 
256892 
142208 
256900 
256909 
256913 
273301 
273303 
240537 
256922 
240540 
240542 
322464 
256929 
256930 
240547 
224172 
256941 
240558 
240559 
289713 
224177 
256947 
289716 
256948 
322485 
289717 
240565 
322489 
175034 
256958 
224190 
224193 
240578 
322499 
306115 
306117 
240582 
322505 
322506 
322512 
322514 
289746 
322520 
322526 
322527 
322530 
256997 
289766 
27627 
27628 
27629 
27633 
322546 
27634 
27635 
322548 
224248 
224249 
240635 
224251 
224252 
240638 
224257 
224258 
289795 
273413 
224261 
273414 
322575 
322576 
289812 
257053 
257054 
289825 
257060 
273446 
257065 
257068 
240685 
257071 
76851 
76852 
289845 
240698 
224317 
306240 
224320 
306241 
224321 
289858 
224322 
240708 
11338 
11345 
11346 
322643 
322644 
306270 
257120 
257122 
322662 
322664 
257128 
191597 
191598 
322675 
142451 
322678 
240758 
322680 
224376 
322681 
224378 
257147 
240763 
224379 
322684 
224380 
322685 
240765 
322687 
322689 
322692 
322693 
240773 
257161 
240780 
240785 
257172 
240788 
273564 
273567 
257188 
257192 
273578 
273579 
289964 
273581 
273585 
273586 
306355 
289976 
224442 
224445 
306370 
224451 
240837 
289991 
257223 
224455 
224456 
289994 
11466 
289995 
306380 
257230 
257231 
290000 
290001 
224470 
273623 
240855 
273624 
273625 
273628 
306397 
27873 
273635 
273638 
257257 
257258 
273649 
240881 
273654 
208120 
257286 
290074 
290075 
257318 
257319 
240939 
273710 
273714 
11578 
240955 
240956 
11580 
273725 
240957 
306496 
306497 
273731 
240964 
257350 
306512 
273748 
240981 
273750 
240982 
273751 
240983 
273752 
240985 
224605 
224609 
240994 
224613 
224616 
224618 
273772 
224621 
273774 
241006 
224628 
241015 
28027 
142717 
224641 
241030 
241036 
306573 
306574 
257422 
306583 
306587 
306588 
11682 
306597 
306612 
241076 
44470 
241080 
323001 
241081 
290234 
241082 
290235 
290236 
306627 
257475 
290245 
257477 
290246 
290247 
241100 
323025 
257492 
257495 
257498 
191964 
257504 
159206 
224743 
159207 
159209 
224749 
11757 
11758 
323056 
224752 
224754 
323060 
224756 
11764 
323063 
11767 
241152 
224774 
306695 
257546 
224778 
241168 
241169 
241170 
306707 
241171 
142868 
257557 
257558 
306712 
241176 
11803 
257571 
257573 
306736 
306738 
224818 
224821 
224827 
224828 
306751 
224833 
224836 
224861 
224862 
241261 
241262 
208496 
241266 
208502 
241272 
290446 
323217 
241299 
323223 
290465 
290467 
224931 
290468 
290473 
323242 
224939 
290476 
224940 
290477 
241328 
323249 
290482 
241330 
241331 
323253 
241339 
93886 
323263 
93887 
290497 
323266 
290499 
290500 
44742 
323274 
323278 
274127 
274128 
274129 
274132 
241370 
241373 
224991 
241376 
306916 
241382 
159462 
159463 
290544 
306929 
306930 
290548 
290550 
290552 
306944 
306945 
306946 
306947 
323343 
323346 
290580 
323350 
290582 
323351 
323358 
274206 
274207 
274209 
274211 
323377 
290610 
274228 
290613 
274229 
323383 
274231 
274232 
225096 
323405 
323408 
323412 
323413 
290660 
290661 
290663 
323432 
241512 
323434 
225130 
159594 
159596 
225139 
225141 
225148 
225150 
225151 
241539 
225155 
225156 
241542 
241545 
241549 
290717 
241565 
241567 
241571 
257959 
257960 
290730 
323500 
290732 
323502 
290734 
323504 
290743 
290759 
290760 
290762 
257994 
257995 
126923 
257996 
274383 
258000 
241630 
241633 
323558 
274406 
258023 
258025 
323562 
258026 
323564 
225261 
225262 
323571 
323576 
323577 
258051 
258052 
225284 
258053 
258055 
323595 
323596 
225292 
225294 
225296 
225297 
290834 
290835 
323604 
290836 
290840 
225305 
274458 
258074 
225308 
225310 
258081 
258082 
323630 
323631 
143410 
225333 
290870 
225334 
323639 
290871 
143418 
323646 
290879 
323648 
290881 
323650 
323655 
258122 
258124 
323661 
258125 
323662 
323663 
258144 
258145 
323693 
323694 
290938 
290944 
258176 
192641 
258181 
274571 
159887 
323729 
323730 
258194 
258195 
290969 
323739 
323740 
323741 
323745 
127139 
225445 
323751 
323752 
225454 
225455 
290995 
291010 
323784 
258249 
192714 
225487 
192719 
225488 
291026 
241874 
291027 
225493 
225494 
291032 
225498 
291037 
225501 
307423 
258272 
225504 
307425 
323810 
258275 
258276 
45284 
45285 
192742 
323815 
258279 
61671 
323817 
291050 
323822 
323823 
241905 
323826 
323827 
94451 
258292 
94453 
258298 
258299 
258302 
323840 
323841 
291086 
258318 
274710 
291100 
291108 
291113 
176431 
258356 
143681 
291151 
258385 
258386 
258387 
258390 
291164 
242013 
291167 
291168 
291169 
258412 
323951 
258415 
323952 
323953 
258417 
323954 
258418 
323955 
258421 
110966 
323960 
258426 
258429 
323966 
323967 
274818 
258435 
323974 
323975 
323976 
225672 
307594 
274826 
225674 
307595 
258448 
258449 
258452 
307608 
307609 
307614 
307615 
307616 
307617 
258465 
258466 
160162 
258467 
160163 
209316 
209317 
258471 
242087 
291241 
242089 
225709 
225710 
225713 
225718 
111031 
258488 
274873 
274874 
274876 
274878 
225727 
291266 
291267 
258499 
242115 
242116 
291270 
258507 
258514 
274902 
242138 
225756 
225757 
225758 
242145 
274919 
242154 
94701 
94702 
242161 
258551 
258552 
307712 
242176 
324097 
307713 
324098 
307718 
324103 
307719 
324104 
307720 
324105 
307721 
225804 
324110 
291344 
291345 
291347 
242195 
78356 
324120 
258588 
324126 
258592 
291361 
258593 
291363 
209448 
242222 
324144 
291378 
29237 
307770 
324159 
275007 
275012 
324166 
242246 
258632 
307787 
225871 
307800 
307803 
307804 
307805 
324192 
324194 
258664 
258665 
291436 
291437 
258669 
94829 
291439 
242287 
242289 
94836 
291446 
225910 
225918 
225919 
225921 
258690 
258695 
307861 
307862 
307863 
307864 
209562 
307868 
258716 
209569 
225955 
225964 
258737 
225969 
225970 
291509 
258742 
225974 
258743 
225975 
225976 
242363 
225987 
307917 
225997 
242383 
176847 
226000 
291537 
291538 
226002 
291539 
226003 
291540 
13016 
307934 
307935 
307936 
291553 
291555 
324326 
324328 
242413 
242421 
307960 
307961 
307962 
324348 
209663 
209664 
324353 
275202 
209666 
275211 
242445 
324370 
275220 
291605 
291609 
291610 
291611 
324381 
324385 
308001 
308002 
324387 
324388 
308004 
242468 
324389 
308005 
127783 
324399 
291631 
291632 
324401 
291633 
291649 
291650 
258887 
144200 
242506 
258893 
258894 
209748 
308061 
308063 
242528 
308065 
242529 
308066 
242530 
308078 
258926 
258931 
242549 
324473 
324481 
324483 
242563 
258948 
308107 
242582 
308123 
242587 
308127 
308130 
308131 
308138 
308142 
308144 
308145 
226235 
226236 
226238 
226240 
226241 
242628 
308170 
308171 
259020 
259021 
78798 
78800 
144343 
242651 
177117 
226270 
226273 
291810 
291811 
226275 
226277 
226278 
226280 
291817 
226283 
308204 
308205 
46061 
62446 
62447 
226290 
62451 
242676 
242677 
242678 
308215 
308216 
259064 
242680 
259065 
308219 
308220 
226303 
308228 
308229 
308232 
226312 
308233 
226313 
308234 
259082 
308235 
226317 
291855 
291856 
291861 
242710 
259098 
308252 
308253 
226336 
29730 
308259 
308260 
242733 
291895 
308283 
308284 
291900 
308290 
308291 
226377 
291914 
242762 
242763 
242764 
308301 
291917 
308303 
308304 
308305 
308306 
308308 
308314 
308317 
308318 
308319 
308324 
242789 
13413 
308326 
13415 
242800 
259194 
259195 
242812 
242814 
308351 
308353 
324751 
308367 
242834 
308371 
242836 
242864 
226490 
292030 
259262 
259263 
308423 
226504 
226507 
160971 
160972 
308429 
308431 
259279 
242895 
259280 
242896 
308433 
259281 
259284 
324821 
259285 
62683 
324828 
259301 
259303 
226535 
324842 
324843 
242923 
242924 
226542 
226544 
259313 
259314 
226548 
226555 
226556 
226558 
308486 
292103 
308488 
308489 
259341 
259342 
226574 
144657 
308498 
242963 
226579 
144662 
226583 
292121 
308507 
292130 
308516 
259366 
308519 
242984 
324905 
226601 
226602 
324907 
226606 
308527 
308529 
259379 
226623 
226624 
226627 
259396 
226628 
259411 
243027 
259415 
324966 
308584 
308585 
79210 
308587 
308591 
259439 
79215 
259440 
128371 
308596 
292216 
259456 
226690 
259460 
226692 
259461 
226695 
226696 
292239 
292241 
259481 
226715 
226717 
226718 
259491 
308651 
308653 
226737 
308662 
308664 
259516 
325058 
226757 
243144 
259535 
226768 
308690 
226771 
325076 
308692 
226772 
226774 
259546 
259547 
226781 
325086 
62942 
226784 
226786 
226787 
226797 
325103 
308720 
308721 
226802 
259572 
259573 
177654 
325111 
325115 
308732 
308734 
325120 
308737 
292353 
292354 
308739 
325127 
259593 
243209 
308747 
243213 
243215 
325136 
325138 
325139 
226835 
292372 
226839 
308761 
308762 
259619 
226855 
325161 
243246 
308783 
243248 
308787 
259642 
226879 
259651 
325192 
292427 
308816 
325203 
292438 
325207 
325208 
325209 
308825 
325212 
292446 
325216 
292448 
226913 
63073 
308834 
308836 
226917 
226920 
308844 
308845 
226925 
226926 
226928 
308850 
226931 
226933 
308860 
259711 
308865 
259715 
226949 
308874 
226954 
308875 
226955 
259727 
226966 
226970 
13980 
259741 
259743 
226981 
292519 
226985 
292522 
259758 
226998 
226999 
325306 
227002 
325307 
292539 
292541 
259773 
259775 
227008 
227009 
227013 
292552 
325321 
227018 
227021 
259790 
325335 
30432 
46818 
259811 
46819 
259812 
30438 
243432 
259819 
243437 
259823 
308980 
308984 
292603 
292606 
308992 
243456 
308993 
259845 
308999 
309000 
292617 
259849 
309006 
243479 
243481 
259869 
309025 
259879 
243495 
259880 
243496 
325418 
227120 
227125 
227126 
227131 
325436 
227134 
145219 
325445 
145221 
325452 
325453 
259923 
128852 
14167 
259928 
292697 
309111 
243575 
243581 
243601 
243607 
259993 
259996 
243623 
96175 
243632 
96176 
276401 
325554 
243634 
292787 
276404 
292789 
128949 
243639 
325560 
325561 
325562 
325564 
243645 
325566 
292800 
243652 
227268 
292805 
112582 
292807 
243655 
227271 
325581 
260045 
325582 
243662 
227278 
260048 
260049 
243670 
161751 
161752 
243673 
227289 
309211 
161756 
161757 
309215 
325600 
243682 
227301 
309223 
227303 
243689 
309231 
260088 
309244 
292867 
243715 
292868 
260101 
292882 
243736 
243744 
243745 
243746 
276515 
276517 
276521 
227371 
227372 
325681 
243765 
309304 
243770 
243771 
243772 
325694 
325695 
227394 
276548 
325703 
260169 
227404 
243790 
227407 
276561 
243793 
243794 
145491 
243810 
243811 
227427 
227428 
227429 
227430 
260209 
243829 
243832 
325754 
243834 
243840 
243841 
260226 
260234 
260237 
260241 
260242 
243862 
129177 
243867 
243868 
293024 
30883 
227492 
227493 
293030 
30890 
227499 
227500 
227501 
243886 
227502 
243888 
243889 
276664 
243897 
243898 
243899 
309439 
260287 
227520 
309441 
325828 
276676 
309447 
309448 
309449 
243916 
243918 
243919 
211159 
276697 
309468 
309469 
211165 
325857 
293091 
325860 
309476 
260324 
309477 
309478 
243942 
243949 
80110 
325876 
293108 
293110 
325879 
260345 
260349 
260357 
243975 
325896 
325899 
309523 
309526 
309527 
260380 
243997 
309535 
244000 
244001 
309538 
309539 
244010 
80178 
244020 
244024 
325945 
244026 
309566 
244032 
244033 
244034 
227653 
244051 
244054 
244055 
244056 
309598 
293216 
293217 
244071 
244073 
293229 
293235 
293244 
260477 
244095 
260482 
260485 
145797 
260486 
244103 
260490 
293260 
260493 
309647 
293264 
293265 
260497 
260499 
244122 
96668 
293279 
244140 
244141 
309678 
309680 
309687 
227767 
326072 
227778 
244165 
244166 
260551 
260552 
260554 
14794 
227787 
14795 
227788 
162252 
14796 
227789 
162253 
309713 
309715 
227797 
309721 
227801 
227802 
227803 
326109 
244189 
244192 
326113 
260580 
309734 
309735 
309736 
260584 
326121 
260586 
326126 
326128 
326129 
326131 
309747 
309748 
309749 
309750 
326137 
326140 
326147 
260613 
260614 
326151 
326153 
260619 
309773 
260621 
309775 
145936 
260625 
145941 
326166 
227862 
145942 
326168 
227864 
227865 
244250 
227866 
244258 
309803 
309805 
227886 
244274 
244275 
244276 
293429 
227893 
293430 
227894 
227895 
309816 
260664 
293434 
309819 
277051 
309820 
277052 
227902 
277055 
277056 
145984 
227905 
227906 
309827 
293445 
244293 
309831 
244296 
145992 
309833 
244297 
244298 
227916 
293455 
277072 
211536 
227921 
277074 
277075 
260691 
277076 
260692 
260693 
211542 
309847 
309848 
227928 
309849 
293465 
293466 
293470 
293472 
293478 
293481 
244330 
244331 
260718 
227952 
309873 
309874 
309875 
244341 
47738 
326267 
326268 
244349 
309887 
47743 
244352 
47744 
309889 
244353 
47745 
326276 
129670 
96902 
129671 
326280 
326281 
129673 
326284 
227981 
96909 
326287 
244367 
96912 
293521 
293523 
326292 
309910 
293526 
244375 
293528 
260760 
277153 
244386 
326307 
277155 
244387 
293540 
277157 
277158 
326311 
293543 
228007 
326312 
293544 
244395 
309938 
260787 
309942 
260791 
309944 
277177 
277178 
277179 
228028 
309950 
277182 
244415 
228033 
309957 
309958 
228038 
260810 
309963 
260811 
260813 
309969 
228049 
309970 
228050 
228054 
228055 
146135 
244441 
244442 
293595 
228061 
309982 
228062 
244448 
244451 
309989 
326374 
326377 
260843 
326380 
260844 
260849 
228081 
228082 
310004 
310006 
326393 
326395 
293636 
178949 
310022 
310023 
310024 
293652 
293655 
260887 
260888 
260889 
293658 
310046 
310047 
310048 
310058 
310059 
15152 
310067 
326452 
326453 
244533 
228150 
310074 
260924 
293693 
228157 
228159 
310084 
310085 
244552 
244553 
310092 
228174 
310095 
228175 
244563 
260949 
310102 
244567 
260953 
277339 
310110 
244574 
244578 
244581 
228197 
293734 
228198 
228200 
228201 
228204 
228205 
277363 
310132 
260980 
244598 
15234 
228227 
260999 
244619 
15243 
244620 
261005 
261007 
261008 
113552 
310161 
310166 
277398 
228248 
228249 
310170 
293788 
228253 
293790 
162719 
293792 
162720 
162721 
293797 
244645 
293798 
261032 
244649 
293802 
293804 
293806 
293807 
261039 
261040 
261041 
310201 
310203 
211904 
15296 
293836 
146381 
293838 
293842 
261078 
261081 
310234 
195546 
310236 
261087 
31711 
31713 
261091 
31718 
310249 
310250 
244715 
244719 
293874 
293876 
293877 
261120 
261121 
244742 
244743 
228361 
326667 
261131 
228365 
326671 
228367 
261138 
261139 
146451 
261140 
244760 
146457 
261148 
228381 
146463 
228384 
48163 
146469 
48165 
293927 
293929 
261161 
293930 
293931 
146475 
310317 
293933 
146477 
310320 
244793 
310330 
261179 
228412 
228413 
244799 
228416 
244808 
326729 
293964 
261198 
326735 
261202 
228435 
326740 
261205 
326744 
310360 
326745 
310361 
261209 
326746 
244827 
310365 
293990 
212070 
293991 
293993 
326763 
244844 
228460 
261231 
310387 
244852 
244853 
294008 
294009 
294012 
261245 
244867 
261256 
244875 
244876 
261263 
261264 
310417 
261266 
244887 
228503 
244888 
277662 
31908 
310439 
244905 
310442 
310443 
244907 
310448 
326834 
326836 
326837 
326839 
310456 
326846 
261310 
326851 
310470 
261320 
261322 
326865 
326867 
310483 
310485 
294104 
326874 
326875 
310491 
326876 
294109 
277726 
261344 
48367 
294128 
294129 
179442 
294133 
310524 
277760 
228609 
294146 
294147 
277768 
212232 
212237 
310551 
310553 
97562 
81179 
326948 
261412 
326950 
326954 
326955 
326956 
228656 
326963 
326966 
261434 
294204 
228671 
277824 
228672 
277826 
294211 
294212 
277828 
277829 
294214 
294221 
228701 
277854 
245088 
261473 
228705 
310626 
261474 
228706 
261475 
310628 
245093 
228709 
245094 
228710 
245095 
261482 
261483 
228715 
294254 
277871 
228719 
228720 
294258 
228724 
228726 
228727 
228728 
261497 
228729 
294272 
310658 
277891 
277892 
277893 
294278 
277896 
310667 
310669 
327056 
327057 
310676 
245140 
245144 
228760 
245145 
245147 
310684 
327082 
327083 
327084 
310702 
48558 
48559 
261552 
48560 
310707 
310708 
294327 
294334 
294336 
277952 
294337 
294341 
277957 
130501 
130502 
294343 
294344 
294349 
294350 
261586 
163290 
163293 
310758 
310759 
179687 
310764 
310767 
294390 
327159 
294391 
327160 
327161 
327165 
294399 
245247 
294401 
261634 
327172 
261636 
327173 
228875 
261650 
261659 
310813 
261670 
294439 
261671 
294443 
163372 
294445 
163373 
294446 
261679 
163375 
228913 
130609 
294450 
294451 
261688 
261689 
245305 
261692 
261693 
212543 
245312 
261697 
228932 
245318 
261703 
294472 
228937 
228938 
228942 
228944 
228945 
228946 
228947 
245332 
228950 
228953 
294491 
228956 
245345 
48738 
294511 
245361 
294515 
245364 
261750 
294519 
261751 
294520 
261753 
228987 
310909 
261757 
278145 
261763 
261764 
261765 
294534 
245384 
245385 
278155 
327308 
261772 
229004 
327310 
310926 
278164 
310933 
294553 
229020 
245405 
261791 
245407 
32415 
261792 
327329 
261793 
245409 
130723 
310949 
32422 
261799 
245415 
163495 
163498 
229036 
294574 
294580 
327349 
294582 
261814 
294583 
261815 
310968 
294585 
261817 
261825 
212674 
212675 
212676 
261830 
261831 
310985 
212683 
261836 
81614 
310991 
261841 
229074 
310995 
294616 
311001 
229082 
229084 
245472 
261867 
245483 
245484 
163571 
163572 
294648 
245500 
245501 
147201 
229122 
147203 
245508 
327430 
147206 
294663 
261895 
229127 
147207 
294664 
229128 
261906 
245527 
327448 
245528 
327450 
261914 
245530 
327451 
311067 
327452 
245532 
327453 
245535 
261923 
311078 
261928 
245546 
245547 
261932 
32564 
32570 
311099 
311105 
212801 
81729 
229191 
229192 
98120 
311116 
311117 
294733 
229206 
229207 
311129 
311132 
294751 
311136 
294752 
311137 
261985 
245601 
245603 
311145 
261995 
311148 
261997 
311152 
245622 
262010 
262015 
130950 
245642 
262038 
294815 
49055 
294816 
262048 
294818 
294819 
311208 
294826 
311211 
327596 
327597 
262065 
262069 
294839 
262072 
294841 
262075 
262077 
180159 
327616 
196545 
262084 
180164 
327635 
245716 
327639 
327640 
327641 
262109 
147422 
245727 
311265 
311266 
147427 
245732 
311274 
262124 
262125 
245743 
311280 
311281 
294897 
245748 
311288 
262137 
311290 
245756 
)

// ************************************************************************* //
