/*--------------------------------*- C++ -*----------------------------------*\
| =========                 |                                                 |
| \\      /  F ield         | OpenFOAM: The Open Source CFD Toolbox           |
|  \\    /   O peration     | Version:  5.x                                   |
|   \\  /    A nd           | Web:      www.OpenFOAM.org                      |
|    \\/     M anipulation  |                                                 |
\*---------------------------------------------------------------------------*/
FoamFile
{
    version     2.0;
    format      ascii;
    class       cellSet;
    location    "constant/polyMesh/sets";
    object      tumor;
}
// * * * * * * * * * * * * * * * * * * * * * * * * * * * * * * * * * * * * * //


1504
(
500104 
500105 
500106 
500107 
500108 
500109 
500110 
500111 
500112 
500113 
500114 
500115 
500116 
500117 
500118 
500119 
500120 
500121 
500122 
500123 
500124 
500125 
500126 
500127 
500128 
500129 
500130 
500131 
500132 
500133 
500134 
500135 
500136 
500137 
500138 
500139 
500140 
500141 
500142 
500143 
500144 
500145 
500146 
500147 
500148 
500149 
500150 
500151 
500152 
500153 
500154 
500155 
500156 
500157 
500158 
500159 
500160 
500161 
500162 
500163 
500164 
500165 
500166 
500167 
500168 
500169 
500170 
500171 
500172 
500173 
500174 
500175 
500176 
500177 
500178 
500179 
500180 
500181 
500182 
500183 
500184 
500185 
500186 
500187 
500188 
500189 
500190 
500191 
500192 
500193 
500194 
500195 
500196 
500197 
500198 
500199 
500200 
500201 
500202 
500203 
500204 
500205 
500206 
500207 
500208 
500209 
500210 
500211 
500212 
500213 
500214 
500215 
500216 
500217 
500218 
500219 
500220 
500221 
500222 
500223 
500224 
500225 
500226 
500227 
500228 
500229 
500230 
500231 
500232 
500233 
500234 
500235 
500236 
500237 
500238 
500239 
500240 
500241 
500242 
500243 
500244 
500245 
500246 
500247 
500248 
500249 
500250 
500251 
500252 
500253 
500254 
500255 
500256 
500257 
500258 
500259 
500260 
500261 
500262 
500263 
500264 
500265 
500266 
500267 
500268 
500269 
500270 
500271 
500272 
500273 
500274 
500275 
500276 
500277 
500278 
500279 
500280 
500281 
500282 
500283 
500284 
500285 
500286 
500287 
500288 
500289 
500290 
500291 
500292 
500293 
500294 
500295 
500296 
500297 
500298 
500299 
500300 
500301 
500302 
500303 
500304 
500305 
500306 
500307 
500308 
500309 
500310 
500311 
500312 
500313 
500314 
500315 
500316 
500317 
500318 
500319 
500320 
500321 
500322 
500323 
500324 
500325 
500326 
500327 
500328 
500329 
500330 
500331 
500332 
500333 
500334 
500335 
500336 
500337 
500338 
500339 
500340 
500341 
500342 
500343 
500344 
500345 
500346 
500347 
500348 
500349 
500350 
500351 
500352 
500353 
500354 
500355 
500356 
500357 
500358 
500359 
500360 
500361 
500362 
500363 
500364 
500365 
500366 
500367 
500368 
500369 
500370 
500371 
500372 
500373 
500374 
500375 
500376 
500377 
500378 
500379 
500380 
500381 
500382 
500383 
500384 
500385 
500386 
500387 
500388 
500389 
500390 
500391 
500392 
500393 
500394 
500395 
500396 
500397 
500398 
500399 
500400 
500401 
500402 
500403 
500404 
500405 
500406 
500407 
500408 
500409 
500410 
500411 
500412 
500413 
500414 
500415 
500416 
500417 
500418 
500419 
500420 
500421 
500422 
500423 
500424 
500425 
500426 
500427 
500428 
500429 
500430 
500431 
500432 
500433 
500434 
500435 
500436 
500437 
500438 
500439 
500440 
500441 
500442 
500443 
500444 
500445 
500446 
500447 
500448 
500449 
500450 
500451 
500452 
500453 
500454 
500455 
500456 
500457 
500458 
500459 
500460 
500461 
500462 
500463 
500464 
500465 
500466 
500467 
500468 
500469 
500470 
500471 
500472 
500473 
500474 
500475 
500476 
500477 
500478 
500479 
500480 
500481 
500482 
500483 
500484 
500485 
500486 
500487 
500488 
500489 
500490 
500491 
500492 
500493 
500494 
500495 
500496 
500497 
500498 
500499 
500500 
500501 
500502 
500503 
500504 
500505 
500506 
500507 
500508 
500509 
500510 
500511 
500512 
500513 
500514 
500515 
500516 
500517 
500518 
500519 
500520 
500521 
500522 
500523 
500524 
500525 
500526 
500527 
500528 
500529 
500530 
500531 
500532 
500533 
500534 
500535 
500536 
500537 
500538 
500539 
500540 
500541 
500542 
500543 
500544 
500545 
500546 
500547 
500548 
500549 
500550 
500551 
500552 
500553 
500554 
500555 
500556 
500557 
500558 
500559 
500560 
500561 
500562 
500563 
500564 
500565 
500566 
500567 
500568 
500569 
500570 
500571 
500572 
500573 
500574 
500575 
500576 
500577 
500578 
500579 
500580 
500581 
500582 
500583 
500584 
500585 
500586 
500587 
500588 
500589 
500590 
500591 
500592 
500593 
500594 
500595 
500596 
500597 
500598 
500599 
500600 
500601 
500602 
500603 
500604 
500605 
500606 
500607 
500608 
500609 
500610 
500611 
500612 
500613 
500614 
500615 
500616 
500617 
500618 
500619 
500620 
500621 
500622 
500623 
500624 
500625 
500626 
500627 
500628 
500629 
500630 
500631 
500632 
500633 
500634 
500635 
500636 
500637 
500638 
500639 
500640 
500641 
500642 
500643 
500644 
500645 
500646 
500647 
500648 
500649 
500650 
500651 
500652 
500653 
500654 
500655 
500656 
500657 
500658 
500659 
500660 
500661 
500662 
500663 
500664 
500665 
500666 
500667 
500668 
500669 
500670 
500671 
500672 
500673 
500674 
500675 
500676 
500677 
500678 
500679 
500680 
500681 
500682 
500683 
500684 
500685 
500686 
500687 
500688 
500689 
500690 
500691 
500692 
500693 
500694 
500695 
500696 
500697 
500698 
500699 
500700 
500701 
500702 
500703 
500704 
500705 
500706 
500707 
500708 
500709 
500710 
500711 
500712 
500713 
500714 
500715 
500716 
500717 
500718 
500719 
500720 
500721 
500722 
500723 
500724 
500725 
500726 
500727 
500728 
500729 
500730 
500731 
500732 
500733 
500734 
500735 
500736 
500737 
500738 
500739 
500740 
500741 
500742 
500743 
500744 
500745 
500746 
500747 
500748 
500749 
500750 
500751 
500752 
500753 
500754 
500755 
500756 
500757 
500758 
500759 
500760 
500761 
500762 
500763 
500764 
500765 
500766 
500767 
500768 
500769 
500770 
500771 
500772 
500773 
500774 
500775 
500776 
500777 
500778 
500779 
500780 
500781 
500782 
500783 
500784 
500785 
500786 
500787 
500788 
500789 
500790 
500791 
500792 
500793 
500794 
500795 
500796 
500797 
500798 
500799 
500800 
500801 
500802 
500803 
500804 
500805 
500806 
500807 
500808 
500809 
500810 
500811 
500812 
500813 
500814 
500815 
500816 
500817 
500818 
500819 
500820 
500821 
500822 
500823 
500824 
500825 
500826 
500827 
500828 
500829 
500830 
500831 
500832 
500833 
500834 
500835 
500836 
500837 
500838 
500839 
500840 
500841 
500842 
500843 
500844 
500845 
500846 
500847 
500848 
500849 
500850 
500851 
500852 
500853 
500854 
500855 
500856 
500857 
500858 
500859 
500860 
500861 
500862 
500863 
500864 
500865 
500866 
500867 
500868 
500869 
500870 
500871 
500872 
500873 
500874 
500875 
500876 
500877 
500878 
500879 
500880 
500881 
500882 
500883 
500884 
500885 
500886 
500887 
500888 
500889 
500890 
500891 
500892 
500893 
500894 
500895 
500896 
500897 
500898 
500899 
500900 
500901 
500902 
500903 
500904 
500905 
500906 
500907 
500908 
500909 
500910 
500911 
500912 
500913 
500914 
500915 
500916 
500917 
500918 
500919 
500920 
500921 
500922 
500923 
500924 
500925 
500926 
500927 
500928 
500929 
500930 
500931 
500932 
500933 
500934 
500935 
500936 
500937 
500938 
500939 
500940 
500941 
500942 
500943 
500944 
500945 
500946 
500947 
500948 
500949 
500950 
500951 
500952 
500953 
500954 
500955 
500956 
500957 
500958 
500959 
500960 
500961 
500962 
500963 
500964 
500965 
500966 
500967 
500968 
500969 
500970 
500971 
500972 
500973 
500974 
500975 
500976 
500977 
500978 
500979 
500980 
500981 
500982 
500983 
500984 
500985 
500986 
500987 
500988 
500989 
500990 
500991 
500992 
500993 
500994 
500995 
500996 
500997 
500998 
500999 
501000 
501001 
501002 
501003 
501004 
501005 
501006 
501007 
501008 
501009 
501010 
501011 
501012 
501013 
501014 
501015 
501016 
501017 
501018 
501019 
501020 
501021 
501022 
501023 
501024 
501025 
501026 
501027 
501028 
501029 
501030 
501031 
501032 
501033 
501034 
501035 
501036 
501037 
501038 
501039 
501040 
501041 
501042 
501043 
501044 
501045 
501046 
501047 
501048 
501049 
501050 
501051 
501052 
501053 
501054 
501055 
501056 
501057 
501058 
501059 
501060 
501061 
501062 
501063 
501064 
501065 
501066 
501067 
501068 
501069 
501070 
501071 
501072 
501073 
501074 
501075 
501076 
501077 
501078 
501079 
501080 
501081 
501082 
501083 
501084 
501085 
501086 
501087 
501088 
501089 
501090 
501091 
501092 
501093 
501094 
501095 
501096 
501097 
501098 
501099 
501100 
501101 
501102 
501103 
501104 
501105 
501106 
501107 
501108 
501109 
501110 
501111 
501112 
501113 
501114 
501115 
501116 
501117 
501118 
501119 
501120 
501121 
501122 
501123 
501124 
501125 
501126 
501127 
501128 
501129 
501130 
501131 
501132 
501133 
501134 
501135 
501136 
501137 
501138 
501139 
501140 
501141 
501142 
501143 
501144 
501145 
501146 
501147 
501148 
501149 
501150 
501151 
501152 
501153 
501154 
501155 
501156 
501157 
501158 
501159 
501160 
501161 
501162 
501163 
501164 
501165 
501166 
501167 
501168 
501169 
501170 
501171 
501172 
501173 
501174 
501175 
501176 
501177 
501178 
501179 
501180 
501181 
501182 
501183 
501184 
501185 
501186 
501187 
501188 
501189 
501190 
501191 
501192 
501193 
501194 
501195 
501196 
501197 
501198 
501199 
501200 
501201 
501202 
501203 
501204 
501205 
501206 
501207 
501208 
501209 
501210 
501211 
501212 
501213 
501214 
501215 
501216 
501217 
501218 
501219 
501220 
501221 
501222 
501223 
501224 
501225 
501226 
501227 
501228 
501229 
501230 
501231 
501232 
501233 
501234 
501235 
501236 
501237 
501238 
501239 
501240 
501241 
501242 
501243 
501244 
501245 
501246 
501247 
501248 
501249 
501250 
501251 
501252 
501253 
501254 
501255 
501256 
501257 
501258 
501259 
501260 
501261 
501262 
501263 
501264 
501265 
501266 
501267 
501268 
501269 
501270 
501271 
501272 
501273 
501274 
501275 
501276 
501277 
501278 
501279 
501280 
501281 
501282 
501283 
501284 
501285 
501286 
501287 
501288 
501289 
501290 
501291 
501292 
501293 
501294 
501295 
501296 
501297 
501298 
501299 
501300 
501301 
501302 
501303 
501304 
501305 
501306 
501307 
501308 
501309 
501310 
501311 
501312 
501313 
501314 
501315 
501316 
501317 
501318 
501319 
501320 
501321 
501322 
501323 
501324 
501325 
501326 
501327 
501328 
501329 
501330 
501331 
501332 
501333 
501334 
501335 
501336 
501337 
501338 
501339 
501340 
501341 
501342 
501343 
501344 
501345 
501346 
501347 
501348 
501349 
501350 
501351 
501352 
501353 
501354 
501355 
501356 
501357 
501358 
501359 
501360 
501361 
501362 
501363 
501364 
501365 
501366 
501367 
501368 
501369 
501370 
501371 
501372 
501373 
501374 
501375 
501376 
501377 
501378 
501379 
501380 
501381 
501382 
501383 
501384 
501385 
501386 
501387 
501388 
501389 
501390 
501391 
501392 
501393 
501394 
501395 
501396 
501397 
501398 
501399 
501400 
501401 
501402 
501403 
501404 
501405 
501406 
501407 
501408 
501409 
501410 
501411 
501412 
501413 
501414 
501415 
501416 
501417 
501418 
501419 
501420 
501421 
501422 
501423 
501424 
501425 
501426 
501427 
501428 
501429 
501430 
501431 
501432 
501433 
501434 
501435 
501436 
501437 
501438 
501439 
501440 
501441 
501442 
501443 
501444 
501445 
501446 
501447 
501448 
501449 
501450 
501451 
501452 
501453 
501454 
501455 
501456 
501457 
501458 
501459 
501460 
501461 
501462 
501463 
501464 
501465 
501466 
501467 
501468 
501469 
501470 
501471 
501472 
501473 
501474 
501475 
501476 
501477 
501478 
501479 
501480 
501481 
501482 
501483 
501484 
501485 
501486 
501487 
501488 
501489 
501490 
501491 
501492 
501493 
501494 
501495 
501496 
501497 
501498 
501499 
501500 
501501 
501502 
501503 
501504 
501505 
501506 
501507 
501508 
501509 
501510 
501511 
501512 
501513 
501514 
501515 
501516 
501517 
501518 
501519 
501520 
501521 
501522 
501523 
501524 
501525 
501526 
501527 
501528 
501529 
501530 
501531 
501532 
501533 
501534 
501535 
501536 
501537 
501538 
501539 
501540 
501541 
501542 
501543 
501544 
501545 
501546 
501547 
501548 
501549 
501550 
501551 
501552 
501553 
501554 
501555 
501556 
501557 
501558 
501559 
501560 
501561 
501562 
501563 
501564 
501565 
501566 
501567 
501568 
501569 
501570 
501571 
501572 
501573 
501574 
501575 
501576 
501577 
501578 
501579 
501580 
501581 
501582 
501583 
501584 
501585 
501586 
501587 
501588 
501589 
501590 
501591 
501592 
501593 
501594 
501595 
501596 
501597 
501598 
501599 
501600 
501601 
501602 
501603 
501604 
501605 
501606 
501607 
)

// ************************************************************************* //
