/*--------------------------------*- C++ -*----------------------------------*\
| =========                 |                                                 |
| \\      /  F ield         | OpenFOAM: The Open Source CFD Toolbox           |
|  \\    /   O peration     | Version:  5.x                                   |
|   \\  /    A nd           | Web:      www.OpenFOAM.org                      |
|    \\/     M anipulation  |                                                 |
\*---------------------------------------------------------------------------*/
FoamFile
{
    version     2.0;
    format      ascii;
    class       labelList;
    note        "nPoints:8431  nCells:5044  nFaces:18267  nInternalFaces:14252";
    location    "constant/muscle/polyMesh";
    object      neighbour;
}
// * * * * * * * * * * * * * * * * * * * * * * * * * * * * * * * * * * * * * //


14252
(
1640
1646
1647
1649
1646
1653
1654
1656
1653
1660
1661
1663
1660
1667
1668
1670
1667
1674
1675
1677
1674
1681
1682
1684
1681
1688
1689
1691
1688
1695
1696
1698
1695
1702
1703
1647
1831
1836
1837
1839
1654
1836
1843
1844
1846
1661
1843
1850
1851
1853
1668
1850
1857
1858
1860
1675
1857
1864
1865
1867
1682
1864
1871
1872
1874
1689
1871
1878
1879
1881
1696
1878
1885
1886
1888
1702
1885
1892
1844
1921
1922
1851
1921
1926
1927
1929
1858
1926
1933
1934
1936
1865
1933
1940
1941
1943
1872
1940
1947
1948
1950
1879
1947
1954
1955
2060
2061
2063
2060
2067
2068
2070
27
45
136
1628
1629
1630
1631
2067
2069
2071
2073
2111
2114
2115
28
46
137
1632
1633
1634
1635
2118
2121
2122
29
47
138
1636
1637
1638
1639
30
48
139
1642
1643
1644
1645
31
49
140
1649
1650
1651
1652
32
50
141
1656
1657
1658
1659
33
51
142
1663
1664
1665
1666
34
52
143
1670
1671
1672
1673
35
53
144
1677
1678
1679
1680
36
54
145
1684
1685
1686
1687
37
55
146
1691
1692
1693
1694
38
56
147
1698
1699
1700
1701
39
57
148
1703
1704
1705
1706
40
58
149
1707
1708
1709
1710
41
59
150
1711
1712
1713
1714
2125
2128
2129
42
60
151
1715
1716
1717
1718
2075
2077
2079
2132
2135
2136
2074
2075
2077
2074
2081
2082
2084
2068
2098
2104
2105
2107
2104
2111
2112
2114
1823
2111
2118
2119
2121
48
66
163
1827
1828
1829
1830
2118
2120
2122
2124
2184
2187
2188
49
67
164
1832
1833
1834
1835
50
68
165
1839
1840
1841
1842
51
69
166
1846
1847
1848
1849
52
70
167
1853
1854
1855
1856
53
71
168
1860
1861
1862
1863
54
72
169
1867
1868
1869
1870
55
73
170
1874
1875
1876
1877
56
74
171
1881
1882
1883
1884
57
75
172
1888
1889
1890
1891
58
76
173
1892
1893
1894
1895
59
77
174
1896
1897
1898
1899
2126
2128
2130
2191
2194
2195
1900
2125
2126
2128
1904
2125
2132
2133
2135
2075
2132
2139
2140
2142
2082
2139
2146
2147
2105
2158
2163
2164
2166
2112
2163
2170
2171
2173
1906
2119
2170
2177
2178
2180
1909
2177
2184
2185
2187
68
85
189
1913
1914
1915
1916
2184
2186
2188
2190
2257
2260
2261
69
86
190
1917
1918
1919
1920
70
87
191
1922
1923
1924
1925
71
88
192
1929
1930
1931
1932
72
89
193
1936
1937
1938
1939
73
90
194
1943
1944
1945
1946
74
91
195
1950
1951
1952
1953
75
92
196
1955
1956
1957
1958
76
93
197
1959
1960
1961
1962
77
94
198
1963
1964
1965
1966
2192
2194
2196
2264
2267
2268
1967
2191
2192
2194
1971
2126
2191
2198
2199
2201
2133
2198
2205
2206
2208
2140
2205
2212
2213
2215
2146
2212
2219
2171
2231
2236
2237
2239
2178
2236
2243
2244
2246
1974
2185
2243
2250
2251
2253
1977
2250
2257
2258
2260
87
102
213
1981
1982
1983
1984
2257
2259
2261
2263
2332
2335
2336
88
103
214
1985
1986
1987
1988
2339
2342
2343
89
104
215
1989
1990
1991
1992
2346
2349
2350
90
105
216
1993
1994
1995
1996
2353
2356
2357
91
106
217
1997
1998
1999
2000
2360
2363
2364
92
107
218
2001
2002
2003
2004
2367
2370
2371
93
108
219
2005
2006
2007
2008
2374
2377
2378
94
109
220
2009
2010
2011
2012
2265
2267
2269
2381
2384
2385
2013
2264
2265
2267
2017
2192
2264
2271
2272
2274
2199
2271
2278
2279
2281
2206
2278
2285
2286
2288
2213
2285
2292
2244
2306
2311
2312
2314
2251
2311
2318
2319
2321
2258
2318
2325
2326
2328
2021
2325
2332
2333
2335
2024
2332
2339
2340
2342
2028
2339
2346
2347
2349
2032
2346
2353
2354
2356
2036
2353
2360
2361
2363
2040
2360
2367
2368
2370
2044
2367
2374
2375
2377
2048
2374
2381
2382
2384
2051
2265
2381
2388
2389
2391
2272
2388
2395
2396
2398
2279
2395
2402
2403
2405
2286
2402
2409
2319
2425
2426
2326
2425
2430
2431
2433
2333
2430
2437
2438
2440
2340
2437
2444
2445
2447
2347
2444
2451
2452
2454
2354
2451
2458
2459
2461
2053
2361
2458
2465
2466
2468
2368
2465
2472
2473
2475
2375
2472
2479
2480
2482
2382
2479
2486
2487
2489
2389
2486
2493
2494
2496
2396
2493
2500
2501
2445
2523
2524
2452
2523
2528
2529
2459
2528
2533
2534
2466
2533
2538
2539
2473
2538
2543
2544
2480
2543
2548
2549
2580
2586
2587
2589
134
158
306
2056
2057
2058
2059
2586
2588
2590
2592
2620
2623
2624
135
159
307
2063
2064
2065
2066
136
160
308
2070
2071
2072
2073
137
161
309
138
162
310
139
163
311
140
164
312
141
165
313
142
166
314
143
167
315
144
168
316
145
169
317
146
170
318
147
171
319
148
172
320
149
173
321
150
174
322
151
175
323
152
176
324
153
177
325
2077
2078
2079
2080
154
178
326
2084
2085
2086
2087
155
179
327
2088
2089
2090
2091
2594
2596
2598
2627
2630
2631
2092
2593
2594
2596
2593
2600
2601
2587
2608
2613
2614
2616
2094
2613
2620
2621
2623
160
184
335
2100
2101
2102
2103
2620
2622
2624
2626
161
185
336
2107
2108
2109
2110
162
186
337
2114
2115
2116
2117
163
187
338
2121
2122
2123
2124
164
188
339
165
189
340
166
190
341
167
191
342
168
192
343
169
193
344
170
194
345
171
195
346
172
196
347
173
197
348
174
198
349
175
199
350
176
200
351
2128
2129
2130
2131
177
201
352
2135
2136
2137
2138
178
202
353
2142
2143
2144
2145
179
203
354
2147
2148
2149
2150
2628
2630
2632
2151
2627
2628
2630
2594
2627
2634
2635
2637
2600
2634
2641
2614
2649
2650
2652
2155
2621
2649
2656
2657
2659
185
207
362
2159
2160
2161
2162
2656
2658
2660
2662
2693
2696
2697
186
208
363
2166
2167
2168
2169
187
209
364
2173
2174
2175
2176
188
210
365
2180
2181
2182
2183
189
211
366
2187
2188
2189
2190
190
212
367
191
213
368
192
214
369
193
215
370
194
216
371
195
217
372
196
218
373
197
219
374
198
220
375
199
221
376
200
222
377
2194
2195
2196
2197
201
223
378
2201
2202
2203
2204
202
224
379
2208
2209
2210
2211
203
225
380
2215
2216
2217
2218
204
226
381
2219
2220
2221
2222
2664
2666
2668
2700
2703
2704
2223
2628
2663
2664
2666
2635
2663
2670
2671
2673
2657
2681
2686
2687
2689
2227
2686
2693
2694
2696
209
231
390
2232
2233
2234
2235
2693
2695
2697
2699
2735
2738
2739
210
232
391
2239
2240
2241
2242
211
233
392
2246
2247
2248
2249
212
234
393
2253
2254
2255
2256
213
235
394
2260
2261
2262
2263
214
236
395
215
237
396
216
238
397
217
239
398
218
240
399
219
241
400
220
242
401
221
243
402
222
244
403
2267
2268
2269
2270
223
245
404
2274
2275
2276
2277
224
246
405
2281
2282
2283
2284
225
247
406
2288
2289
2290
2291
226
248
407
2292
2293
2294
2295
2701
2703
2705
2742
2745
2746
2296
2700
2701
2703
2300
2664
2700
2707
2708
2710
2671
2707
2714
2687
2722
2724
2694
2722
2728
2729
2731
2302
2728
2735
2736
2738
233
252
416
2307
2308
2309
2310
2735
2737
2739
2741
2779
2782
2783
234
253
417
2314
2315
2316
2317
235
254
418
2321
2322
2323
2324
236
255
419
2328
2329
2330
2331
237
256
420
2335
2336
2337
2338
238
257
421
2342
2343
2344
2345
239
258
422
2349
2350
2351
2352
240
259
423
2356
2357
2358
2359
241
260
424
2363
2364
2365
2366
242
261
425
2370
2371
2372
2373
243
262
426
2377
2378
2379
2380
244
263
427
2384
2385
2386
2387
245
264
428
2391
2392
2393
2394
246
265
429
2398
2399
2400
2401
247
266
430
2405
2406
2407
2408
248
267
431
2409
2410
2411
2412
2743
2745
2747
2786
2789
2790
2413
2742
2743
2745
2417
2701
2742
2749
2750
2752
2708
2749
2756
2757
2758
2736
2767
2772
2773
2775
2418
2772
2779
2780
2782
254
271
441
2421
2422
2423
2424
2779
2781
2783
2785
2818
2821
2822
255
272
442
2426
2427
2428
2429
2825
2828
2829
256
273
443
2433
2434
2435
2436
2832
2835
2836
257
274
444
2440
2441
2442
2443
258
275
445
2447
2448
2449
2450
259
276
446
2454
2455
2456
2457
260
277
447
2461
2462
2463
2464
261
278
448
2468
2469
2470
2471
262
279
449
2475
2476
2477
2478
263
280
450
2482
2483
2484
2485
264
281
451
2489
2490
2491
2492
265
282
452
2496
2497
2498
2499
2839
2842
2843
266
283
453
2501
2502
2503
2504
2846
2849
2850
267
284
454
2505
2506
2507
2508
2787
2789
2791
2853
2856
2857
2509
2786
2787
2789
2743
2786
2793
2794
2796
2750
2793
2800
2780
2807
2812
2814
2812
2818
2819
2821
2513
2818
2825
2826
2828
2515
2825
2832
2833
2835
275
289
466
2519
2520
2521
2522
2832
2834
2836
2838
2887
2890
2891
276
290
467
2524
2525
2526
2527
2894
2897
2898
277
291
468
2529
2530
2531
2532
2901
2904
2905
278
292
469
2534
2535
2536
2537
2908
2911
2912
279
293
470
2539
2540
2541
2542
2915
2918
2919
280
294
471
2544
2545
2546
2547
2922
2925
2926
281
295
472
2549
2550
2551
2552
2929
2932
2933
282
296
473
2553
2554
2555
2556
2840
2842
2844
2936
2939
2940
2557
2839
2840
2842
2561
2839
2846
2847
2849
2563
2846
2853
2854
2856
2787
2853
2860
2861
2862
2794
2860
2866
2826
2876
2877
2833
2876
2881
2883
2881
2887
2888
2890
2565
2887
2894
2895
2897
2567
2894
2901
2902
2904
2569
2901
2908
2909
2911
2571
2908
2915
2916
2918
2573
2915
2922
2923
2925
2575
2922
2929
2930
2932
2577
2929
2936
2937
2939
2840
2936
2943
2944
2945
2847
2943
2949
2950
2902
2966
2967
2909
2966
2971
2972
2916
2971
2976
2977
2923
2976
2981
2982
2993
2994
2996
305
332
518
2582
2583
2584
2585
2993
2995
2997
2999
306
333
519
2589
2590
2591
2592
307
334
520
308
335
521
309
336
522
310
337
523
311
338
524
312
339
525
313
340
526
314
341
527
315
342
528
316
343
529
317
344
530
318
345
531
319
346
532
320
347
533
321
348
534
322
349
535
323
350
536
324
351
537
325
352
538
326
353
539
327
354
540
328
355
541
329
356
542
2596
2597
2598
2599
330
357
543
2601
2602
2603
2604
3001
3003
3005
2605
3000
3001
3003
2994
3011
3012
3014
333
359
547
2609
2610
2611
2612
3011
3013
3015
3017
3033
3036
3037
334
360
548
2616
2617
2618
2619
335
361
549
2623
2624
2625
2626
336
362
550
337
363
551
338
364
552
339
365
553
340
366
554
341
367
555
342
368
556
343
369
557
344
370
558
345
371
559
346
372
560
347
373
561
348
374
562
349
375
563
350
376
564
351
377
565
352
378
566
353
379
567
354
380
568
355
381
569
356
382
570
2630
2631
2632
2633
357
383
571
2637
2638
2639
2640
358
384
572
2641
2642
2643
2644
3019
3021
3023
3040
3043
3044
2645
3001
3018
3019
3021
2646
3027
3033
3034
3036
361
387
577
2652
2653
2654
2655
3033
3035
3037
3039
362
388
578
2659
2660
2661
2662
363
389
579
364
390
580
365
391
581
366
392
582
367
393
583
368
394
584
369
395
585
370
396
586
371
397
587
372
398
588
373
399
589
374
400
590
375
401
591
376
402
592
377
403
593
378
404
594
379
405
595
380
406
596
381
407
597
382
408
598
383
409
599
2666
2667
2668
2669
384
410
600
2673
2674
2675
2676
3041
3043
3045
2677
3040
3041
3043
3019
3040
3047
3048
3034
3054
3055
3057
388
412
606
2682
2683
2684
2685
3054
3056
3058
3060
3074
3077
3078
389
413
607
2689
2690
2691
2692
390
414
608
2696
2697
2698
2699
391
415
609
392
416
610
393
417
611
394
418
612
395
419
613
396
420
614
397
421
615
398
422
616
399
423
617
400
424
618
401
425
619
402
426
620
403
427
621
404
428
622
405
429
623
406
430
624
407
431
625
408
432
626
409
433
627
2703
2704
2705
2706
410
434
628
2710
2711
2712
2713
411
435
629
2714
2715
2716
2717
3062
3064
3066
3081
3084
3085
2718
3041
3061
3062
3064
2719
3070
3074
3075
3077
414
437
634
2724
2725
2726
2727
3074
3076
3078
3080
3095
3098
3099
415
438
635
2731
2732
2733
2734
416
439
636
2738
2739
2740
2741
417
440
637
418
441
638
419
442
639
420
443
640
421
444
641
422
445
642
423
446
643
424
447
644
425
448
645
426
449
646
427
450
647
428
451
648
429
452
649
430
453
650
431
454
651
432
455
652
433
456
653
2745
2746
2747
2748
434
457
654
2752
2753
2754
2755
435
458
655
2758
2759
2760
2761
3082
3084
3086
3102
3105
3106
2762
3081
3082
3084
3062
3081
3088
2765
3091
3095
3096
3098
439
460
661
2768
2769
2770
2771
3095
3097
3099
3101
3116
3118
3119
440
461
662
2775
2776
2777
2778
441
462
663
2782
2783
2784
2785
442
463
664
443
464
665
444
465
666
445
466
667
446
467
668
447
468
669
448
469
670
449
470
671
450
471
672
451
472
673
452
473
674
453
474
675
454
475
676
455
476
677
456
477
678
2789
2790
2791
2792
457
478
679
2796
2797
2798
2799
458
479
680
2800
2801
2802
2803
3103
3105
3107
3122
3124
3125
2804
3102
3103
3105
3082
3102
3109
3112
3116
3118
462
481
686
2808
2809
2810
2811
3116
3117
3119
3121
3132
3133
3134
463
482
687
2814
2815
2816
2817
3136
3139
3140
464
483
688
2821
2822
2823
2824
3143
3146
3147
465
484
689
2828
2829
2830
2831
466
485
690
2835
2836
2837
2838
467
486
691
468
487
692
469
488
693
470
489
694
471
490
695
472
491
696
473
492
697
474
493
698
475
494
699
2842
2843
2844
2845
476
495
700
2849
2850
2851
2852
477
496
701
2856
2857
2858
2859
3150
3153
3154
478
497
702
2862
2863
2864
2865
3157
3160
3161
479
498
703
2866
2867
2868
2869
3123
3124
3126
3164
3165
3166
2870
3122
3123
3124
3103
3122
3128
3132
3133
2871
3132
3136
3137
3139
2873
3136
3143
3144
3146
485
499
711
2877
2878
2879
2880
3143
3145
3147
3149
3173
3174
3175
486
500
712
2883
2884
2885
2886
3178
3181
3182
487
501
713
2890
2891
2892
2893
3185
3188
3189
488
502
714
2897
2898
2899
2900
3192
3195
3196
489
503
715
2904
2905
2906
2907
3199
3202
3203
490
504
716
2911
2912
2913
2914
491
505
717
2918
2919
2920
2921
492
506
718
2925
2926
2927
2928
3206
3209
3210
493
507
719
2932
2933
2934
2935
3213
3216
3217
494
508
720
2939
2940
2941
2942
3220
3223
3224
495
509
721
2945
2946
2947
2948
3227
3230
3231
496
510
722
2950
2951
2952
2953
3151
3153
3155
3234
3235
3236
2954
3150
3151
3153
2957
3150
3157
3158
3160
3157
3164
3165
3170
3173
3174
2959
3173
3178
3179
3181
2961
3178
3185
3186
3188
2963
3185
3192
3193
3195
2967
3192
3199
3200
3202
505
513
734
2972
2973
2974
2975
3199
3201
3203
3205
3250
3251
3252
506
514
735
2977
2978
2979
2980
3207
3209
3211
3253
3254
3255
2982
3206
3207
3209
2986
3206
3213
3214
3216
2989
3213
3220
3221
3223
2991
3220
3227
3228
3230
3227
3234
3235
3151
3234
3239
3200
3247
3248
3247
3250
3251
3250
3253
3254
3207
3253
3256
3257
1721
1722
1724
518
546
754
1721
1723
1725
1727
2996
2997
2998
2999
519
547
755
520
548
756
521
549
757
522
550
758
523
551
759
524
552
760
525
553
761
526
554
762
527
555
763
528
556
764
529
557
765
530
558
766
531
559
767
532
560
768
533
561
769
534
562
770
535
563
771
536
564
772
537
565
773
538
566
774
539
567
775
540
568
776
541
569
777
542
570
778
543
571
779
544
572
780
545
573
781
3003
3004
3005
3006
3265
3267
3269
3007
3264
3265
3267
547
575
784
3014
3015
3016
3017
3271
3272
3274
3275
3283
3286
3287
548
576
785
549
577
786
550
578
787
551
579
788
552
580
789
553
581
790
554
582
791
555
583
792
556
584
793
557
585
794
558
586
795
559
587
796
560
588
797
561
589
798
562
590
799
563
591
800
564
592
801
565
593
802
566
594
803
567
595
804
568
596
805
569
597
806
570
598
807
571
599
808
572
600
809
573
601
810
574
602
811
3021
3022
3023
3024
3276
3277
3279
3290
3293
3294
3025
3265
3276
3277
3029
3280
3283
3284
3286
577
605
814
3036
3037
3038
3039
3283
3285
3287
3289
578
606
815
579
607
816
580
608
817
581
609
818
582
610
819
583
611
820
584
612
821
585
613
822
586
614
823
587
615
824
588
616
825
589
617
826
590
618
827
591
619
828
592
620
829
593
621
830
594
622
831
595
623
832
596
624
833
597
625
834
598
626
835
599
627
836
600
628
837
601
629
838
602
630
839
3043
3044
3045
3046
3291
3293
3295
3048
3290
3291
3293
3276
3290
3297
3284
3299
3301
606
632
843
3057
3058
3059
3060
3299
3300
3302
3304
3313
3316
3317
607
633
844
608
634
845
609
635
846
610
636
847
611
637
848
612
638
849
613
639
850
614
640
851
615
641
852
616
642
853
617
643
854
618
644
855
619
645
856
620
646
857
621
647
858
622
648
859
623
649
860
624
650
861
625
651
862
626
652
863
627
653
864
628
654
865
629
655
866
630
656
867
631
657
868
3064
3065
3066
3067
3306
3307
3309
3320
3323
3324
3068
3291
3305
3306
3307
3071
3311
3313
3314
3316
634
659
871
3077
3078
3079
3080
3313
3315
3317
3319
3330
3333
3334
635
660
872
636
661
873
637
662
874
638
663
875
639
664
876
640
665
877
641
666
878
642
667
879
643
668
880
644
669
881
645
670
882
646
671
883
647
672
884
648
673
885
649
674
886
650
675
887
651
676
888
652
677
889
653
678
890
654
679
891
655
680
892
656
681
893
657
682
894
3084
3085
3086
3087
3321
3323
3325
3337
3340
3341
3088
3320
3321
3323
3306
3320
3327
3092
3328
3330
3331
3333
661
684
898
3098
3099
3100
3101
3330
3332
3334
3336
3347
3350
3351
662
685
899
663
686
900
664
687
901
665
688
902
666
689
903
667
690
904
668
691
905
669
692
906
670
693
907
671
694
908
672
695
909
673
696
910
674
697
911
675
698
912
676
699
913
677
700
914
678
701
915
679
702
916
680
703
917
681
704
918
682
705
919
3105
3106
3107
3108
3338
3340
3342
3354
3357
3358
3109
3337
3338
3340
3321
3337
3344
3113
3345
3347
3348
3350
686
707
923
3118
3119
3120
3121
3347
3349
3351
3353
3363
3364
3365
687
708
924
3367
3370
3371
688
709
925
689
710
926
690
711
927
691
712
928
692
713
929
693
714
930
694
715
931
695
716
932
696
717
933
697
718
934
698
719
935
699
720
936
700
721
937
701
722
938
702
723
939
703
724
940
704
725
941
3374
3377
3378
705
726
942
3124
3125
3126
3127
3355
3357
3359
3381
3382
3383
3128
3354
3355
3357
3338
3354
3361
3363
3364
3133
3363
3367
3368
3370
710
727
947
3139
3140
3141
3142
3367
3369
3371
3373
3387
3388
3389
711
728
948
3146
3147
3148
3149
3390
3393
3394
712
729
949
3397
3400
3401
713
730
950
3404
3407
3408
714
731
951
715
732
952
716
733
953
717
734
954
718
735
955
719
736
956
720
737
957
721
738
958
722
739
959
3411
3414
3415
723
740
960
3418
3421
3422
724
741
961
3153
3154
3155
3156
3425
3428
3429
725
742
962
3160
3161
3162
3163
3375
3377
3379
3432
3433
3434
3165
3374
3375
3377
3168
3374
3381
3382
3387
3388
3171
3387
3390
3391
3393
3174
3390
3397
3398
3400
3181
3397
3404
3405
3407
732
744
970
3188
3189
3190
3191
3404
3406
3408
3410
3440
3441
3442
733
745
971
3195
3196
3197
3198
3443
3445
3446
734
746
972
3202
3203
3204
3205
3449
3452
3453
735
747
973
3456
3459
3460
736
748
974
3463
3466
3467
737
749
975
3209
3210
3211
3212
3470
3473
3474
738
750
976
3216
3217
3218
3219
3477
3479
3480
739
751
977
3223
3224
3225
3226
3412
3414
3416
3483
3484
3485
3230
3411
3412
3414
3235
3411
3418
3419
3421
3239
3418
3425
3426
3428
3241
3425
3432
3433
3405
3437
3438
3243
3437
3440
3441
3245
3440
3443
3445
3248
3443
3449
3450
3452
3251
3449
3456
3457
3459
3254
3456
3463
3464
3466
3257
3463
3470
3471
3473
3259
3470
3477
3478
3479
3261
3477
3483
3484
3263
3412
3483
3486
3487
1724
1728
1729
1731
755
784
994
1728
1730
1732
1734
3712
3713
3714
756
785
995
757
786
996
758
787
997
759
788
998
760
789
999
761
790
1000
762
791
1001
763
792
1002
764
793
1003
765
794
1004
766
795
1005
767
796
1006
768
797
1007
769
798
1008
770
799
1009
771
800
1010
772
801
1011
773
802
1012
774
803
1013
775
804
1014
776
805
1015
777
806
1016
778
807
1017
779
808
1018
780
809
1019
781
810
1020
782
811
1021
3491
3493
3495
3719
3720
3721
3267
3490
3491
3493
1729
3273
3497
785
813
1023
3497
3498
3499
3500
3508
3511
3512
3729
3730
3731
786
814
1024
787
815
1025
788
816
1026
789
817
1027
790
818
1028
791
819
1029
792
820
1030
793
821
1031
794
822
1032
795
823
1033
796
824
1034
797
825
1035
798
826
1036
799
827
1037
800
828
1038
801
829
1039
802
830
1040
803
831
1041
804
832
1042
805
833
1043
806
834
1044
807
835
1045
808
836
1046
809
837
1047
810
838
1048
811
839
1049
812
840
1050
3502
3503
3504
3515
3518
3519
3736
3737
3738
3277
3491
3501
3502
3503
3286
3505
3508
3509
3511
815
843
1053
3508
3510
3512
3514
3749
3750
3751
816
844
1054
817
845
1055
818
846
1056
819
847
1057
820
848
1058
821
849
1059
822
850
1060
823
851
1061
824
852
1062
825
853
1063
826
854
1064
827
855
1065
828
856
1066
829
857
1067
830
858
1068
831
859
1069
832
860
1070
833
861
1071
834
862
1072
835
863
1073
836
864
1074
837
865
1075
838
866
1076
839
867
1077
840
868
1078
3516
3518
3520
3756
3757
3758
3293
3515
3516
3518
3297
3502
3515
3522
3523
3301
3509
3524
3525
3527
844
870
1080
3524
3526
3528
3529
3538
3541
3542
3770
3771
3772
845
871
1081
846
872
1082
847
873
1083
848
874
1084
849
875
1085
850
876
1086
851
877
1087
852
878
1088
853
879
1089
854
880
1090
855
881
1091
856
882
1092
857
883
1093
858
884
1094
859
885
1095
860
886
1096
861
887
1097
862
888
1098
863
889
1099
864
890
1100
865
891
1101
866
892
1102
867
893
1103
868
894
1104
869
895
1105
3531
3533
3535
3545
3548
3549
3777
3778
3779
3307
3516
3530
3531
3533
3316
3536
3538
3539
3541
872
897
1108
3538
3540
3542
3544
3555
3558
3559
3788
3789
3790
873
898
1109
874
899
1110
875
900
1111
876
901
1112
877
902
1113
878
903
1114
879
904
1115
880
905
1116
881
906
1117
882
907
1118
883
908
1119
884
909
1120
885
910
1121
886
911
1122
887
912
1123
888
913
1124
889
914
1125
890
915
1126
891
916
1127
892
917
1128
893
918
1129
894
919
1130
895
920
1131
3546
3548
3550
3562
3565
3566
3795
3796
3797
3323
3545
3546
3548
3327
3531
3545
3552
3333
3553
3555
3556
3558
899
922
1134
3555
3557
3559
3561
3572
3575
3576
3808
3809
3810
900
923
1135
901
924
1136
902
925
1137
903
926
1138
904
927
1139
905
928
1140
906
929
1141
907
930
1142
908
931
1143
909
932
1144
910
933
1145
911
934
1146
912
935
1147
913
936
1148
914
937
1149
915
938
1150
916
939
1151
917
940
1152
918
941
1153
919
942
1154
920
943
1155
3563
3565
3567
3579
3582
3583
3815
3816
3817
3340
3562
3563
3565
3344
3546
3562
3569
3350
3570
3572
3573
3575
924
945
1158
3572
3574
3576
3578
3588
3590
3591
3828
3829
3830
925
946
1159
3592
3595
3596
926
947
1160
927
948
1161
928
949
1162
929
950
1163
930
951
1164
931
952
1165
932
953
1166
933
954
1167
934
955
1168
935
956
1169
936
957
1170
937
958
1171
938
959
1172
939
960
1173
940
961
1174
941
962
1175
942
963
1176
3599
3602
3603
943
964
1177
3580
3582
3584
3606
3608
3609
3834
3835
3836
3357
3579
3580
3582
3361
3563
3579
3586
3364
3587
3588
3590
3370
3588
3592
3593
3595
948
966
1180
3592
3594
3596
3598
3611
3612
3613
3848
3849
3850
949
967
1181
3614
3617
3618
3855
3856
3857
950
968
1182
3621
3624
3625
951
969
1183
3628
3631
3632
952
970
1184
953
971
1185
954
972
1186
955
973
1187
956
974
1188
957
975
1189
958
976
1190
959
977
1191
960
978
1192
3635
3638
3639
961
979
1193
3642
3645
3646
962
980
1194
3649
3652
3653
3862
3863
3864
963
981
1195
3600
3602
3604
3656
3657
3658
3869
3870
3871
3377
3599
3600
3602
3382
3599
3606
3607
3608
3385
3580
3606
3388
3610
3611
3612
3393
3611
3614
3615
3617
3400
3614
3621
3622
3624
3407
3621
3628
3629
3631
971
984
1201
3628
3630
3632
3634
3663
3664
3665
3895
3896
3897
972
985
1202
3666
3669
3670
3902
3903
3904
973
986
1203
3672
3675
3676
3909
3910
3911
974
987
1204
3679
3682
3683
975
988
1205
3686
3689
3690
976
989
1206
3693
3696
3697
3916
3917
3918
977
990
1207
3700
3703
3704
3923
3924
3925
978
991
1208
3636
3638
3640
3706
3707
3708
3930
3931
3932
3414
3635
3636
3638
3421
3635
3642
3643
3645
3428
3642
3649
3650
3652
3433
3649
3656
3657
3435
3600
3656
3438
3629
3659
3660
3661
3441
3660
3663
3664
3445
3663
3666
3667
3669
3452
3666
3672
3673
3675
3459
3672
3679
3680
3682
3466
3679
3686
3687
3689
3473
3686
3693
3694
3696
3479
3693
3700
3701
3703
3484
3700
3706
3707
3487
3636
3706
3709
3710
3489
3643
3709
1735
3712
3713
3715
996
1024
1222
3712
3714
3716
3718
3970
3971
3972
997
1025
1223
3975
3976
3977
998
1026
1224
999
1027
1225
1000
1028
1226
1001
1029
1227
1002
1030
1228
1003
1031
1229
1004
1032
1230
1005
1033
1231
1006
1034
1232
1007
1035
1233
1008
1036
1234
1009
1037
1235
1010
1038
1236
1011
1039
1237
1012
1040
1238
1013
1041
1239
1014
1042
1240
1015
1043
1241
1016
1044
1242
1017
1045
1243
1018
1046
1244
1019
1047
1245
1020
1048
1246
3982
3983
3984
1021
1049
1247
3720
3722
3724
3989
3990
3991
3719
3720
3722
3493
3719
3726
3713
3727
3729
3730
3732
1025
1053
1249
3729
3731
3733
3735
3749
3752
3753
3996
3997
3998
1026
1054
1250
4000
4001
4002
1027
1055
1251
4007
4008
4009
1028
1056
1252
1029
1057
1253
1030
1058
1254
1031
1059
1255
1032
1060
1256
1033
1061
1257
1034
1062
1258
1035
1063
1259
1036
1064
1260
1037
1065
1261
1038
1066
1262
1039
1067
1263
1040
1068
1264
1041
1069
1265
1042
1070
1266
1043
1071
1267
1044
1072
1268
1045
1073
1269
1046
1074
1270
1047
1075
1271
1048
1076
1272
4014
4015
4016
1049
1077
1273
4021
4022
4023
1050
1078
1274
3737
3739
3741
3756
3759
3760
4028
4029
4030
3720
3736
3737
3739
3503
3726
3736
3743
3511
3730
3744
3745
3744
3749
3750
3752
1055
1081
1277
3749
3751
3753
3755
4034
4035
4036
1056
1082
1278
4041
4042
4043
1057
1083
1279
1058
1084
1280
1059
1085
1281
1060
1086
1282
1061
1087
1283
1062
1088
1284
1063
1089
1285
1064
1090
1286
1065
1091
1287
1066
1092
1288
1067
1093
1289
1068
1094
1290
1069
1095
1291
1070
1096
1292
1071
1097
1293
1072
1098
1294
1073
1099
1295
1074
1100
1296
1075
1101
1297
1076
1102
1298
1077
1103
1299
4048
4049
4050
1078
1104
1300
3757
3759
3761
4055
4056
4057
3756
3757
3759
3518
3737
3756
3763
3764
3766
3750
3768
3770
3771
3773
1082
1108
1302
3770
3772
3774
3776
3788
3791
3792
4065
4066
4067
1083
1109
1303
4069
4070
4071
1084
1110
1304
4076
4077
4078
1085
1111
1305
1086
1112
1306
1087
1113
1307
1088
1114
1308
1089
1115
1309
1090
1116
1310
1091
1117
1311
1092
1118
1312
1093
1119
1313
1094
1120
1314
1095
1121
1315
1096
1122
1316
1097
1123
1317
1098
1124
1318
1099
1125
1319
1100
1126
1320
1101
1127
1321
1102
1128
1322
1103
1129
1323
4083
4084
4085
1104
1130
1324
4090
4091
4092
1105
1131
1325
3778
3780
3782
3795
3798
3799
4097
4098
4099
3757
3777
3778
3780
3533
3764
3777
3784
3541
3771
3785
3785
3788
3789
3791
1110
1134
1328
3788
3790
3792
3794
3808
3811
3812
4103
4104
4105
1111
1135
1329
4109
4110
4111
1112
1136
1330
4116
4117
4118
1113
1137
1331
1114
1138
1332
1115
1139
1333
1116
1140
1334
1117
1141
1335
1118
1142
1336
1119
1143
1337
1120
1144
1338
1121
1145
1339
1122
1146
1340
1123
1147
1341
1124
1148
1342
1125
1149
1343
1126
1150
1344
1127
1151
1345
1128
1152
1346
1129
1153
1347
4123
4124
4125
1130
1154
1348
4130
4131
4132
1131
1155
1349
3796
3798
3800
3815
3818
3819
4137
4138
4139
3795
3796
3798
3548
3778
3795
3802
3803
3804
3558
3789
3805
3805
3808
3809
3811
1136
1158
1352
3808
3810
3812
3814
3828
3831
3832
4146
4147
4148
1137
1159
1353
4150
4151
4152
1138
1160
1354
4157
4158
4159
1139
1161
1355
1140
1162
1356
1141
1163
1357
1142
1164
1358
1143
1165
1359
1144
1166
1360
1145
1167
1361
1146
1168
1362
1147
1169
1363
1148
1170
1364
1149
1171
1365
1150
1172
1366
1151
1173
1367
1152
1174
1368
1153
1175
1369
4164
4165
4166
1154
1176
1370
4171
4172
4173
1155
1177
1371
3816
3818
3820
3834
3837
3838
4178
4179
4180
3815
3816
3818
3565
3796
3815
3822
3823
3824
3575
3809
3825
3825
3828
3829
3831
1160
1179
1373
3828
3830
3832
3833
3844
3846
3847
4184
4185
4186
1161
1180
1374
3848
3851
3852
4188
4189
4190
1162
1181
1375
3855
3858
3859
4194
4195
4196
1163
1182
1376
4201
4202
4203
1164
1183
1377
4208
4209
4210
1165
1184
1378
1166
1185
1379
1167
1186
1380
1168
1187
1381
1169
1188
1382
1170
1189
1383
1171
1190
1384
1172
1191
1385
1173
1192
1386
4215
4216
4217
1174
1193
1387
4222
4223
4224
1175
1194
1388
3862
3865
3866
4229
4230
4231
1176
1195
1389
3869
3872
3873
4236
4237
4238
1177
1196
1390
3835
3837
3839
3876
3878
3879
4242
4243
4244
3834
3835
3837
3582
3816
3834
3840
3841
3842
3595
3843
3844
3846
3844
3848
3849
3851
3848
3855
3856
3858
1183
1199
1394
3855
3857
3859
3861
3883
3886
3887
4249
4250
4251
1184
1200
1395
3888
3891
3892
4254
4255
4256
1185
1201
1396
3895
3898
3899
4260
4261
4262
1186
1202
1397
3902
3905
3906
4267
4268
4269
1187
1203
1398
3909
3912
3913
4274
4275
4276
1188
1204
1399
4281
4282
4283
1189
1205
1400
4288
4289
4290
1190
1206
1401
3916
3919
3920
4295
4296
4297
1191
1207
1402
3923
3926
3927
4302
4303
4304
1192
1208
1403
3930
3933
3934
4309
4310
4311
1193
1209
1404
3937
3940
3941
4316
4317
4318
1194
1210
1405
3863
3865
3867
3944
3947
3948
4322
4323
4324
3862
3863
3865
3862
3869
3870
3872
3602
3869
3876
3877
3878
3608
3835
3876
3617
3856
3880
3881
3624
3881
3883
3884
3886
3631
3883
3888
3889
3891
3888
3895
3896
3898
3895
3902
3903
3905
3902
3909
3910
3912
1205
1216
1412
3909
3911
3913
3915
3957
3958
3959
4339
4340
4341
1206
1217
1413
3917
3919
3921
3960
3961
3962
4344
4345
4346
3916
3917
3919
3916
3923
3924
3926
3923
3930
3931
3933
3638
3930
3937
3938
3940
3645
3937
3944
3945
3947
3652
3863
3944
3949
3950
3657
3870
3949
3664
3896
3951
3952
3669
3903
3952
3953
3675
3910
3953
3954
3955
3682
3954
3957
3958
3689
3957
3960
3961
3696
3917
3960
3963
3964
3703
3924
3963
3966
3707
3931
3966
3967
3710
3938
3967
3968
3970
3971
3970
3975
3976
3978
1225
1251
1418
3975
3977
3979
3981
4007
4010
4011
4360
4361
4362
1226
1252
1419
4363
4364
4365
1227
1253
1420
4370
4371
4372
1228
1254
1421
1229
1255
1422
1230
1256
1423
1231
1257
1424
1232
1258
1425
1233
1259
1426
1234
1260
1427
1235
1261
1428
1236
1262
1429
1237
1263
1430
1238
1264
1431
1239
1265
1432
1240
1266
1433
1241
1267
1434
1242
1268
1435
1243
1269
1436
1244
1270
1437
4377
4378
4379
1245
1271
1438
4384
4385
4386
1246
1272
1439
3983
3985
3987
4014
4017
4018
4391
4392
4393
3982
3983
3985
3982
3989
3990
3992
3722
3989
3994
3971
3995
3996
3997
3976
3996
4000
4001
4003
4000
4007
4008
4010
1253
1279
1442
4007
4009
4011
4013
4398
4399
4400
1254
1280
1443
4403
4404
4405
1255
1281
1444
4410
4411
4412
1256
1282
1445
4417
4418
4419
1257
1283
1446
1258
1284
1447
1259
1285
1448
1260
1286
1449
1261
1287
1450
1262
1288
1451
1263
1289
1452
1264
1290
1453
1265
1291
1454
1266
1292
1455
1267
1293
1456
1268
1294
1457
1269
1295
1458
4424
4425
4426
1270
1296
1459
4431
4432
4433
1271
1297
1460
4438
4439
4440
1272
1298
1461
4015
4017
4019
4445
4446
4447
4014
4015
4017
3983
4014
4021
4022
4024
3990
4021
4028
4029
4031
3739
3994
4028
3752
3997
4032
4001
4032
4034
4035
4037
4008
4034
4041
4042
4044
1280
1304
1464
4041
4043
4045
4047
4076
4079
4080
4455
4456
4457
1281
1305
1465
4459
4460
4461
1282
1306
1466
4466
4467
4468
1283
1307
1467
4473
4474
4475
1284
1308
1468
4480
4481
4482
1285
1309
1469
1286
1310
1470
1287
1311
1471
1288
1312
1472
1289
1313
1473
1290
1314
1474
1291
1315
1475
1292
1316
1476
1293
1317
1477
1294
1318
1478
1295
1319
1479
4487
4488
4489
1296
1320
1480
4494
4495
4496
1297
1321
1481
4501
4502
4503
1298
1322
1482
4508
4509
4510
1299
1323
1483
4049
4051
4053
4083
4086
4087
4515
4516
4517
4015
4048
4049
4051
4022
4048
4055
4056
4058
3759
4029
4055
4062
4063
4035
4064
4065
4066
4042
4065
4069
4070
4072
4069
4076
4077
4079
1306
1330
1486
4076
4078
4080
4082
4116
4119
4120
4525
4526
4527
1307
1331
1487
4529
4530
4531
1308
1332
1488
4536
4537
4538
1309
1333
1489
4543
4544
4545
1310
1334
1490
4550
4551
4552
1311
1335
1491
1312
1336
1492
1313
1337
1493
1314
1338
1494
1315
1339
1495
1316
1340
1496
1317
1341
1497
1318
1342
1498
1319
1343
1499
4557
4558
4559
1320
1344
1500
4564
4565
4566
1321
1345
1501
4571
4572
4573
1322
1346
1502
4578
4579
4580
1323
1347
1503
4084
4086
4088
4123
4126
4127
4585
4586
4587
4083
4084
4086
4049
4083
4090
4091
4093
4056
4090
4097
4098
4100
3780
4063
4097
3791
4066
4101
4070
4101
4103
4104
4106
4077
4103
4109
4110
4112
4109
4116
4117
4119
1332
1354
1507
4116
4118
4120
4122
4157
4160
4161
4596
4597
4598
1333
1355
1508
4600
4601
4602
1334
1356
1509
4607
4608
4609
1335
1357
1510
4614
4615
4616
1336
1358
1511
4621
4622
4623
1337
1359
1512
4628
4629
4630
1338
1360
1513
4635
4636
4637
1339
1361
1514
4642
4643
4644
1340
1362
1515
4649
4650
4651
1341
1363
1516
4656
4657
4658
1342
1364
1517
4663
4664
4665
1343
1365
1518
4670
4671
4672
1344
1366
1519
4677
4678
4679
1345
1367
1520
4684
4685
4686
1346
1368
1521
4691
4692
4693
1347
1369
1522
4124
4126
4128
4164
4167
4168
4698
4699
4700
4123
4124
4126
4084
4123
4130
4131
4133
4091
4130
4137
4138
4140
3798
4098
4137
4143
4144
3811
4104
4145
4110
4145
4146
4147
4117
4146
4150
4151
4153
4150
4157
4158
4160
1356
1375
1526
4157
4159
4161
4163
4194
4197
4198
4707
4708
4709
1357
1376
1527
4201
4204
4205
4710
4711
4712
1358
1377
1528
4208
4211
4212
4715
4716
4717
1359
1378
1529
4722
4723
4724
1360
1379
1530
4729
4730
4731
1361
1380
1531
4736
4737
4738
1362
1381
1532
4743
4744
4745
1363
1382
1533
4750
4751
4752
1364
1383
1534
4757
4758
4759
1365
1384
1535
4764
4765
4766
1366
1385
1536
4771
4772
4773
1367
1386
1537
4215
4218
4219
4778
4779
4780
1368
1387
1538
4222
4225
4226
4785
4786
4787
1369
1388
1539
4165
4167
4169
4229
4232
4233
4790
4791
4792
4164
4165
4167
4124
4164
4171
4172
4174
4131
4171
4178
4179
4181
3818
4138
4178
4182
4151
4183
4184
4185
4158
4184
4188
4189
4191
4188
4194
4195
4197
4194
4201
4202
4204
4201
4208
4209
4211
1379
1396
1543
4208
4210
4212
4214
4260
4263
4264
4800
4801
4802
1380
1397
1544
4267
4270
4271
4803
4804
4805
1381
1398
1545
4274
4277
4278
4808
4809
4810
1382
1399
1546
4281
4284
4285
4813
4814
4815
1383
1400
1547
4288
4291
4292
4818
4819
4820
1384
1401
1548
4295
4298
4299
4823
4824
4825
1385
1402
1549
4302
4305
4306
4828
4829
4830
1386
1403
1550
4216
4218
4220
4309
4312
4313
4833
4834
4835
4215
4216
4218
4215
4222
4223
4225
4222
4229
4230
4232
4165
4229
4236
4237
4239
4172
4236
4242
4243
4245
3837
4179
4242
3851
4189
4246
3858
4195
4246
4247
4202
4247
4249
4250
4252
4209
4249
4254
4255
4257
4254
4260
4261
4263
4260
4267
4268
4270
4267
4274
4275
4277
4274
4281
4282
4284
4281
4288
4289
4291
4288
4295
4296
4298
4295
4302
4303
4305
4302
4309
4310
4312
4216
4309
4316
4317
4319
4223
4316
4322
4323
4325
3865
4230
4322
4327
4328
3872
4237
4327
4329
3891
4255
4330
3898
4261
4330
4331
3905
4268
4331
4332
3912
4275
4332
4334
4335
4337
4282
4334
4339
4340
4342
4289
4339
4344
4345
4347
3919
4296
4344
4349
4350
4352
3926
4303
4349
4354
4355
3933
4310
4354
4356
3940
4317
4356
4357
4358
4360
4361
4360
4363
4364
4366
4363
4370
4371
4373
1422
1444
1561
1737
1738
1739
4370
4372
4374
4376
4410
4413
4414
1423
1445
1562
1740
1741
1742
4417
4420
4421
1424
1446
1563
1743
1744
1745
1425
1447
1564
1746
1747
1748
1426
1448
1565
1751
1752
1753
1427
1449
1566
1758
1759
1760
1428
1450
1567
1765
1766
1767
1429
1451
1568
1772
1773
1774
1430
1452
1569
1779
1780
1781
1431
1453
1570
1786
1787
1788
1432
1454
1571
1793
1794
1795
1433
1455
1572
1800
1801
1802
1434
1456
1573
1807
1808
1809
1435
1457
1574
1812
1813
1814
1436
1458
1575
1815
1816
1817
4424
4427
4428
1437
1459
1576
1818
1819
1820
4378
4380
4382
4431
4434
4435
4377
4378
4380
4377
4384
4385
4387
4384
4391
4392
3985
4391
4394
4010
4361
4395
4396
4364
4395
4398
4399
4371
4398
4403
4404
4406
4403
4410
4411
4413
4410
4417
4418
4420
1447
1468
1578
4417
4419
4421
4423
4480
4483
4484
4852
4853
4854
1448
1469
1579
4855
4856
4857
1449
1470
1580
4859
4860
4861
1450
1471
1581
4866
4867
4868
1451
1472
1582
4873
4874
4875
1452
1473
1583
4880
4881
4882
1453
1474
1584
4887
4888
4889
1454
1475
1585
4894
4895
4896
1455
1476
1586
4901
4902
4903
1456
1477
1587
4908
4909
4910
1457
1478
1588
4915
4916
4917
1458
1479
1589
4425
4427
4429
4487
4490
4491
4919
4920
4921
4424
4425
4427
4424
4431
4432
4434
4378
4431
4438
4439
4441
4385
4438
4445
4446
4448
4017
4392
4445
4450
4451
4044
4396
4453
4399
4453
4455
4456
4404
4455
4459
4460
4462
4411
4459
4466
4467
4469
4418
4466
4473
4474
4476
4473
4480
4481
4483
1470
1490
1594
4480
4482
4484
4486
4550
4553
4554
4931
4932
4933
1471
1491
1595
4934
4935
4936
1472
1492
1596
4937
4938
4939
1473
1493
1597
4942
4943
4944
1474
1494
1598
4949
4950
4951
1475
1495
1599
4956
4957
4958
1476
1496
1600
4963
4964
4965
1477
1497
1601
4970
4971
4972
1478
1498
1602
4975
4976
4977
1479
1499
1603
4488
4490
4492
4557
4560
4561
4978
4979
4980
4487
4488
4490
4425
4487
4494
4495
4497
4432
4494
4501
4502
4504
4439
4501
4508
4509
4511
4446
4508
4515
4516
4518
4051
4451
4515
4519
4520
4079
4456
4521
4522
4523
4460
4522
4525
4526
4467
4525
4529
4530
4532
4474
4529
4536
4537
4539
4481
4536
4543
4544
4546
4543
4550
4551
4553
1492
1511
1608
4550
4552
4554
4556
4621
4624
4625
4991
4992
4993
1493
1512
1609
4628
4631
4632
4994
4995
4996
1494
1513
1610
4635
4638
4639
4997
4998
4999
1495
1514
1611
4642
4645
4646
5000
5001
5002
1496
1515
1612
4649
4652
4653
5003
5004
5005
1497
1516
1613
4656
4659
4660
5006
5007
5008
1498
1517
1614
4663
4666
4667
5009
5010
5011
1499
1518
1615
4558
4560
4562
4670
4673
4674
5012
5013
5014
4557
4558
4560
4488
4557
4564
4565
4567
4495
4564
4571
4572
4574
4502
4571
4578
4579
4581
4509
4578
4585
4586
4588
4086
4516
4585
4589
4590
4093
4520
4589
4119
4526
4592
4593
4594
4530
4593
4596
4597
4537
4596
4600
4601
4603
4544
4600
4607
4608
4610
4551
4607
4614
4615
4617
4614
4621
4622
4624
4621
4628
4629
4631
4628
4635
4636
4638
4635
4642
4643
4645
4642
4649
4650
4652
4649
4656
4657
4659
4656
4663
4664
4666
4663
4670
4671
4673
4558
4670
4677
4678
4680
4565
4677
4684
4685
4687
4572
4684
4691
4692
4694
4579
4691
4698
4699
4701
4126
4586
4698
4702
4703
4133
4590
4702
4160
4597
4705
4601
4705
4707
4708
4608
4707
4710
4711
4713
4615
4710
4715
4716
4718
4622
4715
4722
4723
4725
4629
4722
4729
4730
4732
4636
4729
4736
4737
4739
4643
4736
4743
4744
4746
4650
4743
4750
4751
4753
4657
4750
4757
4758
4760
4664
4757
4764
4765
4767
4671
4764
4771
4772
4774
4678
4771
4778
4779
4781
4685
4778
4785
4786
4788
4692
4785
4790
4791
4167
4699
4790
4793
4794
4204
4711
4795
4796
4211
4716
4796
4797
4798
4723
4797
4800
4801
4730
4800
4803
4804
4806
4737
4803
4808
4809
4811
4744
4808
4813
4814
4816
4751
4813
4818
4819
4821
4758
4818
4823
4824
4826
4765
4823
4828
4829
4831
4772
4828
4833
4834
4218
4779
4833
4836
4837
4225
4786
4836
4839
4232
4791
4839
4270
4804
4840
4841
4277
4809
4841
4842
4284
4814
4842
4843
4291
4819
4843
4844
4298
4824
4844
4845
4305
4829
4845
4846
4312
4834
4846
1737
1738
1737
1740
1741
1740
1743
1744
1743
1746
1747
1746
1751
1752
1754
1751
1758
1759
1761
1758
1765
1766
1768
1765
1772
1773
1775
1772
1779
1780
1782
1779
1786
1787
1789
1786
1793
1794
1796
1793
1800
1801
1803
1800
1807
1808
1810
1807
1812
1813
1812
1815
1816
1815
1818
1819
1741
4420
4847
4849
4850
1744
4849
4852
4853
1747
4852
4855
4856
1752
4855
4859
4860
4862
1759
4859
4866
4867
4869
1766
4866
4873
4874
4876
1773
4873
4880
4881
4883
1780
4880
4887
4888
4890
1787
4887
4894
4895
4897
1794
4894
4901
4902
4904
1801
4901
4908
4909
4911
1808
4908
4915
4916
4918
1813
4915
4919
4920
1816
4427
4919
4922
4923
1819
4434
4922
4925
4476
4850
4926
4483
4853
4926
4928
4929
4856
4928
4931
4932
4860
4931
4934
4935
4867
4934
4937
4938
4940
4874
4937
4942
4943
4945
4881
4942
4949
4950
4952
4888
4949
4956
4957
4959
4895
4956
4963
4964
4966
4902
4963
4970
4971
4973
4909
4970
4975
4976
4916
4975
4978
4979
4490
4920
4978
4981
4982
4497
4923
4981
4984
4985
4546
4929
4986
4553
4932
4986
4988
4989
4935
4988
4991
4992
4938
4991
4994
4995
4943
4994
4997
4998
4950
4997
5000
5001
4957
5000
5003
5004
4964
5003
5006
5007
4971
5006
5009
5010
4976
5009
5012
5013
4560
4979
5012
5015
5016
4567
4982
5015
5018
5019
4624
4992
5020
5021
4631
4995
5021
5023
5024
4638
4998
5023
5026
5027
4645
5001
5026
5029
5030
4652
5004
5029
5032
5033
4659
5007
5032
5035
5036
4666
5010
5035
5038
5039
4673
5013
5038
5041
5042
4680
5016
5041
4753
5033
5043
1629
1630
1631
1632
1631
1634
1821
1633
1634
1635
1636
1635
1823
1638
1824
1637
1638
1639
1642
1639
1827
1644
1828
1641
1643
1645
1647
1831
1643
1644
1645
1649
1645
1832
1651
1833
1648
1650
1648
1651
1652
1654
1836
1650
1651
1652
1656
1652
1839
1658
1840
1655
1657
1655
1658
1659
1661
1843
1657
1658
1659
1663
1659
1846
1665
1847
1662
1664
1662
1665
1666
1668
1850
1664
1665
1666
1670
1666
1853
1672
1854
1669
1671
1669
1672
1673
1675
1857
1671
1672
1673
1677
1673
1860
1679
1861
1676
1678
1676
1679
1680
1682
1864
1678
1679
1680
1684
1680
1867
1686
1868
1683
1685
1683
1686
1687
1689
1871
1685
1686
1687
1691
1687
1874
1693
1875
1690
1692
1690
1693
1694
1696
1878
1692
1693
1694
1698
1694
1881
1700
1882
1697
1699
1697
1700
1701
1702
1885
1699
1700
1701
1703
1701
1888
1705
1889
1705
1704
1705
1706
1707
1706
1892
1709
1893
1708
1709
1710
1711
1710
1896
1713
1897
1712
1713
1714
1715
1714
1900
1717
1901
1716
1717
1718
1718
1904
1720
1721
2996
1723
2998
3009
1723
1725
1723
1726
1727
3271
1725
1726
1727
1728
1727
1729
3273
1730
3274
1730
1732
1730
1733
1734
3497
1732
1733
1734
1735
1734
1736
3499
1736
3713
3727
1739
1739
1741
4847
1742
1742
1744
4849
1745
1745
1747
4852
1748
1749
1748
1750
1752
4855
1750
1754
1756
4858
1753
1755
1753
1756
1757
1759
4859
1755
1756
1757
1761
1757
4862
1763
4863
1760
1762
1760
1763
1764
1766
4866
1762
1763
1764
1768
1764
4869
1770
4870
1767
1769
1767
1770
1771
1773
4873
1769
1770
1771
1775
1771
4876
1777
4877
1774
1776
1774
1777
1778
1780
4880
1776
1777
1778
1782
1778
4883
1784
4884
1781
1783
1781
1784
1785
1787
4887
1783
1784
1785
1789
1785
4890
1791
4891
1788
1790
1788
1791
1792
1794
4894
1790
1791
1792
1796
1792
4897
1798
4898
1795
1797
1795
1798
1799
1801
4901
1797
1798
1799
1803
1799
4904
1805
4905
1802
1804
1802
1805
1806
1808
4908
1804
1805
1806
1810
1806
4911
1811
4912
1809
1809
1811
1813
4915
1811
4918
1814
1814
1816
4919
1817
1817
1819
4922
1820
1820
1822
1823
2111
1825
2113
1824
1825
1826
1827
2118
1826
1906
2119
1829
1907
2120
1828
1829
1830
1832
1830
1909
1834
1910
1833
1833
1834
1835
1839
1835
1913
1841
1914
1838
1840
1838
1841
1842
1844
1840
1841
1842
1846
1842
1917
1848
1918
1845
1847
1845
1848
1849
1851
1921
1847
1848
1849
1853
1849
1922
1855
1923
1852
1854
1852
1855
1856
1858
1926
1854
1855
1856
1860
1856
1929
1862
1930
1859
1861
1859
1862
1863
1865
1933
1861
1862
1863
1867
1863
1936
1869
1937
1866
1868
1866
1869
1870
1872
1940
1868
1869
1870
1874
1870
1943
1876
1944
1873
1875
1873
1876
1877
1879
1947
1875
1876
1877
1881
1877
1950
1883
1951
1880
1882
1880
1883
1884
1886
1954
1882
1883
1884
1888
1884
1955
1890
1956
1887
1889
1887
1890
1891
1889
1890
1891
1892
1891
1959
1894
1960
1893
1894
1895
1896
1895
1963
1898
1964
1897
1898
1899
1900
1899
1967
1902
1968
1901
1902
1903
1904
2125
1903
1971
2126
1905
1972
2127
1905
2133
1907
1908
1909
2177
1911
2179
1910
1911
1912
1913
2184
1912
1974
2185
1915
1975
2186
1914
1915
1916
1917
1916
1977
1919
1978
1918
1919
1920
1922
1920
1981
1924
1982
1923
1923
1924
1925
1929
1925
1985
1931
1986
1928
1930
1928
1931
1932
1934
1930
1931
1932
1936
1932
1989
1938
1990
1935
1937
1935
1938
1939
1941
1937
1938
1939
1943
1939
1993
1945
1994
1942
1944
1942
1945
1946
1948
1944
1945
1946
1950
1946
1997
1952
1998
1949
1951
1949
1952
1953
1951
1952
1953
1955
1953
2001
1957
2002
1956
1956
1957
1958
1959
1958
2005
1961
2006
1960
1961
1962
1963
1962
2009
1965
2010
1964
1965
1966
1967
1966
2013
1969
2014
1968
1969
1970
1971
2191
1970
2017
2192
1973
2018
2193
1972
1973
2198
2199
1975
1976
1977
2250
1979
2252
1978
1979
1980
1981
2257
1980
2258
1983
2020
2259
1982
1983
1984
1985
1984
2021
1987
2022
1986
1987
1988
1989
1988
2024
1991
2025
1990
1991
1992
1993
1992
2028
1995
2029
1994
1995
1996
1997
1996
2032
1999
2033
1998
1999
2000
2001
2000
2036
2003
2037
2002
2003
2004
2005
2004
2040
2007
2041
2006
2007
2008
2009
2008
2044
2011
2045
2010
2011
2012
2013
2012
2048
2015
2049
2014
2015
2016
2017
2264
2016
2051
2265
2019
2266
2018
2019
2271
2272
2021
2325
2022
2023
2024
2332
2026
2334
2025
2026
2027
2028
2339
2027
2340
2030
2341
2029
2030
2031
2032
2346
2031
2347
2034
2348
2033
2034
2035
2036
2353
2035
2354
2038
2052
2355
2037
2038
2039
2040
2360
2039
2053
2361
2042
2362
2041
2042
2043
2044
2367
2043
2368
2046
2369
2045
2046
2047
2048
2374
2047
2375
2050
2376
2049
2050
2051
2381
2382
2053
2458
2055
2056
2586
2058
2588
2057
2058
2059
2063
2059
2094
2065
2095
2062
2064
2062
2065
2066
2068
2098
2064
2065
2066
2070
2066
2100
2072
2101
2069
2071
2069
2072
2073
2104
2071
2072
2073
2073
2107
2108
2076
2078
2076
2079
2080
2082
2139
2078
2079
2080
2084
2080
2142
2086
2143
2083
2085
2083
2086
2087
2085
2086
2087
2088
2087
2147
2090
2148
2089
2090
2091
2092
2091
2151
2093
2152
2093
2594
2095
2096
2097
2100
2620
2097
2155
2621
2102
2156
2622
2099
2101
2103
2105
2158
2101
2102
2103
2107
2103
2159
2109
2160
2106
2108
2106
2109
2110
2112
2163
2108
2109
2110
2114
2110
2166
2116
2167
2113
2115
2113
2116
2117
2119
2170
2115
2116
2117
2121
2117
2173
2123
2174
2120
2122
2120
2123
2124
2177
2122
2123
2124
2124
2180
2181
2127
2129
2127
2130
2131
2133
2198
2129
2130
2131
2135
2131
2201
2137
2202
2134
2136
2134
2137
2138
2140
2205
2136
2137
2138
2142
2138
2208
2144
2209
2141
2143
2141
2144
2145
2146
2212
2143
2144
2145
2147
2145
2215
2149
2216
2149
2148
2149
2150
2151
2150
2219
2153
2220
2152
2153
2154
2627
2154
2223
2628
2224
2629
2156
2157
2159
2656
2161
2226
2658
2160
2160
2161
2162
2166
2162
2227
2168
2228
2165
2167
2165
2168
2169
2171
2231
2167
2168
2169
2173
2169
2232
2175
2233
2172
2174
2172
2175
2176
2178
2236
2174
2175
2176
2180
2176
2239
2182
2240
2179
2181
2179
2182
2183
2185
2243
2181
2182
2183
2187
2183
2246
2189
2247
2186
2188
2186
2189
2190
2250
2188
2189
2190
2190
2253
2254
2193
2195
2193
2196
2197
2199
2271
2195
2196
2197
2201
2197
2274
2203
2275
2200
2202
2200
2203
2204
2206
2278
2202
2203
2204
2208
2204
2281
2210
2282
2207
2209
2207
2210
2211
2213
2285
2209
2210
2211
2215
2211
2288
2217
2289
2214
2216
2214
2217
2218
2216
2217
2218
2219
2218
2292
2221
2293
2220
2221
2222
2223
2222
2296
2225
2297
2224
2225
2663
2300
2664
2227
2686
2228
2229
2230
2232
2693
2230
2694
2234
2301
2695
2233
2233
2234
2235
2239
2235
2302
2241
2303
2238
2240
2238
2241
2242
2244
2306
2240
2241
2242
2246
2242
2307
2248
2308
2245
2247
2245
2248
2249
2251
2311
2247
2248
2249
2253
2249
2314
2255
2315
2252
2254
2252
2255
2256
2258
2318
2254
2255
2256
2260
2256
2321
2262
2322
2259
2261
2259
2262
2263
2325
2261
2262
2263
2263
2328
2329
2266
2268
2266
2269
2270
2272
2388
2268
2269
2270
2274
2270
2391
2276
2392
2273
2275
2273
2276
2277
2279
2395
2275
2276
2277
2281
2277
2398
2283
2399
2280
2282
2280
2283
2284
2286
2402
2282
2283
2284
2288
2284
2405
2290
2406
2287
2289
2287
2290
2291
2289
2290
2291
2292
2291
2409
2294
2410
2293
2294
2295
2296
2295
2413
2298
2414
2297
2298
2299
2300
2700
2299
2417
2701
2702
2302
2728
2303
2304
2305
2307
2735
2305
2736
2309
2737
2308
2308
2309
2310
2314
2310
2418
2316
2419
2313
2315
2313
2316
2317
2319
2315
2316
2317
2321
2317
2421
2323
2422
2320
2322
2320
2323
2324
2326
2425
2322
2323
2324
2328
2324
2426
2330
2427
2327
2329
2327
2330
2331
2333
2430
2329
2330
2331
2335
2331
2433
2337
2434
2334
2336
2334
2337
2338
2340
2437
2336
2337
2338
2342
2338
2440
2344
2441
2341
2343
2341
2344
2345
2347
2444
2343
2344
2345
2349
2345
2447
2351
2448
2348
2350
2348
2351
2352
2354
2451
2350
2351
2352
2356
2352
2454
2358
2455
2355
2357
2355
2358
2359
2361
2458
2357
2358
2359
2363
2359
2461
2365
2462
2362
2364
2362
2365
2366
2368
2465
2364
2365
2366
2370
2366
2468
2372
2469
2369
2371
2369
2372
2373
2375
2472
2371
2372
2373
2377
2373
2475
2379
2476
2376
2378
2376
2379
2380
2382
2479
2378
2379
2380
2384
2380
2482
2386
2483
2383
2385
2383
2386
2387
2389
2486
2385
2386
2387
2391
2387
2489
2393
2490
2390
2392
2390
2393
2394
2396
2493
2392
2393
2394
2398
2394
2496
2400
2497
2397
2399
2397
2400
2401
2403
2500
2399
2400
2401
2405
2401
2501
2407
2502
2404
2406
2404
2407
2408
2406
2407
2408
2409
2408
2505
2411
2506
2410
2411
2412
2413
2412
2509
2415
2510
2414
2415
2416
2417
2742
2416
2743
2744
2419
2420
2421
2779
2423
2781
2422
2423
2424
2426
2424
2428
2512
2427
2427
2428
2429
2433
2429
2513
2435
2514
2432
2434
2432
2435
2436
2438
2434
2435
2436
2440
2436
2515
2442
2516
2439
2441
2439
2442
2443
2445
2441
2442
2443
2447
2443
2519
2449
2520
2446
2448
2446
2449
2450
2452
2523
2448
2449
2450
2454
2450
2524
2456
2525
2453
2455
2453
2456
2457
2459
2528
2455
2456
2457
2461
2457
2529
2463
2530
2460
2462
2460
2463
2464
2466
2533
2462
2463
2464
2468
2464
2534
2470
2535
2467
2469
2467
2470
2471
2473
2538
2469
2470
2471
2475
2471
2539
2477
2540
2474
2476
2474
2477
2478
2480
2543
2476
2477
2478
2482
2478
2544
2484
2545
2481
2483
2481
2484
2485
2487
2548
2483
2484
2485
2489
2485
2549
2491
2550
2488
2490
2488
2491
2492
2494
2490
2491
2492
2496
2492
2553
2498
2554
2495
2497
2495
2498
2499
2497
2498
2499
2501
2499
2557
2503
2558
2502
2502
2503
2504
2505
2504
2561
2507
2562
2506
2507
2508
2509
2508
2563
2511
2510
2511
2786
2787
2513
2818
2514
2515
2825
2516
2517
2518
2519
2832
2518
2833
2521
2834
2520
2521
2522
2524
2522
2526
2564
2525
2525
2526
2527
2529
2527
2565
2531
2566
2530
2530
2531
2532
2534
2532
2567
2536
2568
2535
2535
2536
2537
2539
2537
2569
2541
2570
2540
2540
2541
2542
2544
2542
2571
2546
2572
2545
2545
2546
2547
2549
2547
2573
2551
2574
2550
2550
2551
2552
2553
2552
2575
2555
2576
2554
2555
2556
2557
2556
2577
2559
2558
2559
2560
2561
2839
2560
2840
2841
2562
2563
2846
2565
2887
2566
2567
2894
2568
2569
2901
2570
2571
2908
2572
2573
2915
2574
2575
2922
2576
2577
2929
2579
2582
2993
2584
2607
2995
2581
2583
2585
2587
2608
2583
2584
2585
2589
2585
2609
2591
2610
2588
2590
2588
2591
2592
2613
2590
2591
2592
2592
2616
2617
2595
2597
2595
2598
2599
2600
2634
2597
2598
2599
2601
2599
2637
2603
2638
2603
2602
2603
2604
2605
2604
2641
2606
2642
2606
2645
3001
2609
3011
2610
2610
2611
2612
2616
2612
2646
2618
2647
2615
2617
2615
2618
2619
2621
2649
2617
2618
2619
2623
2619
2652
2625
2653
2622
2624
2622
2625
2626
2656
2624
2625
2626
2626
2659
2660
2629
2631
2629
2632
2633
2635
2663
2631
2632
2633
2637
2633
2666
2639
2667
2636
2638
2636
2639
2640
2670
2638
2639
2640
2641
2640
2673
2643
2674
2642
2643
2644
2645
2644
2677
2678
2647
2648
2652
3033
2654
2680
3035
2651
2653
2651
2654
2655
2657
2681
2653
2654
2655
2659
2655
2682
2661
2683
2658
2660
2658
2661
2662
2686
2660
2661
2662
2662
2689
2690
2665
2667
2665
2668
2669
2671
2707
2667
2668
2669
2673
2669
2710
2675
2711
2672
2674
2672
2675
2676
2674
2675
2676
2677
2676
2714
2679
2715
2678
2679
3040
2718
3041
2682
3054
2683
2683
2684
2685
2689
2685
2719
2691
2720
2688
2690
2688
2691
2692
2694
2722
2690
2691
2692
2696
2692
2724
2698
2725
2695
2697
2695
2698
2699
2728
2697
2698
2699
2699
2731
2732
2702
2704
2702
2705
2706
2708
2749
2704
2705
2706
2710
2706
2752
2712
2753
2709
2711
2709
2712
2713
2756
2711
2712
2713
2714
2713
2758
2716
2759
2715
2716
2717
2718
2717
2762
2763
2720
2721
2724
3074
2726
3076
2723
2725
2727
2729
2725
2726
2727
2731
2727
2765
2733
2766
2730
2732
2730
2733
2734
2736
2767
2732
2733
2734
2738
2734
2768
2740
2769
2737
2739
2737
2740
2741
2772
2739
2740
2741
2741
2775
2776
2744
2746
2744
2747
2748
2750
2793
2746
2747
2748
2752
2748
2796
2754
2797
2751
2753
2751
2754
2755
2757
2753
2754
2755
2758
2755
2800
2760
2801
2759
2760
2759
2760
2761
2762
2761
2804
2764
2805
2763
2764
3081
3082
2766
2768
3095
2769
2769
2770
2771
2775
2771
2777
2806
2774
2776
2774
2777
2778
2780
2807
2776
2777
2778
2782
2778
2808
2784
2809
2781
2783
2781
2784
2785
2812
2783
2784
2785
2785
2814
2815
2788
2790
2788
2791
2792
2794
2860
2790
2791
2792
2796
2792
2862
2798
2863
2795
2797
2795
2798
2799
2797
2798
2799
2800
2799
2866
2802
2867
2801
2802
2803
2804
2803
2870
2805
3102
2808
3116
2809
2809
2810
2811
2814
2811
2816
2813
2815
2817
2819
2815
2816
2817
2821
2817
2871
2823
2872
2820
2822
2820
2823
2824
2826
2822
2823
2824
2828
2824
2873
2830
2874
2827
2829
2827
2830
2831
2833
2876
2829
2830
2831
2835
2831
2877
2837
2878
2834
2836
2834
2837
2838
2881
2836
2837
2838
2838
2883
2884
2841
2843
2841
2844
2845
2847
2943
2843
2844
2845
2849
2845
2945
2851
2946
2848
2850
2848
2851
2852
2854
2949
2850
2851
2852
2856
2852
2950
2858
2951
2855
2857
2855
2858
2859
2861
2857
2858
2859
2862
2859
2954
2864
2955
2863
2864
2863
2864
2865
2866
2865
2957
2868
2958
2867
2868
2869
2870
2869
2872
2873
3136
2874
2875
2877
3143
2879
3145
2878
2878
2879
2880
2883
2880
2885
2882
2884
2886
2888
2884
2885
2886
2890
2886
2959
2892
2960
2889
2891
2889
2892
2893
2895
2891
2892
2893
2897
2893
2961
2899
2962
2896
2898
2896
2899
2900
2902
2898
2899
2900
2904
2900
2963
2906
2964
2903
2905
2903
2906
2907
2909
2966
2905
2906
2907
2911
2907
2967
2913
2968
2910
2912
2910
2913
2914
2916
2971
2912
2913
2914
2918
2914
2972
2920
2973
2917
2919
2917
2920
2921
2923
2976
2919
2920
2921
2925
2921
2977
2927
2978
2924
2926
2924
2927
2928
2930
2981
2926
2927
2928
2932
2928
2982
2934
2983
2931
2933
2931
2934
2935
2937
2933
2934
2935
2939
2935
2986
2941
2987
2938
2940
2938
2941
2942
2944
2940
2941
2942
2945
2942
2989
2947
2990
2946
2947
2946
2947
2948
2950
2948
2991
2952
2992
2951
2951
2952
2953
2954
2953
2956
2955
2956
2957
3150
3151
2958
3157
2960
2961
3178
2962
2963
3185
2964
2965
2967
3192
2969
3194
2968
2968
2969
2970
2972
3199
2970
3200
2974
3201
2973
2973
2974
2975
2977
2975
2979
2978
2978
2979
2980
2982
2980
2984
2983
2983
2984
2985
2986
3206
2985
3207
2988
3208
2987
2988
2989
3213
3214
2990
2991
3220
2992
3227
2995
2997
2995
2998
2999
3011
2997
2998
2999
2999
3014
3015
3002
3004
3002
3005
3006
3018
3004
3005
3006
3007
3006
3021
3008
3022
3008
3025
3265
3010
3014
3271
3016
3272
3013
3015
3013
3016
3017
3027
3015
3016
3017
3017
3029
3030
3020
3022
3020
3023
3024
3022
3023
3024
3025
3024
3048
3026
3049
3026
3276
3028
3030
3032
3034
3030
3031
3032
3036
3283
3032
3284
3038
3052
3285
3035
3037
3035
3038
3039
3054
3037
3038
3039
3039
3057
3058
3042
3044
3042
3045
3046
3047
3061
3044
3045
3046
3048
3046
3064
3050
3065
3050
3049
3050
3051
3290
3051
3068
3291
3292
3053
3057
3299
3059
3300
3056
3058
3056
3059
3060
3070
3058
3059
3060
3060
3071
3072
3063
3065
3063
3066
3067
3065
3066
3067
3068
3067
3088
3069
3089
3069
3306
3072
3072
3073
3077
3313
3079
3315
3076
3078
3076
3079
3080
3091
3078
3079
3080
3080
3092
3093
3083
3085
3083
3086
3087
3085
3086
3087
3088
3087
3109
3090
3110
3089
3090
3320
3321
3093
3093
3094
3098
3330
3100
3332
3097
3099
3097
3100
3101
3112
3099
3100
3101
3101
3113
3114
3104
3106
3104
3107
3108
3106
3107
3108
3109
3108
3128
3111
3129
3110
3111
3337
3338
3114
3114
3115
3118
3347
3120
3349
3117
3119
3121
3119
3120
3121
3121
3131
3125
3126
3125
3126
3127
3128
3127
3168
3130
3129
3130
3354
3355
3133
3363
3134
3134
3135
3139
3367
3141
3369
3138
3140
3138
3141
3142
3144
3140
3141
3142
3146
3142
3148
3169
3145
3147
3145
3148
3149
3170
3147
3148
3149
3149
3171
3172
3152
3154
3152
3155
3156
3158
3154
3155
3156
3160
3156
3239
3162
3240
3159
3161
3159
3162
3163
3161
3162
3163
3165
3163
3241
3167
3166
3166
3167
3168
3374
3375
3171
3387
3172
3172
3174
3390
3175
3175
3176
3177
3181
3397
3177
3398
3183
3399
3180
3182
3180
3183
3184
3186
3182
3183
3184
3188
3404
3184
3405
3190
3242
3406
3187
3189
3187
3190
3191
3193
3189
3190
3191
3195
3191
3243
3197
3244
3194
3196
3194
3197
3198
3200
3196
3197
3198
3202
3198
3245
3204
3246
3201
3203
3201
3204
3205
3247
3203
3204
3205
3205
3248
3249
3208
3210
3208
3211
3212
3214
3256
3210
3211
3212
3216
3212
3257
3218
3258
3215
3217
3215
3218
3219
3221
3217
3218
3219
3223
3219
3259
3225
3260
3222
3224
3222
3225
3226
3228
3224
3225
3226
3230
3226
3261
3232
3262
3229
3231
3229
3232
3233
3231
3232
3233
3235
3411
3233
3263
3412
3237
3413
3236
3236
3237
3238
3239
3418
3238
3419
3420
3240
3241
3425
3243
3437
3244
3245
3440
3246
3248
3443
3249
3249
3251
3449
3252
3252
3254
3456
3255
3255
3257
3463
3258
3258
3259
3470
3260
3261
3477
3262
3263
3483
3266
3268
3266
3269
3270
3268
3269
3270
3490
3270
3277
3491
3278
3492
3272
3274
3275
3280
3274
3275
3497
3281
3498
3279
3278
3279
3501
3297
3502
3281
3282
3286
3505
3288
3506
3285
3287
3285
3288
3289
3299
3287
3288
3289
3508
3289
3301
3509
3302
3510
3292
3294
3292
3295
3296
3305
3294
3295
3296
3297
3515
3296
3307
3516
3298
3308
3517
3298
3522
3300
3302
3304
3311
3302
3303
3304
3524
3304
3525
3312
3526
3308
3309
3308
3309
3310
3530
3310
3327
3531
3532
3312
3316
3536
3315
3317
3315
3318
3319
3328
3317
3318
3319
3538
3319
3539
3329
3540
3322
3324
3322
3325
3326
3324
3325
3326
3327
3545
3326
3344
3546
3547
3329
3333
3553
3332
3334
3332
3335
3336
3345
3334
3335
3336
3555
3336
3556
3346
3557
3339
3341
3339
3342
3343
3341
3342
3343
3344
3562
3343
3361
3563
3564
3346
3350
3570
3349
3351
3349
3352
3353
3351
3352
3353
3572
3353
3573
3362
3574
3356
3358
3356
3359
3360
3358
3359
3360
3361
3579
3360
3385
3580
3581
3364
3587
3365
3365
3366
3370
3588
3372
3589
3369
3371
3369
3372
3373
3371
3372
3373
3592
3373
3593
3386
3594
3376
3378
3376
3379
3380
3378
3379
3380
3382
3599
3380
3435
3600
3384
3601
3383
3383
3384
3385
3606
3607
3388
3610
3389
3389
3393
3611
3392
3394
3392
3395
3396
3398
3394
3395
3396
3400
3614
3396
3615
3402
3616
3399
3401
3399
3402
3403
3405
3401
3402
3403
3407
3621
3403
3622
3409
3436
3623
3406
3408
3406
3409
3410
3437
3408
3409
3410
3628
3410
3438
3629
3439
3630
3413
3415
3413
3416
3417
3419
3486
3415
3416
3417
3421
3635
3417
3487
3636
3423
3488
3637
3420
3422
3420
3423
3424
3426
3422
3423
3424
3428
3642
3424
3489
3643
3430
3644
3427
3429
3427
3430
3431
3429
3430
3431
3433
3649
3431
3650
3651
3434
3434
3435
3656
3438
3659
3439
3439
3441
3660
3442
3442
3445
3663
3444
3446
3448
3450
3446
3447
3448
3452
3666
3448
3667
3454
3668
3451
3453
3451
3454
3455
3457
3453
3454
3455
3459
3672
3455
3673
3461
3674
3458
3460
3458
3461
3462
3464
3460
3461
3462
3466
3679
3462
3680
3468
3681
3465
3467
3465
3468
3469
3471
3467
3468
3469
3473
3686
3469
3687
3475
3688
3472
3474
3472
3475
3476
3478
3474
3475
3476
3479
3693
3476
3694
3481
3695
3480
3481
3480
3481
3482
3484
3700
3482
3701
3702
3485
3485
3487
3706
3488
3488
3489
3709
3492
3494
3492
3495
3496
3501
3494
3495
3496
3496
3503
3726
3498
3499
3500
3505
3500
3727
3507
3728
3504
3504
3523
3743
3506
3507
3509
3511
3510
3512
3510
3513
3514
3524
3512
3513
3514
3744
3514
3527
3745
3528
3746
3517
3519
3517
3520
3521
3522
3530
3519
3520
3521
3523
3763
3521
3533
3764
3534
3765
3526
3528
3526
3529
3536
3528
3529
3768
3537
3769
3532
3534
3532
3535
3534
3535
3552
3784
3537
3541
3540
3542
3540
3543
3544
3553
3542
3543
3544
3785
3544
3554
3786
3547
3549
3547
3550
3551
3549
3550
3551
3552
3802
3551
3569
3803
3554
3558
3557
3559
3557
3560
3561
3570
3559
3560
3561
3805
3561
3571
3806
3564
3566
3564
3567
3568
3566
3567
3568
3569
3822
3568
3586
3823
3571
3575
3574
3576
3574
3577
3578
3587
3576
3577
3578
3825
3578
3826
3581
3583
3581
3584
3585
3583
3584
3585
3586
3840
3585
3841
3589
3591
3593
3591
3595
3843
3594
3596
3594
3597
3598
3610
3596
3597
3598
3844
3598
3845
3601
3603
3601
3604
3605
3607
3603
3604
3605
3608
3876
3605
3877
3609
3609
3613
3613
3617
3880
3616
3618
3616
3619
3620
3622
3618
3619
3620
3624
3881
3620
3626
3623
3625
3623
3626
3627
3629
3659
3625
3626
3627
3631
3883
3627
3884
3633
3885
3630
3632
3630
3633
3634
3660
3632
3633
3634
3888
3634
3661
3889
3662
3890
3637
3639
3637
3640
3641
3643
3709
3639
3640
3641
3645
3937
3641
3710
3938
3647
3711
3939
3644
3646
3644
3647
3648
3650
3646
3647
3648
3652
3944
3648
3945
3654
3946
3651
3653
3651
3654
3655
3653
3654
3655
3657
3949
3655
3658
3658
3662
3662
3664
3951
3665
3665
3669
3952
3668
3670
3668
3671
3673
3670
3671
3675
3953
3677
3674
3676
3674
3677
3678
3680
3676
3677
3678
3682
3954
3678
3684
3681
3683
3681
3684
3685
3687
3683
3684
3685
3689
3957
3685
3691
3688
3690
3688
3691
3692
3694
3690
3691
3692
3696
3960
3692
3698
3695
3697
3695
3698
3699
3701
3697
3698
3699
3703
3963
3699
3705
3702
3704
3702
3705
3704
3705
3707
3966
3708
3708
3710
3967
3711
3711
3714
3716
3714
3717
3718
3729
3716
3717
3718
3968
3718
3732
3733
3969
3721
3723
3721
3724
3725
3726
3736
3723
3724
3725
3725
3739
3994
3740
3728
3730
3731
3733
3731
3734
3735
3744
3733
3734
3735
3995
3735
3747
3738
3740
3738
3741
3742
3743
3763
3740
3741
3742
3742
3766
3746
3747
3746
3748
3750
3768
3748
3752
3754
3751
3753
3751
3754
3755
3770
3753
3754
3755
4032
3755
3773
3774
4033
3758
3760
3758
3761
3762
3764
3777
3760
3761
3762
3766
4062
3762
3780
4063
3767
3781
3765
3765
3767
3767
3769
3771
3772
3774
3772
3775
3776
3785
3774
3775
3776
4064
3776
3787
3779
3781
3779
3782
3783
3784
3802
3781
3782
3783
3783
3804
3786
3787
3789
3791
3790
3792
3790
3793
3794
3805
3792
3793
3794
4101
3794
3807
4102
3797
3799
3797
3800
3801
3803
3822
3799
3800
3801
3804
4143
3801
3824
4144
3806
3807
3809
3811
3810
3812
3810
3813
3814
3825
3812
3813
3814
4145
3814
3827
3817
3819
3817
3820
3821
3823
3840
3819
3820
3821
3824
4182
3821
3842
3826
3827
3829
3831
3830
3832
3830
3833
3843
3832
3833
4183
3836
3838
3836
3839
3841
3838
3839
3842
3845
3847
3849
3847
3851
3850
3852
3850
3853
3854
3856
3880
3852
3853
3854
3858
4246
3854
3860
3857
3859
3857
3860
3861
3881
3859
3860
3861
4247
3861
3882
4248
3864
3866
3864
3867
3868
3870
3949
3866
3867
3868
3872
4327
3868
3950
4328
3874
3871
3873
3871
3874
3875
3877
3873
3874
3875
3878
4329
3875
3879
3879
3882
3886
3885
3887
3885
3889
3887
3891
3890
3892
3890
3893
3894
3896
3951
3892
3893
3894
3898
4330
3894
3900
3897
3899
3897
3900
3901
3903
3952
3899
3900
3901
3905
4331
3901
3907
3904
3906
3904
3907
3908
3910
3953
3906
3907
3908
3912
4332
3908
3914
4333
3911
3913
3911
3914
3915
3954
3913
3914
3915
4334
3915
3955
4335
3956
4336
3918
3920
3918
3921
3922
3924
3963
3920
3921
3922
3926
4349
3922
3964
4350
3928
3965
4351
3925
3927
3925
3928
3929
3931
3966
3927
3928
3929
3933
4354
3929
4355
3935
3932
3934
3932
3935
3936
3938
3967
3934
3935
3936
3940
4356
3936
3942
3939
3941
3939
3942
3943
3945
3941
3942
3943
3947
4357
3943
3946
3948
3946
3948
3950
3956
3956
3958
3959
3959
3961
3962
3962
3964
3965
3965
3969
3971
3995
3972
3973
3972
3974
3976
3996
3974
3978
3980
3999
3977
3979
3977
3980
3981
4000
3979
3980
3981
4358
3981
4003
4004
4359
3984
3986
3984
3987
3988
3990
4021
3986
3987
3988
3992
3988
4024
4394
3993
4025
3991
3991
3993
3994
4028
3993
4031
3998
3999
3998
4001
4032
4003
4002
4004
4002
4005
4006
4008
4034
4004
4005
4006
4010
4006
4037
4012
4038
4009
4011
4009
4012
4013
4041
4011
4012
4013
4395
4013
4044
4396
4045
4397
4016
4018
4016
4019
4020
4022
4048
4018
4019
4020
4024
4450
4020
4051
4451
4026
4052
4452
4023
4025
4023
4026
4027
4029
4055
4025
4026
4027
4031
4027
4058
4059
4030
4030
4062
4033
4035
4064
4036
4038
4036
4039
4040
4042
4065
4038
4039
4040
4044
4040
4046
4068
4043
4045
4043
4046
4047
4069
4045
4046
4047
4453
4047
4072
4073
4454
4050
4052
4050
4053
4054
4056
4090
4052
4053
4054
4058
4519
4054
4093
4520
4060
4094
4057
4059
4057
4060
4061
4063
4097
4059
4060
4061
4061
4100
4067
4068
4067
4070
4101
4072
4071
4073
4071
4074
4075
4077
4103
4073
4074
4075
4079
4521
4075
4106
4081
4107
4078
4080
4078
4081
4082
4109
4080
4081
4082
4522
4082
4112
4523
4113
4524
4085
4087
4085
4088
4089
4091
4130
4087
4088
4089
4093
4589
4089
4133
4590
4095
4134
4591
4092
4094
4092
4095
4096
4098
4137
4094
4095
4096
4100
4096
4140
4141
4099
4099
4143
4102
4104
4105
4107
4105
4108
4110
4145
4107
4108
4112
4114
4111
4113
4111
4114
4115
4117
4146
4113
4114
4115
4119
4592
4115
4121
4149
4118
4120
4118
4121
4122
4150
4120
4121
4122
4593
4122
4153
4594
4154
4595
4125
4127
4125
4128
4129
4131
4171
4127
4128
4129
4133
4702
4129
4174
4703
4135
4175
4704
4132
4134
4132
4135
4136
4138
4178
4134
4135
4136
4140
4136
4181
4142
4139
4141
4139
4142
4144
4182
4141
4142
4148
4149
4148
4151
4183
4153
4152
4154
4152
4155
4156
4158
4184
4154
4155
4156
4160
4156
4162
4187
4159
4161
4159
4162
4163
4188
4161
4162
4163
4705
4163
4191
4192
4706
4166
4168
4166
4169
4170
4172
4236
4168
4169
4170
4174
4793
4170
4239
4794
4176
4240
4173
4175
4173
4176
4177
4179
4242
4175
4176
4177
4181
4177
4245
4180
4180
4186
4187
4186
4189
4191
4190
4192
4190
4193
4195
4246
4192
4193
4197
4199
4196
4198
4196
4199
4200
4202
4247
4198
4199
4200
4204
4795
4200
4206
4203
4205
4203
4206
4207
4209
4249
4205
4206
4207
4211
4796
4207
4252
4213
4253
4210
4212
4210
4213
4214
4254
4212
4213
4214
4797
4214
4257
4798
4258
4799
4217
4219
4217
4220
4221
4223
4316
4219
4220
4221
4225
4836
4221
4319
4837
4227
4320
4838
4224
4226
4224
4227
4228
4230
4322
4226
4227
4228
4232
4839
4228
4325
4234
4326
4231
4233
4231
4234
4235
4237
4327
4233
4234
4235
4239
4235
4241
4238
4240
4238
4241
4243
4329
4240
4241
4245
4244
4244
4248
4250
4251
4253
4251
4255
4253
4257
4256
4258
4256
4259
4261
4330
4258
4259
4263
4265
4262
4264
4262
4265
4266
4268
4331
4264
4265
4266
4270
4840
4266
4272
4269
4271
4269
4272
4273
4275
4332
4271
4272
4273
4277
4841
4273
4279
4276
4278
4276
4279
4280
4282
4334
4278
4279
4280
4284
4842
4280
4337
4286
4338
4283
4285
4283
4286
4287
4289
4339
4285
4286
4287
4291
4843
4287
4342
4293
4343
4290
4292
4290
4293
4294
4296
4344
4292
4293
4294
4298
4844
4294
4347
4300
4348
4297
4299
4297
4300
4301
4303
4349
4299
4300
4301
4305
4845
4301
4352
4307
4353
4304
4306
4304
4307
4308
4310
4354
4306
4307
4308
4312
4846
4308
4314
4311
4313
4311
4314
4315
4317
4356
4313
4314
4315
4319
4315
4321
4318
4320
4318
4321
4323
4357
4320
4321
4325
4324
4326
4324
4328
4326
4333
4335
4336
4338
4336
4340
4338
4342
4341
4343
4341
4345
4343
4347
4346
4348
4346
4350
4348
4352
4351
4353
4351
4355
4353
4359
4361
4362
4362
4364
4395
4365
4367
4365
4368
4369
4371
4398
4367
4368
4369
4373
4369
4375
4401
4372
4374
4372
4375
4376
4403
4374
4375
4376
4376
4406
4407
4379
4381
4379
4382
4383
4385
4438
4381
4382
4383
4387
4383
4441
4389
4442
4386
4388
4386
4389
4390
4392
4445
4388
4389
4390
4390
4448
4393
4393
4394
4450
4397
4397
4399
4453
4400
4401
4400
4402
4404
4455
4402
4406
4408
4458
4405
4407
4405
4408
4409
4411
4459
4407
4408
4409
4413
4409
4462
4415
4463
4412
4414
4412
4415
4416
4418
4466
4414
4415
4416
4420
4847
4416
4469
4422
4470
4848
4419
4421
4419
4422
4423
4473
4421
4422
4423
4849
4423
4476
4850
4477
4851
4426
4428
4426
4429
4430
4432
4494
4428
4429
4430
4434
4922
4430
4497
4923
4436
4498
4924
4433
4435
4433
4436
4437
4439
4501
4435
4436
4437
4441
4437
4504
4925
4443
4505
4440
4442
4440
4443
4444
4446
4508
4442
4443
4444
4448
4444
4511
4449
4512
4447
4447
4449
4451
4515
4449
4518
4452
4452
4519
4454
4456
4521
4457
4458
4457
4460
4522
4462
4461
4463
4461
4464
4465
4467
4525
4463
4464
4465
4469
4465
4471
4528
4468
4470
4468
4471
4472
4474
4529
4470
4471
4472
4476
4472
4532
4478
4533
4475
4477
4475
4478
4479
4481
4536
4477
4478
4479
4483
4926
4479
4539
4485
4540
4927
4482
4484
4482
4485
4486
4543
4484
4485
4486
4928
4486
4546
4929
4547
4930
4489
4491
4489
4492
4493
4495
4564
4491
4492
4493
4497
4981
4493
4567
4982
4499
4568
4983
4496
4498
4496
4499
4500
4502
4571
4498
4499
4500
4504
4984
4500
4574
4985
4506
4575
4503
4505
4503
4506
4507
4509
4578
4505
4506
4507
4511
4507
4581
4513
4582
4510
4512
4510
4513
4514
4516
4585
4512
4513
4514
4518
4514
4588
4517
4517
4520
4589
4524
4524
4526
4592
4527
4528
4527
4530
4593
4532
4531
4533
4531
4534
4535
4537
4596
4533
4534
4535
4539
4535
4541
4599
4538
4540
4538
4541
4542
4544
4600
4540
4541
4542
4546
4542
4603
4548
4604
4545
4547
4545
4548
4549
4551
4607
4547
4548
4549
4553
4986
4549
4610
4555
4611
4987
4552
4554
4552
4555
4556
4614
4554
4555
4556
4988
4556
4617
4989
4618
4990
4559
4561
4559
4562
4563
4565
4677
4561
4562
4563
4567
5015
4563
4680
5016
4569
4681
5017
4566
4568
4566
4569
4570
4572
4684
4568
4569
4570
4574
5018
4570
4687
5019
4576
4688
4573
4575
4573
4576
4577
4579
4691
4575
4576
4577
4581
4577
4694
4583
4695
4580
4582
4580
4583
4584
4586
4698
4582
4583
4584
4588
4584
4701
4587
4587
4590
4702
4591
4591
4595
4595
4597
4598
4599
4598
4601
4705
4603
4602
4604
4602
4605
4606
4608
4707
4604
4605
4606
4610
4606
4612
4609
4611
4609
4612
4613
4615
4710
4611
4612
4613
4617
4613
4713
4619
4714
4616
4618
4616
4619
4620
4622
4715
4618
4619
4620
4624
5020
4620
4718
4626
4719
4623
4625
4623
4626
4627
4629
4722
4625
4626
4627
4631
5021
4627
4725
4633
4726
5022
4630
4632
4630
4633
4634
4636
4729
4632
4633
4634
4638
5023
4634
4732
5024
4640
4733
5025
4637
4639
4637
4640
4641
4643
4736
4639
4640
4641
4645
5026
4641
4739
5027
4647
4740
5028
4644
4646
4644
4647
4648
4650
4743
4646
4647
4648
4652
5029
4648
4746
5030
4654
4747
5031
4651
4653
4651
4654
4655
4657
4750
4653
4654
4655
4659
5032
4655
4753
5033
4661
4754
5034
4658
4660
4658
4661
4662
4664
4757
4660
4661
4662
4666
5035
4662
4760
5036
4668
4761
5037
4665
4667
4665
4668
4669
4671
4764
4667
4668
4669
4673
5038
4669
4767
5039
4675
4768
5040
4672
4674
4672
4675
4676
4678
4771
4674
4675
4676
4680
5041
4676
4774
5042
4682
4775
4679
4681
4679
4682
4683
4685
4778
4681
4682
4683
4687
4683
4781
4689
4782
4686
4688
4686
4689
4690
4692
4785
4688
4689
4690
4694
4690
4788
4696
4789
4693
4695
4693
4696
4697
4699
4790
4695
4696
4697
4701
4697
4700
4700
4703
4793
4704
4704
4706
4708
4709
4709
4711
4795
4712
4714
4712
4716
4796
4714
4718
4717
4719
4717
4720
4721
4723
4797
4719
4720
4721
4725
4721
4727
4724
4726
4724
4727
4728
4730
4800
4726
4727
4728
4732
4728
4734
4731
4733
4731
4734
4735
4737
4803
4733
4734
4735
4739
4735
4806
4741
4807
4738
4740
4738
4741
4742
4744
4808
4740
4741
4742
4746
4742
4811
4748
4812
4745
4747
4745
4748
4749
4751
4813
4747
4748
4749
4753
5043
4749
4816
4755
4817
4752
4754
4752
4755
4756
4758
4818
4754
4755
4756
4760
4756
4821
4762
4822
4759
4761
4759
4762
4763
4765
4823
4761
4762
4763
4767
4763
4826
4769
4827
4766
4768
4766
4769
4770
4772
4828
4768
4769
4770
4774
4770
4831
4776
4832
4773
4775
4773
4776
4777
4779
4833
4775
4776
4777
4781
4777
4783
4780
4782
4780
4783
4784
4786
4836
4782
4783
4784
4788
4784
4787
4789
4787
4791
4839
4789
4792
4792
4794
4799
4799
4801
4802
4802
4804
4840
4805
4807
4805
4809
4841
4807
4811
4810
4812
4810
4814
4842
4812
4816
4815
4817
4815
4819
4843
4817
4821
4820
4822
4820
4824
4844
4822
4826
4825
4827
4825
4829
4845
4827
4831
4830
4832
4830
4834
4846
4832
4835
4835
4837
4838
4838
4848
4850
4851
4851
4853
4926
4854
4854
4856
4928
4857
4858
4857
4860
4931
4862
4861
4863
4861
4864
4865
4867
4934
4863
4864
4865
4869
4865
4871
4868
4870
4868
4871
4872
4874
4937
4870
4871
4872
4876
4872
4940
4878
4941
4875
4877
4875
4878
4879
4881
4942
4877
4878
4879
4883
4879
4945
4885
4946
4882
4884
4882
4885
4886
4888
4949
4884
4885
4886
4890
4886
4952
4892
4953
4889
4891
4889
4892
4893
4895
4956
4891
4892
4893
4897
4893
4959
4899
4960
4896
4898
4896
4899
4900
4902
4963
4898
4899
4900
4904
4900
4966
4906
4967
4903
4905
4903
4906
4907
4909
4970
4905
4906
4907
4911
4907
4973
4913
4974
4910
4912
4910
4913
4914
4916
4975
4912
4913
4914
4918
4914
4917
4917
4920
4978
4921
4921
4923
4981
4924
4924
4925
4984
4927
4929
4930
4930
4932
4986
4933
4933
4935
4988
4936
4936
4938
4991
4939
4941
4939
4943
4994
4941
4945
4944
4946
4944
4947
4948
4950
4997
4946
4947
4948
4952
4948
4954
4951
4953
4951
4954
4955
4957
5000
4953
4954
4955
4959
4955
4961
4958
4960
4958
4961
4962
4964
5003
4960
4961
4962
4966
4962
4968
4965
4967
4965
4968
4969
4971
5006
4967
4968
4969
4973
4969
4972
4974
4972
4976
5009
4974
4977
4977
4979
5012
4980
4980
4982
5015
4983
4983
4985
5018
4987
4989
4990
4990
4992
5020
4993
4993
4995
5021
4996
4996
4998
5023
4999
4999
5001
5026
5002
5002
5004
5029
5005
5005
5007
5032
5008
5008
5010
5035
5011
5011
5013
5038
5014
5014
5016
5041
5017
5017
5019
5022
5024
5025
5025
5027
5028
5028
5030
5031
5031
5033
5043
5034
5034
5036
5037
5037
5039
5040
5040
5042
)


// ************************************************************************* //
