/*--------------------------------*- C++ -*----------------------------------*\
| =========                 |                                                 |
| \\      /  F ield         | OpenFOAM: The Open Source CFD Toolbox           |
|  \\    /   O peration     | Version:  5.x                                   |
|   \\  /    A nd           | Web:      www.OpenFOAM.org                      |
|    \\/     M anipulation  |                                                 |
\*---------------------------------------------------------------------------*/
FoamFile
{
    version     2.0;
    format      ascii;
    class       regIOobject;
    location    "constant/gland/polyMesh";
    object      pointZones;
}
// * * * * * * * * * * * * * * * * * * * * * * * * * * * * * * * * * * * * * //

1
(
tumor_exttumor_intCutPointZone
{
    type pointZone;
pointLabels     List<label> 
1226
(
321608
321609
321610
321611
321612
321613
321614
321615
321616
321617
321618
321619
321620
321621
321622
321623
321624
321625
321626
321627
321628
321629
321630
321631
321632
321633
321634
321635
321636
321637
321638
321639
321640
321641
321642
321643
321644
321645
321646
321647
321648
321649
321650
321651
321652
321653
321654
321655
321656
321657
321658
321659
321660
321661
321662
321663
321664
321665
321666
321667
321668
321669
321670
321671
321672
321673
321674
321675
321676
321677
321678
321679
321680
321681
321682
321683
321684
321685
321686
321687
321688
321689
321690
321691
321692
321693
321694
321695
321696
321697
321698
321699
321700
321701
321702
321703
321704
321705
321706
321707
321708
321709
321710
321711
321712
321713
321714
321715
321716
321717
321718
321719
321720
321721
321722
321723
321724
321725
321726
321727
321728
321729
321730
321731
321732
321733
321734
321735
321736
321737
321738
321739
321740
321741
321742
321743
321744
321745
321746
321747
321748
321749
321750
321751
321752
321753
321754
321755
321756
321757
321758
321759
321760
321761
321762
321763
321764
321765
321766
321767
321768
321769
321770
321771
321772
321773
321774
321775
321776
321777
321778
321779
321780
321781
321782
321783
321784
321785
321786
321787
321788
321789
321790
321791
321792
321793
321794
321795
321796
321797
321798
321799
321800
321801
321802
321803
321804
321805
321806
321807
321808
321809
321810
321811
321812
321813
321814
321815
321816
321817
321818
321819
321820
321821
321822
321823
321824
321825
321826
321827
321828
321829
321830
321831
321832
321833
321834
321835
321836
321837
321838
321839
321840
321841
321842
321843
321844
321845
321846
321847
321848
321849
321850
321851
321852
321853
321854
321855
321856
321857
321858
321859
321860
321861
321862
321863
321864
321865
321866
321867
321868
321869
321870
321871
321872
321873
321874
321875
321876
321877
321878
321879
321880
321881
321882
321883
321884
321885
321886
321887
321888
321889
321890
321891
321892
321893
321894
321895
321896
321897
321898
321899
321900
321901
321902
321903
321904
321905
321906
321907
321908
321909
321910
321911
321912
321913
321914
321915
321916
321917
321918
321919
321920
321921
321922
321923
321924
321925
321926
321927
321928
321929
321930
321931
321932
321933
321934
321935
321936
321937
321938
321939
321940
321941
321942
321943
321944
321945
321946
321947
321948
321949
321950
321951
321952
321953
321954
321955
321956
321957
321958
321959
321960
321961
321962
321963
321964
321965
321966
321967
321968
321969
321970
321971
321972
321973
321974
321975
321976
321977
321978
321979
321980
321981
321982
321983
321984
321985
321986
321987
321988
321989
321990
321991
321992
321993
321994
321995
321996
321997
321998
321999
322000
322001
322002
322003
322004
322005
322006
322007
322008
322009
322010
322011
322012
322013
322014
322015
322016
322017
322018
322019
322020
322021
322022
322023
322024
322025
322026
322027
322028
322029
322030
322031
322032
322033
322034
322035
322036
322037
322038
322039
322040
322041
322042
322043
322044
322045
322046
322047
322048
322049
322050
322051
322052
322053
322054
322055
322056
322057
322058
322059
322060
322061
322062
322063
322064
322065
322066
322067
322068
322069
322070
322071
322072
322073
322074
322075
322076
322077
322078
322079
322080
322081
322082
322083
322084
322085
322086
322087
322088
322089
322090
322091
322092
322093
322094
322095
322096
322097
322098
322099
322100
322101
322102
322103
322104
322105
322106
322107
322108
322109
322110
322111
322112
322113
322114
322115
322116
322117
322118
322119
322120
322121
322122
322123
322124
322125
322126
322127
322128
322129
322130
322131
322132
322133
322134
322135
322136
322137
322138
322139
322140
322141
322142
322143
322144
322145
322146
322147
322148
322149
322150
322151
322152
322153
322154
322155
322156
322157
322158
322159
322160
322161
322162
322163
322164
322165
322166
322167
322168
322169
322170
322171
322172
322173
322174
322175
322176
322177
322178
322179
322180
322181
322182
322183
322184
322185
322186
322187
322188
322189
322190
322191
322192
322193
322194
322195
322196
322197
322198
322199
322200
322201
322202
322203
322204
322205
322206
322207
322208
322209
322210
322211
322212
322213
322214
322215
322216
322217
322218
322219
322220
322221
322222
322223
322224
322225
322226
322227
322228
322229
322230
322231
322232
322233
322234
322235
322236
322237
322238
322239
322240
322241
322242
322243
322244
322245
322246
322247
322248
322249
322250
322251
322252
322253
322254
322255
322256
322257
322258
322259
322260
322261
322262
322263
322264
322265
322266
322267
322268
322269
322270
322271
322272
322273
322274
322275
322276
322277
322278
322279
322280
322281
322282
322283
322284
322285
322286
322287
322288
322289
322290
322291
322292
322293
322294
322295
322296
322297
322298
322299
322300
322301
322302
322303
322304
322305
322306
322307
322308
322309
322310
322311
322312
322313
322314
322315
322316
322317
322318
322319
322320
322321
322322
322323
322324
322325
322326
322327
322328
322329
322330
322331
322332
322333
322334
322335
322336
322337
322338
322339
322340
322341
322342
322343
322344
322345
322346
322347
322348
322349
322350
322351
322352
322353
322354
322355
322356
322357
322358
322359
322360
322361
322362
322363
322364
322365
322366
322367
322368
322369
322370
322371
322372
322373
322374
322375
322376
322377
322378
322379
322380
322381
322382
322383
322384
322385
322386
322387
322388
322389
322390
322391
322392
322393
322394
322395
322396
322397
322398
322399
322400
322401
322402
322403
322404
322405
322406
322407
322408
322409
322410
322411
322412
322413
322414
322415
322416
322417
322418
322419
322420
322421
322422
322423
322424
322425
322426
322427
322428
322429
322430
322431
322432
322433
322434
322435
322436
322437
322438
322439
322440
322441
322442
322443
322444
322445
322446
322447
322448
322449
322450
322451
322452
322453
322454
322455
322456
322457
322458
322459
322460
322461
322462
322463
322464
322465
322466
322467
322468
322469
322470
322471
322472
322473
322474
322475
322476
322477
322478
322479
322480
322481
322482
322483
322484
322485
322486
322487
322488
322489
322490
322491
322492
322493
322494
322495
322496
322497
322498
322499
322500
322501
322502
322503
322504
322505
322506
322507
322508
322509
322510
322511
322512
322513
322514
322515
322516
322517
322518
322519
322520
322521
322522
322523
322524
322525
322526
322527
322528
322529
322530
322531
322532
322533
322534
322535
322536
322537
322538
322539
322540
322541
322542
322543
322544
322545
322546
322547
322548
322549
322550
322551
322552
322553
322554
322555
322556
322557
322558
322559
322560
322561
322562
322563
322564
322565
322566
322567
322568
322569
322570
322571
322572
322573
322574
322575
322576
322577
322578
322579
322580
322581
322582
322583
322584
322585
322586
322587
322588
322589
322590
322591
322592
322593
322594
322595
322596
322597
322598
322599
322600
322601
322602
322603
322604
322605
322606
322607
322608
322609
322610
322611
322612
322613
322614
322615
322616
322617
322618
322619
322620
322621
322622
322623
322624
322625
322626
322627
322628
322629
322630
322631
322632
322633
322634
322635
322636
322637
322638
322639
322640
322641
322642
322643
322644
322645
322646
322647
322648
322649
322650
322651
322652
322653
322654
322655
322656
322657
322658
322659
322660
322661
322662
322663
322664
322665
322666
322667
322668
322669
322670
322671
322672
322673
322674
322675
322676
322677
322678
322679
322680
322681
322682
322683
322684
322685
322686
322687
322688
322689
322690
322691
322692
322693
322694
322695
322696
322697
322698
322699
322700
322701
322702
322703
322704
322705
322706
322707
322708
322709
322710
322711
322712
322713
322714
322715
322716
322717
322718
322719
322720
322721
322722
322723
322724
322725
322726
322727
322728
322729
322730
322731
322732
322733
322734
322735
322736
322737
322738
322739
322740
322741
322742
322743
322744
322745
322746
322747
322748
322749
322750
322751
322752
322753
322754
322755
322756
322757
322758
322759
322760
322761
322762
322763
322764
322765
322766
322767
322768
322769
322770
322771
322772
322773
322774
322775
322776
322777
322778
322779
322780
322781
322782
322783
322784
322785
322786
322787
322788
322789
322790
322791
322792
322793
322794
322795
322796
322797
322798
322799
322800
322801
322802
322803
322804
322805
322806
322807
322808
322809
322810
322811
322812
322813
322814
322815
322816
322817
322818
322819
322820
322821
322822
322823
322824
322825
322826
322827
322828
322829
322830
322831
322832
322833
)
;
}
)

// ************************************************************************* //
