/*--------------------------------*- C++ -*----------------------------------*\
| =========                 |                                                 |
| \\      /  F ield         | OpenFOAM: The Open Source CFD Toolbox           |
|  \\    /   O peration     | Version:  5.x                                   |
|   \\  /    A nd           | Web:      www.OpenFOAM.org                      |
|    \\/     M anipulation  |                                                 |
\*---------------------------------------------------------------------------*/
FoamFile
{
    version     2.0;
    format      ascii;
    class       regIOobject;
    location    "constant/polyMesh";
    object      faceZones;
}
// * * * * * * * * * * * * * * * * * * * * * * * * * * * * * * * * * * * * * //

3
(
tumor_exttumor_intMasterZone
{
    type faceZone;
faceLabels      List<label> 5(207225 207236 207420 218524 222494);
flipMap         List<bool> 5{0};
}

tumor_exttumor_intSlaveZone
{
    type faceZone;
faceLabels      0();
flipMap         0();
}

tumor_exttumor_intCutFaceZone
{
    type faceZone;
faceLabels      List<label> 
1120
(
80391
80392
80393
80394
80395
80396
80402
80403
80404
80619
80620
80621
80622
80825
80826
81008
81009
81010
81015
81016
81017
81018
81023
81024
81025
81026
85766
85767
85768
85769
85774
85775
85776
86002
86003
86004
86005
86006
86212
86213
86214
86215
86409
86410
86579
86580
86581
86738
86739
86740
86741
91330
91331
91332
91333
91555
91556
91557
91558
91559
91560
91766
91767
91768
91769
91943
91944
92107
92108
92109
92110
92262
92263
92264
92265
92404
92405
92406
92407
92408
92409
92415
92416
92417
92418
96880
96881
96882
96886
96887
96888
96889
97107
97108
97109
97301
97302
97303
97480
97481
97631
97632
97633
97634
97786
97787
97788
97789
97917
97918
97919
97920
102617
102618
102619
102620
102621
102819
102820
102821
102822
102995
102996
103158
103159
103305
103306
103307
103308
103313
103314
103315
103316
108356
108357
108358
108359
108365
108366
108367
108541
108542
108548
108549
203871
203872
203875
203876
203952
203953
203954
203961
203962
203963
203964
203977
203978
203979
203980
203983
203984
203985
203986
203989
203990
203991
203992
203995
203996
203997
203998
204013
204014
204015
204022
204023
204024
204025
204120
204121
204128
204129
204130
204143
204144
204147
204148
204151
204152
204155
204156
204169
204170
204176
204177
204178
206858
206859
206860
206880
206881
206882
206883
206885
206886
206887
206888
206908
206909
206910
206975
206976
206977
206981
206982
206983
206985
206986
206987
206988
206990
206991
206992
206993
206994
206995
206996
206997
206998
206999
207005
207006
207007
207008
207009
207013
207014
207015
207017
207018
207019
207020
207021
207090
207091
207097
207098
207099
207100
207104
207105
207106
207107
207108
207109
207111
207112
207113
207114
207117
207118
207119
207120
207127
207128
207129
207136
207137
207138
207139
207147
207148
207242
207243
207244
207245
207246
207247
207248
207250
207251
207252
207255
207256
207257
207270
207271
207272
207273
207279
207280
207385
207386
207387
207388
207396
207397
207398
207401
207402
207403
207404
207405
207407
207408
207409
207410
207412
207413
207416
207417
207423
207424
207431
207432
207433
207434
207554
207555
207556
207557
207560
207561
207562
207563
210179
210180
210181
210182
210203
210204
210205
210208
210209
210210
210231
210232
210233
210234
210330
210331
210332
210333
210334
210335
210336
210337
210338
210339
210340
210341
210342
210343
210344
210345
210346
210350
210351
210352
210353
210356
210357
210358
210379
210380
210381
210382
210454
210455
210456
210457
210461
210462
210463
210466
210467
210468
210470
210471
210472
210473
210481
210482
210483
210487
210488
210489
210491
210492
210493
210494
210495
210577
210578
210579
210586
210587
210588
210589
210590
210591
210592
210593
210595
210596
210597
210598
210601
210602
210603
210604
210619
210620
210621
210629
210630
210631
210632
210730
210731
210738
210739
210740
210741
210742
210743
210745
210746
210749
210750
210751
210764
210765
210772
210773
210888
210889
210890
210891
210892
210895
210896
210897
210898
210902
210903
210904
210908
210909
210910
210913
210914
210915
210923
210924
210925
210926
210927
210931
210932
211049
211050
211051
211052
211053
211058
211059
211060
211061
211062
211064
211065
211066
211067
211069
211070
211071
211072
211073
211074
211077
211078
211079
211080
211081
211082
211085
211086
211087
211088
211092
211093
211094
211095
211102
211103
211104
211105
211106
211110
211111
211112
211113
211214
211215
211216
211217
211218
211222
211223
211224
211225
213844
213845
213846
213861
213862
213863
213869
213870
213871
213872
213875
213876
213877
213878
213888
213889
213890
213891
213894
213895
213896
213897
213903
213904
213905
213906
213919
213920
213921
213922
213992
213993
213994
213995
214009
214010
214011
214012
214013
214014
214015
214016
214018
214019
214020
214021
214024
214025
214026
214027
214033
214034
214035
214036
214049
214050
214051
214052
214125
214126
214141
214142
214143
214144
214145
214146
214147
214148
214150
214151
214152
214153
214154
214155
214158
214159
214160
214161
214162
214163
214171
214172
214187
214188
214272
214273
214274
214275
214281
214282
214283
214284
214290
214291
214292
214293
214300
214301
214302
214303
214308
214309
214310
214311
214317
214318
214319
214320
214327
214328
214329
214330
214424
214425
214431
214432
214438
214439
214446
214447
214452
214453
214459
214460
214467
214468
214576
214577
214579
214580
214581
214582
214585
214586
214589
214590
214591
214592
214596
214597
214601
214602
214603
214604
214608
214609
214727
214728
214729
214730
214744
214745
214746
214747
214756
214757
214758
214759
214760
214761
214764
214765
214766
214767
214768
214769
214773
214774
214775
214776
214777
214778
214782
214783
214784
214785
214786
214787
214800
214801
214802
214803
214906
214907
214908
214909
214910
214925
214926
214927
214928
214938
214939
214940
214941
214949
214950
214951
214952
214956
214957
214958
214959
214978
214979
214980
214981
217715
217716
217717
217718
217739
217740
217741
217742
217745
217746
217747
217748
217851
217852
217853
217873
217874
217875
217877
217878
217879
217880
217882
217883
217884
217885
217888
217889
217890
217891
217893
217894
217895
217896
217898
217899
217900
217901
217907
217908
217909
217910
217916
217917
217918
217919
218027
218028
218029
218030
218031
218036
218037
218038
218039
218040
218044
218045
218046
218049
218050
218051
218054
218055
218056
218057
218058
218060
218061
218062
218063
218064
218071
218072
218073
218161
218162
218163
218169
218170
218171
218172
218189
218190
218191
218192
218195
218196
218197
218198
218202
218203
218204
218205
218209
218210
218211
218217
218218
218219
218220
218322
218323
218329
218330
218331
218346
218347
218348
218351
218352
218353
218357
218358
218362
218363
218368
218369
218494
218495
218498
218499
218506
218507
218508
218509
218512
218513
218514
218515
218519
218520
218528
218529
218530
218652
218653
218654
218655
218658
218659
218660
218661
218662
218665
218666
218667
218668
218676
218677
218678
218679
218683
218684
218685
218686
218687
218688
218692
218693
218694
218695
218696
218697
218700
218701
218702
218703
218707
218708
218709
218710
218714
218715
218716
218720
218721
218722
218723
218820
218821
218822
218823
221761
221762
221763
221764
221785
221786
221787
221788
221791
221792
221793
221794
221813
221814
221815
221816
221919
221920
221921
221926
221927
221928
221930
221931
221932
221933
221934
221936
221937
221938
221939
221940
221941
221944
221945
221946
221947
221948
221949
221951
221952
221953
221954
221955
221958
221959
221960
221966
221967
221968
221969
221970
221974
221975
221976
222077
222078
222079
222080
222083
222084
222085
222101
222102
222104
222105
222106
222107
222110
222111
222112
222113
222117
222118
222119
222120
222124
222125
222126
222132
222133
222253
222254
222255
222256
222262
222263
222278
222279
222282
222283
222284
222288
222289
222293
222294
222299
222300
222430
222431
222432
222436
222437
222438
222442
222443
222444
222445
222446
222454
222455
222458
222459
222460
222461
222465
222466
222467
222468
222472
222473
222477
222478
222482
222483
222484
222487
222488
222489
222490
222498
222499
222602
222603
222604
222605
225336
225337
225341
225342
225435
225436
225437
225444
225445
225446
225447
225465
225466
225467
225468
225471
225472
225473
225474
225478
225479
225480
225481
225498
225499
225500
225501
225622
225623
225630
225631
225647
225648
225651
225652
225656
225657
225673
225674
255371
255372
255373
255391
255392
255393
255409
255410
255411
255428
255429
255450
255451
255452
255453
255470
255471
255472
255473
255494
255495
255496
255497
255514
255515
255516
255517
255612
255613
255614
255615
255657
255658
255659
255676
255677
255678
255694
255695
255753
255754
255755
255756
)
;
flipMap         List<bool> 1120{0};
}
)

// ************************************************************************* //
