/*--------------------------------*- C++ -*----------------------------------*\
| =========                 |                                                 |
| \\      /  F ield         | OpenFOAM: The Open Source CFD Toolbox           |
|  \\    /   O peration     | Version:  5.x                                   |
|   \\  /    A nd           | Web:      www.OpenFOAM.org                      |
|    \\/     M anipulation  |                                                 |
\*---------------------------------------------------------------------------*/
FoamFile
{
    version     2.0;
    format      ascii;
    class       regIOobject;
    location    "constant/polyMesh";
    object      pointZones;
}
// * * * * * * * * * * * * * * * * * * * * * * * * * * * * * * * * * * * * * //

1
(
tumor_exttumor_intCutPointZone
{
    type pointZone;
pointLabels     List<label> 
1226
(
395569
395570
395571
395572
395573
395574
395575
395576
395577
395578
395579
395580
395581
395582
395583
395584
395585
395586
395587
395588
395589
395590
395591
395592
395593
395594
395595
395596
395597
395598
395599
395600
395601
395602
395603
395604
395605
395606
395607
395608
395609
395610
395611
395612
395613
395614
395615
395616
395617
395618
395619
395620
395621
395622
395623
395624
395625
395626
395627
395628
395629
395630
395631
395632
395633
395634
395635
395636
395637
395638
395639
395640
395641
395642
395643
395644
395645
395646
395647
395648
395649
395650
395651
395652
395653
395654
395655
395656
395657
395658
395659
395660
395661
395662
395663
395664
395665
395666
395667
395668
395669
395670
395671
395672
395673
395674
395675
395676
395677
395678
395679
395680
395681
395682
395683
395684
395685
395686
395687
395688
395689
395690
395691
395692
395693
395694
395695
395696
395697
395698
395699
395700
395701
395702
395703
395704
395705
395706
395707
395708
395709
395710
395711
395712
395713
395714
395715
395716
395717
395718
395719
395720
395721
395722
395723
395724
395725
395726
395727
395728
395729
395730
395731
395732
395733
395734
395735
395736
395737
395738
395739
395740
395741
395742
395743
395744
395745
395746
395747
395748
395749
395750
395751
395752
395753
395754
395755
395756
395757
395758
395759
395760
395761
395762
395763
395764
395765
395766
395767
395768
395769
395770
395771
395772
395773
395774
395775
395776
395777
395778
395779
395780
395781
395782
395783
395784
395785
395786
395787
395788
395789
395790
395791
395792
395793
395794
395795
395796
395797
395798
395799
395800
395801
395802
395803
395804
395805
395806
395807
395808
395809
395810
395811
395812
395813
395814
395815
395816
395817
395818
395819
395820
395821
395822
395823
395824
395825
395826
395827
395828
395829
395830
395831
395832
395833
395834
395835
395836
395837
395838
395839
395840
395841
395842
395843
395844
395845
395846
395847
395848
395849
395850
395851
395852
395853
395854
395855
395856
395857
395858
395859
395860
395861
395862
395863
395864
395865
395866
395867
395868
395869
395870
395871
395872
395873
395874
395875
395876
395877
395878
395879
395880
395881
395882
395883
395884
395885
395886
395887
395888
395889
395890
395891
395892
395893
395894
395895
395896
395897
395898
395899
395900
395901
395902
395903
395904
395905
395906
395907
395908
395909
395910
395911
395912
395913
395914
395915
395916
395917
395918
395919
395920
395921
395922
395923
395924
395925
395926
395927
395928
395929
395930
395931
395932
395933
395934
395935
395936
395937
395938
395939
395940
395941
395942
395943
395944
395945
395946
395947
395948
395949
395950
395951
395952
395953
395954
395955
395956
395957
395958
395959
395960
395961
395962
395963
395964
395965
395966
395967
395968
395969
395970
395971
395972
395973
395974
395975
395976
395977
395978
395979
395980
395981
395982
395983
395984
395985
395986
395987
395988
395989
395990
395991
395992
395993
395994
395995
395996
395997
395998
395999
396000
396001
396002
396003
396004
396005
396006
396007
396008
396009
396010
396011
396012
396013
396014
396015
396016
396017
396018
396019
396020
396021
396022
396023
396024
396025
396026
396027
396028
396029
396030
396031
396032
396033
396034
396035
396036
396037
396038
396039
396040
396041
396042
396043
396044
396045
396046
396047
396048
396049
396050
396051
396052
396053
396054
396055
396056
396057
396058
396059
396060
396061
396062
396063
396064
396065
396066
396067
396068
396069
396070
396071
396072
396073
396074
396075
396076
396077
396078
396079
396080
396081
396082
396083
396084
396085
396086
396087
396088
396089
396090
396091
396092
396093
396094
396095
396096
396097
396098
396099
396100
396101
396102
396103
396104
396105
396106
396107
396108
396109
396110
396111
396112
396113
396114
396115
396116
396117
396118
396119
396120
396121
396122
396123
396124
396125
396126
396127
396128
396129
396130
396131
396132
396133
396134
396135
396136
396137
396138
396139
396140
396141
396142
396143
396144
396145
396146
396147
396148
396149
396150
396151
396152
396153
396154
396155
396156
396157
396158
396159
396160
396161
396162
396163
396164
396165
396166
396167
396168
396169
396170
396171
396172
396173
396174
396175
396176
396177
396178
396179
396180
396181
396182
396183
396184
396185
396186
396187
396188
396189
396190
396191
396192
396193
396194
396195
396196
396197
396198
396199
396200
396201
396202
396203
396204
396205
396206
396207
396208
396209
396210
396211
396212
396213
396214
396215
396216
396217
396218
396219
396220
396221
396222
396223
396224
396225
396226
396227
396228
396229
396230
396231
396232
396233
396234
396235
396236
396237
396238
396239
396240
396241
396242
396243
396244
396245
396246
396247
396248
396249
396250
396251
396252
396253
396254
396255
396256
396257
396258
396259
396260
396261
396262
396263
396264
396265
396266
396267
396268
396269
396270
396271
396272
396273
396274
396275
396276
396277
396278
396279
396280
396281
396282
396283
396284
396285
396286
396287
396288
396289
396290
396291
396292
396293
396294
396295
396296
396297
396298
396299
396300
396301
396302
396303
396304
396305
396306
396307
396308
396309
396310
396311
396312
396313
396314
396315
396316
396317
396318
396319
396320
396321
396322
396323
396324
396325
396326
396327
396328
396329
396330
396331
396332
396333
396334
396335
396336
396337
396338
396339
396340
396341
396342
396343
396344
396345
396346
396347
396348
396349
396350
396351
396352
396353
396354
396355
396356
396357
396358
396359
396360
396361
396362
396363
396364
396365
396366
396367
396368
396369
396370
396371
396372
396373
396374
396375
396376
396377
396378
396379
396380
396381
396382
396383
396384
396385
396386
396387
396388
396389
396390
396391
396392
396393
396394
396395
396396
396397
396398
396399
396400
396401
396402
396403
396404
396405
396406
396407
396408
396409
396410
396411
396412
396413
396414
396415
396416
396417
396418
396419
396420
396421
396422
396423
396424
396425
396426
396427
396428
396429
396430
396431
396432
396433
396434
396435
396436
396437
396438
396439
396440
396441
396442
396443
396444
396445
396446
396447
396448
396449
396450
396451
396452
396453
396454
396455
396456
396457
396458
396459
396460
396461
396462
396463
396464
396465
396466
396467
396468
396469
396470
396471
396472
396473
396474
396475
396476
396477
396478
396479
396480
396481
396482
396483
396484
396485
396486
396487
396488
396489
396490
396491
396492
396493
396494
396495
396496
396497
396498
396499
396500
396501
396502
396503
396504
396505
396506
396507
396508
396509
396510
396511
396512
396513
396514
396515
396516
396517
396518
396519
396520
396521
396522
396523
396524
396525
396526
396527
396528
396529
396530
396531
396532
396533
396534
396535
396536
396537
396538
396539
396540
396541
396542
396543
396544
396545
396546
396547
396548
396549
396550
396551
396552
396553
396554
396555
396556
396557
396558
396559
396560
396561
396562
396563
396564
396565
396566
396567
396568
396569
396570
396571
396572
396573
396574
396575
396576
396577
396578
396579
396580
396581
396582
396583
396584
396585
396586
396587
396588
396589
396590
396591
396592
396593
396594
396595
396596
396597
396598
396599
396600
396601
396602
396603
396604
396605
396606
396607
396608
396609
396610
396611
396612
396613
396614
396615
396616
396617
396618
396619
396620
396621
396622
396623
396624
396625
396626
396627
396628
396629
396630
396631
396632
396633
396634
396635
396636
396637
396638
396639
396640
396641
396642
396643
396644
396645
396646
396647
396648
396649
396650
396651
396652
396653
396654
396655
396656
396657
396658
396659
396660
396661
396662
396663
396664
396665
396666
396667
396668
396669
396670
396671
396672
396673
396674
396675
396676
396677
396678
396679
396680
396681
396682
396683
396684
396685
396686
396687
396688
396689
396690
396691
396692
396693
396694
396695
396696
396697
396698
396699
396700
396701
396702
396703
396704
396705
396706
396707
396708
396709
396710
396711
396712
396713
396714
396715
396716
396717
396718
396719
396720
396721
396722
396723
396724
396725
396726
396727
396728
396729
396730
396731
396732
396733
396734
396735
396736
396737
396738
396739
396740
396741
396742
396743
396744
396745
396746
396747
396748
396749
396750
396751
396752
396753
396754
396755
396756
396757
396758
396759
396760
396761
396762
396763
396764
396765
396766
396767
396768
396769
396770
396771
396772
396773
396774
396775
396776
396777
396778
396779
396780
396781
396782
396783
396784
396785
396786
396787
396788
396789
396790
396791
396792
396793
396794
)
;
}
)

// ************************************************************************* //
