/*--------------------------------*- C++ -*----------------------------------*\
| =========                 |                                                 |
| \\      /  F ield         | OpenFOAM: The Open Source CFD Toolbox           |
|  \\    /   O peration     | Version:  5.x                                   |
|   \\  /    A nd           | Web:      www.OpenFOAM.org                      |
|    \\/     M anipulation  |                                                 |
\*---------------------------------------------------------------------------*/
FoamFile
{
    version     2.0;
    format      ascii;
    class       volScalarField;
    location    "31/tumor";
    object      T;
}
// * * * * * * * * * * * * * * * * * * * * * * * * * * * * * * * * * * * * * //

dimensions      [0 0 0 1 0 0 0];

internalField   nonuniform List<scalar> 
636
(
38.96493
38.93793
39.16465
39.14043
38.79967
38.77151
38.93025
39.74881
39.29912
38.86809
39.7909
40.19727
40.01956
39.28999
39.8274
40.24044
40.09126
39.40568
39.21969
39.84945
39.722
39.1633
38.62171
39.1379
39.09447
38.53523
39.01282
38.99161
39.74947
40.12919
39.961
39.26878
38.96496
40.19807
40.60304
40.44149
39.78743
38.85654
39.16463
40.24098
40.65478
40.49903
39.93779
39.05155
38.79963
39.84957
40.29429
40.14077
39.65799
38.64226
39.13785
39.57667
39.39657
38.99499
38.88495
38.77695
38.41649
38.99152
38.98159
39.29899
39.96038
39.82257
39.23118
38.93785
40.01908
40.44114
40.28829
39.753
38.8217
39.14024
40.09059
40.49875
40.34092
39.90717
39.03143
38.77115
39.72087
40.14061
39.97776
39.61845
38.66741
39.09395
39.39639
39.23417
38.94487
38.77684
38.68836
38.41641
38.35077
38.86795
39.26858
39.23119
38.79449
39.28986
39.78727
39.75331
39.19335
39.4054
39.93756
39.90714
39.32527
39.16145
39.65763
39.61818
39.05602
38.53454
38.99469
38.94465
38.38808
38.85646
38.82176
39.05145
39.03141
38.64213
38.66738
38.97703
38.9758
39.03777
39.18008
39.24115
38.95775
39.17611
38.95848
38.91397
38.94573
39.18702
39.05692
39.31818
39.01214
39.11608
39.17182
39.39398
39.44679
39.51958
39.58337
39.09763
38.8864
39.37572
39.20841
39.47895
39.321
38.87973
38.98113
38.96702
38.84346
39.09652
39.35411
38.98917
39.25768
39.20819
39.03419
39.08499
39.56205
39.61798
39.45216
39.52231
38.93611
39.00617
38.79416
39.52533
39.36136
39.4059
39.26252
39.00788
38.92605
38.80477
39.05676
38.76374
38.86659
39.25799
39.2962
39.02578
39.08268
39.217
39.06142
39.00554
38.8489
38.76141
38.54722
38.69184
38.76664
38.70228
38.54294
38.99863
39.00635
39.07687
39.20289
39.28497
38.98068
39.19809
38.97213
38.97709
39.10981
39.1107
39.41668
39.10999
39.40895
39.41708
39.6345
39.06888
39.57434
39.44385
39.55247
39.43332
39.81238
39.70683
39.03107
39.03613
39.35421
38.8914
38.94571
39.05688
39.18705
38.91395
39.31816
38.8461
39.38984
38.95315
39.5475
39.1139
39.68098
39.26078
38.80353
39.09643
38.98904
38.96699
39.35406
38.84344
39.25763
38.98216
39.34532
38.88241
39.71233
39.28878
39.6394
39.17283
38.85588
38.71002
38.80474
39.05686
38.76384
39.47786
38.86151
39.26486
39.47878
39.71852
39.26555
39.54588
38.72663
38.9151
38.50159
39.4404
38.98
39.17602
38.73308
38.86973
38.54004
38.86991
39.19091
38.54008
38.80043
39.17661
38.72144
38.76119
39.39218
39.42226
39.01228
39.04062
38.91583
38.6828
38.49753
39.32459
39.15118
38.95793
38.77004
38.8211
38.45231
38.4434
38.50158
38.65159
38.68252
38.49283
38.50369
38.60244
38.42624
38.42304
39.00649
39.20306
39.07702
39.28514
39.08788
39.3716
39.42882
39.08787
39.22401
39.42882
39.52193
39.34546
39.21471
39.06685
39.40397
39.28282
38.9459
39.01034
38.9759
39.18017
39.03785
39.24124
38.89026
39.52365
39.10605
39.34502
38.95133
39.60148
39.17613
39.39402
39.11609
39.51963
39.01214
39.44682
39.1718
39.58338
39.30744
39.90858
39.43583
39.847
39.36673
39.96704
39.51657
39.01171
38.90339
39.06697
39.56206
39.03416
39.45212
39.20813
39.61792
39.08488
39.52215
38.90254
39.09825
38.96093
39.25793
39.02572
38.86643
39.29592
39.08243
39.15906
39.39747
38.90585
39.70599
39.20667
39.44632
38.95764
38.72211
38.69179
38.76647
39.39212
38.7214
39.01223
39.17645
39.42214
38.76106
39.04052
38.57561
38.61562
39.03154
38.61058
38.6521
38.65156
38.49282
38.68244
38.50362
38.91665
38.67899
38.68902
38.91662
38.96528
38.689
38.7393
38.60022
38.57565
38.41433
38.83006
38.64262
38.63133
38.45172
38.4893
38.48927
38.59706
38.46037
38.98062
39.19798
38.97198
39.06677
39.34531
39.40383
39.21451
39.28266
39.3181
39.1844
39.18439
38.99267
38.92075
38.95769
39.176
38.95836
39.55223
39.57415
39.81197
39.06869
39.43299
39.44355
39.70639
38.86472
39.48815
39.07985
39.00094
39.31186
38.84187
39.37557
39.09752
39.47873
39.20824
38.88632
39.32078
39.29292
39.8779
39.41796
39.53831
39.08201
39.69072
39.23809
38.99025
38.76344
39.52498
39.0059
39.40526
38.93599
39.36092
38.79417
39.26128
39.46511
39.82794
39.36644
39.71355
39.23336
39.63293
39.13648
38.89778
38.79497
38.68377
39.21589
39.00467
39.05467
38.8439
39.13629
39.35557
38.88458
39.42744
38.93949
39.14531
38.67991
38.50123
38.70181
38.5416
39.32411
38.6825
38.95766
38.91506
39.15062
38.49715
38.76972
38.54001
38.56061
38.75405
38.3658
38.37024
38.60227
38.42289
38.42604
38.82998
38.57555
38.63127
38.6001
38.64252
38.41421
38.45164
38.53101
38.50402
38.34789
38.53099
38.34949
38.34787
38.46032
38.94576
39.01023
38.92074
39.03595
39.03092
39.354
38.89129
39.34482
39.52341
39.6012
38.89013
38.95122
39.10591
39.17599
39.00128
39.48807
39.31289
38.86473
39.07986
38.84205
38.93811
38.87965
38.98105
39.5473
39.38967
39.68075
38.84603
39.11379
38.95307
39.26064
39.84687
39.9084
39.96691
39.30732
39.36664
39.4357
39.51647
39.5402
39.87804
39.69151
39.29301
39.0823
39.41799
39.23816
38.77245
39.34589
38.90901
38.77234
38.90883
39.00779
38.92595
39.712
39.34472
39.63893
38.98206
39.28861
38.88232
39.17262
39.71383
39.82783
39.63319
39.46508
39.2334
39.36638
39.13654
38.88971
39.23253
38.79612
38.88965
38.79607
38.76385
38.54482
39.43958
38.91232
39.17508
38.72652
38.9797
38.50112
38.73269
39.70573
39.39709
39.44603
39.15883
39.20649
38.9056
38.95744
39.42782
39.3551
39.14591
39.1362
38.93956
38.88439
38.68001
38.60986
38.78104
38.3728
38.60983
38.37279
38.82059
38.44311
38.45201
39.03129
38.61541
38.65193
38.57541
38.61041
38.75414
38.56051
38.37026
38.53989
38.36583
38.80346
38.90334
39.01162
39.06691
38.99028
38.76349
38.8558
38.70995
39.09818
38.90243
38.96085
38.79498
38.89776
38.68377
38.72201
38.50124
39.48042
39.85855
39.35382
39.99607
39.54903
39.9147
39.442
39.9959
39.85828
39.91451
39.48027
39.5489
39.35363
39.44185
)
;

boundaryField
{
    tumor_to_gland
    {
        type            compressible::turbulentTemperatureCoupledBaffleMixed;
        refValue        nonuniform List<scalar> 
1125
(
38.66538
38.66538
38.66538
38.66538
38.66538
38.66538
38.51158
38.51158
38.51158
38.64967
38.64967
38.64967
38.64967
38.6145
38.6145
38.27582
38.27582
38.27582
38.55017
38.55017
38.55017
38.55017
38.42323
38.42323
38.42323
38.42323
38.76202
38.76202
38.76202
38.76202
38.65101
38.65101
38.65101
38.66377
38.66377
38.66377
38.66377
38.66377
38.64966
38.64966
38.64966
38.64966
38.61447
38.61447
38.27583
38.27583
38.27583
38.32085
38.32085
38.32085
38.32085
38.7621
38.7621
38.7621
38.7621
38.66542
38.66542
38.66542
38.66542
38.66542
38.66542
38.31756
38.31756
38.31756
38.31756
38.24196
38.24196
38.55009
38.55009
38.55009
38.55009
38.16188
38.16188
38.16188
38.16188
37.99501
37.99501
37.99501
37.99501
37.99501
37.99501
37.80634
37.80634
37.80634
37.80634
38.65094
38.65094
38.65094
38.81979
38.81979
38.81979
38.81979
38.51153
38.51153
38.51153
38.16735
38.16735
38.16735
38.08412
38.08412
38.42323
38.42323
38.42323
38.42323
37.99034
37.99034
37.99034
37.99034
37.80629
37.80629
37.80629
37.80629
38.66367
38.66367
38.66367
38.66367
38.66367
38.46633
38.46633
38.46633
38.46633
38.38333
38.38333
38.02204
38.02204
38.16175
38.16175
38.16175
38.16175
37.99032
37.99032
37.99032
37.99032
38.31753
38.31753
38.31753
38.31753
38.16736
38.16736
38.16736
38.24191
38.24191
38.08411
38.08411
38.37078
38.37078
38.35769
38.35769
38.37256
38.37256
38.37256
38.39725
38.39725
38.39725
38.39725
38.46831
38.46831
38.46831
38.46831
38.45297
38.45297
38.45297
38.45297
38.49461
38.49461
38.49461
38.49461
38.47775
38.47775
38.47775
38.47775
38.33049
38.33049
38.33049
38.3492
38.3492
38.3492
38.3492
38.33481
38.33481
38.20813
38.20813
38.20813
38.42438
38.42438
38.40526
38.40526
38.2877
38.2877
38.26705
38.26705
38.28059
38.28059
38.15285
38.15285
38.15285
38.67679
38.67679
38.67679
38.73875
38.73875
38.73875
38.73875
38.72403
38.72403
38.72403
38.72403
38.64698
38.64698
38.64698
38.54057
38.54057
38.54057
38.51495
38.51495
38.51495
38.77727
38.77727
38.77727
38.77727
38.75036
38.75036
38.75036
38.75036
38.65615
38.65615
38.65615
38.65615
38.65615
38.65615
38.75119
38.75119
38.75119
38.75119
38.75119
38.45319
38.45319
38.45319
38.69635
38.69635
38.69635
38.69635
38.69635
38.39697
38.39697
38.74127
38.74127
38.74127
38.74127
38.39695
38.39695
38.67576
38.67576
38.67576
38.67576
38.57729
38.57729
38.57729
38.57729
38.59809
38.59809
38.59809
38.59809
38.27604
38.27604
38.27604
38.63892
38.63892
38.63892
38.63892
38.24172
38.24172
38.34584
38.34582
38.5798
38.5798
38.5798
38.5798
38.51236
38.51236
38.51236
38.5205
38.5205
38.5205
38.39248
38.39248
38.39248
38.57664
38.57664
38.57664
38.57664
38.39751
38.39751
38.48271
38.48271
38.48271
38.48271
38.19988
38.19988
38.19988
38.41919
38.41919
38.41919
38.41919
38.41919
38.52428
38.52428
38.52428
38.52428
38.26706
38.26706
38.242
38.242
38.15048
38.1246
38.1246
38.27289
38.27289
38.27289
38.27289
38.32375
38.32375
38.32375
38.32375
38.29587
38.29587
38.29587
38.29587
38.47471
38.47471
38.47471
38.47471
38.56688
38.56688
38.56688
38.55341
38.55341
38.55341
38.44448
38.44448
38.44448
38.44448
38.67686
38.67686
38.67686
38.68133
38.68133
38.68133
38.77837
38.77837
38.77837
38.77837
38.68138
38.68138
38.68138
38.74881
38.74881
38.74881
38.74881
38.72459
38.72459
38.72459
38.72459
38.63296
38.63296
38.63296
38.59332
38.59332
38.59332
38.59332
38.75038
38.75038
38.75038
38.75038
38.51496
38.51496
38.51496
38.54061
38.54061
38.54061
38.7773
38.7773
38.7773
38.7773
38.39947
38.39947
38.39947
38.43434
38.43434
38.43434
38.66667
38.66667
38.66667
38.66667
38.66667
38.37256
38.37256
38.37256
38.39724
38.39724
38.39724
38.39724
38.67573
38.67573
38.67573
38.67573
38.52191
38.52191
38.52191
38.52191
38.53786
38.53786
38.53786
38.53786
38.22202
38.22202
38.22202
38.2337
38.2337
38.2337
38.2337
38.3348
38.3348
38.20813
38.20813
38.20813
38.51236
38.51236
38.51236
38.45161
38.45161
38.33063
38.33063
38.33063
38.15403
38.15403
38.00939
38.00939
38.41921
38.41921
38.41921
38.41921
38.41921
38.48271
38.48271
38.48271
38.48271
38.19987
38.19987
38.19987
38.07901
38.07901
38.07901
38.22857
38.22857
38.22857
38.29791
38.29791
38.29791
38.29791
38.29791
37.99731
37.99731
38.07424
38.07424
38.07424
38.07424
38.07424
38.07423
38.07423
38.07423
38.07423
38.07423
38.33601
38.33601
38.33601
38.33601
38.21169
38.21169
38.21169
38.21169
38.21169
38.21169
38.18189
38.18189
38.18189
38.18189
38.18189
38.18189
38.21512
38.21512
38.21512
38.21512
37.99535
37.99535
37.99535
37.99535
38.25004
38.25004
38.25004
38.25004
38.25004
37.95865
37.95865
37.95865
37.95865
37.88698
37.88698
37.88698
37.88698
37.88698
37.85437
37.85437
37.85437
37.85437
38.56688
38.56688
38.56688
38.55338
38.55338
38.55338
38.65423
38.65423
38.65423
38.65423
38.63724
38.63724
38.63724
38.63724
38.63721
38.63721
38.63721
38.63721
38.62554
38.62554
38.62554
38.62554
38.52798
38.52798
38.52798
38.52798
38.50905
38.50905
38.50905
38.50905
38.73881
38.73881
38.73881
38.73881
38.72402
38.72402
38.72402
38.72402
38.74881
38.74881
38.74881
38.74881
38.70304
38.70304
38.70304
38.70304
38.68774
38.68774
38.68774
38.68774
38.65445
38.65445
38.65445
38.65445
38.63613
38.63613
38.63613
38.63613
38.37079
38.37079
38.35769
38.35769
38.65613
38.65613
38.65613
38.65613
38.65613
38.65613
38.55934
38.55934
38.55934
38.55934
38.55934
38.55934
38.54295
38.54295
38.54295
38.54295
38.54295
38.54295
38.2278
38.2278
38.21017
38.21017
38.46831
38.46831
38.46831
38.46831
38.4946
38.4946
38.4946
38.4946
38.45297
38.45297
38.45297
38.45297
38.47775
38.47775
38.47775
38.47775
38.3302
38.3302
38.3302
38.3302
38.29801
38.29801
38.29801
38.29801
38.30898
38.30898
38.30898
38.30898
38.42437
38.42437
38.28768
38.28768
38.40527
38.40527
38.26708
38.26708
38.08774
38.08774
38.21828
38.21828
38.06358
38.06358
38.267
38.267
38.52407
38.52407
38.52407
38.52407
38.2419
38.2419
38.36164
38.36164
38.36164
38.36164
38.06756
38.06756
38.33674
38.33674
38.33674
38.33674
38.03915
38.03915
38.32368
38.32368
38.32368
38.32368
38.29571
38.29571
38.29571
38.29571
38.21164
38.21164
38.21164
38.21164
38.21164
38.21164
38.18178
38.18178
38.18178
38.18178
38.18178
38.18178
38.10585
38.10585
38.10585
38.10585
38.10585
38.10585
38.07052
38.07052
38.07052
38.07052
38.07052
38.07052
38.13041
38.13041
38.13041
38.13041
37.88696
37.88696
37.88696
37.88696
37.88696
37.85432
37.85432
37.85432
37.85432
37.9601
37.9601
37.9601
37.9601
37.96006
37.96006
37.96006
37.96006
37.92403
37.92403
37.92403
37.92403
37.77365
37.77365
37.77365
37.77365
38.44443
38.44443
38.44443
38.44443
38.52793
38.52793
38.52793
38.52793
38.50903
38.50903
38.50903
38.50903
38.64692
38.64692
38.64692
38.63287
38.63287
38.63287
38.72447
38.72447
38.72447
38.72447
38.70295
38.70295
38.70295
38.70295
38.6877
38.6877
38.6877
38.6877
38.53247
38.53247
38.53247
38.53247
38.53248
38.53248
38.53248
38.53248
38.65565
38.65565
38.65565
38.65565
38.55145
38.55145
38.55145
38.55145
38.75112
38.75112
38.75112
38.75112
38.75112
38.69625
38.69625
38.69625
38.69625
38.69625
38.45317
38.45317
38.45317
38.38689
38.38689
38.38689
38.61711
38.61711
38.61711
38.61711
38.61711
38.5863
38.5863
38.5863
38.5863
38.5863
38.31577
38.31577
38.31577
38.33052
38.33052
38.33052
38.34928
38.34928
38.34928
38.34928
38.57729
38.57729
38.57729
38.57729
38.59821
38.59821
38.59821
38.59821
38.4254
38.4254
38.4254
38.4254
38.41906
38.41906
38.41906
38.17124
38.17124
38.17124
38.17124
38.28079
38.28079
38.15319
38.15319
38.15319
38.52121
38.52121
38.52121
38.39627
38.39627
38.39627
38.33063
38.33063
38.18175
38.18175
37.93396
37.93396
38.12465
38.12465
38.15462
38.15462
38.27274
38.27274
38.27274
38.27274
38.21221
38.21221
38.21221
38.21221
37.91227
37.91227
37.9373
38.09688
38.09688
38.09688
37.99522
37.99522
37.99522
37.99522
38.2499
38.2499
38.2499
38.2499
38.2499
38.21487
38.21487
38.21487
38.21487
37.95853
37.95853
37.95853
37.95853
38.10575
38.10575
38.10575
38.10575
38.10575
38.10575
38.07046
38.07046
38.07046
38.07046
38.07046
38.07046
38.16973
38.16973
38.16973
38.16973
37.87117
37.87117
37.87117
37.87117
38.09423
38.09423
38.09423
37.87116
37.87116
37.87116
37.87116
37.77362
37.77362
37.77362
37.77362
38.59322
38.59322
38.59322
38.59322
38.65437
38.65437
38.65437
38.65437
38.63611
38.63611
38.63611
38.63611
38.55151
38.55151
38.55151
38.55151
38.43428
38.43428
38.43428
38.39943
38.39943
38.39943
38.6666
38.6666
38.6666
38.6666
38.6666
38.55927
38.55927
38.55927
38.55927
38.55927
38.55927
38.54294
38.54294
38.54294
38.54294
38.54294
38.54294
38.58634
38.58634
38.58634
38.58634
38.58634
38.38694
38.38694
38.38694
38.61719
38.61719
38.61719
38.61719
38.61719
38.3158
38.3158
38.3158
38.63889
38.63889
38.63889
38.63889
38.27624
38.27624
38.27624
38.24179
38.24179
38.52188
38.52188
38.52188
38.52188
38.53783
38.53783
38.53783
38.53783
38.42541
38.42541
38.42541
38.42541
38.41906
38.41906
38.41906
38.46896
38.46896
38.57694
38.57694
38.57694
38.57694
38.39888
38.39888
38.45162
38.45162
38.33065
38.33065
38.33065
38.33062
38.33062
38.18173
38.18173
38.22151
38.22151
38.22834
38.22834
38.22834
38.07898
38.07898
38.07898
38.29777
38.29777
38.29777
38.29777
38.29777
37.9972
37.9972
38.36152
38.36152
38.36152
38.36152
38.33667
38.33667
38.33667
38.33667
38.06745
38.06745
38.03908
38.03908
38.09687
38.09687
38.09687
38.2122
38.2122
38.2122
38.2122
37.93729
37.91224
37.91224
38.13033
38.13033
38.13033
38.13033
38.22777
38.22777
38.21017
38.21017
38.22199
38.22199
38.22199
38.23367
38.23367
38.23367
38.23367
38.298
38.298
38.298
38.298
38.33016
38.33016
38.33016
38.33016
38.30896
38.30896
38.30896
38.30896
38.17124
38.17124
38.17124
38.17124
38.154
38.154
38.00935
38.00935
38.21825
38.21825
38.08769
38.08769
38.06354
38.06354
37.93395
37.93395
38.62616
38.62616
38.62616
38.53024
38.53024
38.53024
38.40834
38.40834
38.40834
38.20167
38.20167
38.24051
38.24051
38.24051
38.24051
38.1619
38.1619
38.1619
38.1619
38.2405
38.2405
38.2405
38.2405
38.07618
38.07618
38.07618
38.07618
38.16166
38.16166
38.16166
38.16166
38.5302
38.5302
38.5302
38.40204
38.40204
38.40204
38.20259
38.20259
38.07603
38.07603
38.07603
38.07603
)
;
        refGradient     uniform 0;
        valueFraction   nonuniform List<scalar> 
1125
(
0.4221572
0.3325559
0.3929285
0.5022199
0.5387481
0.4434037
0.2963019
0.436099
0.2671888
0.2553111
0.3566239
0.5557758
0.431507
0.2755534
0.451751
0.3213549
0.2739288
0.469528
0.3929755
0.4679911
0.5926858
0.6324702
0.395794
0.6300081
0.5845408
0.4910267
0.3118533
0.3784205
0.5098446
0.551708
0.3168308
0.4654093
0.3105214
0.46296
0.560749
0.5664997
0.4528267
0.5596099
0.3566252
0.4315059
0.5557863
0.2553145
0.4516971
0.2755553
0.3213555
0.2739728
0.4696036
0.479228
0.3932906
0.393298
0.425124
0.3118537
0.5098518
0.3784235
0.5517081
0.4221587
0.3325569
0.502207
0.3929317
0.538753
0.4434053
0.2205436
0.3190206
0.2715986
0.3619843
0.3369681
0.3833142
0.3929745
0.5926833
0.4679889
0.6324684
0.4279275
0.4343975
0.4415438
0.4449722
0.2772022
0.1099248
0.1094426
0.1099248
0.1094426
0.1621047
0.1175968
0.1412005
0.159988
0.146693
0.3168277
0.4653949
0.3105164
0.5302997
0.6575671
0.6575688
0.4526496
0.2962995
0.4360853
0.2671841
0.2058337
0.2763471
0.1586854
0.3290953
0.2208077
0.3957926
0.5845363
0.6270455
0.4875762
0.407265
0.4083934
0.3008924
0.3068276
0.1175968
0.1412005
0.159988
0.146693
0.4629592
0.5664854
0.5607415
0.4528228
0.5596146
0.3741469
0.4634115
0.3740199
0.4633166
0.4910052
0.4909836
0.301125
0.3011697
0.4343948
0.4449615
0.4279314
0.4415396
0.40838
0.3068146
0.4072525
0.3008804
0.2205428
0.2715969
0.3190197
0.3619836
0.2058364
0.2763501
0.1586914
0.3369675
0.3833133
0.3290934
0.2208009
0.1589191
0.199915
0.1497424
0.2111124
0.1850569
0.1680525
0.2647361
0.3381187
0.1944226
0.3089375
0.2337509
0.2024931
0.2637586
0.310811
0.3589138
0.1979068
0.2778953
0.3691266
0.3047358
0.3885598
0.3575482
0.4015472
0.4132517
0.3798674
0.4107164
0.3562358
0.4223048
0.2004284
0.2747817
0.1571796
0.3480616
0.3234452
0.1932853
0.2228709
0.1730499
0.279582
0.156846
0.2011813
0.4108459
0.3280623
0.3699747
0.3805278
0.32265
0.1746089
0.2309759
0.17233
0.2447666
0.292881
0.1615266
0.1739483
0.1909145
0.4348863
0.2868702
0.3208494
0.4402256
0.2973093
0.3774233
0.3391306
0.4155218
0.3953527
0.287959
0.431603
0.3329413
0.3058975
0.3406443
0.4217832
0.2890191
0.2809211
0.4293363
0.308695
0.2775236
0.4519597
0.4122036
0.4918231
0.6534447
0.6581038
0.4322534
0.4708953
0.5510327
0.5460086
0.4039724
0.407575
0.5469187
0.3253799
0.4907907
0.4524142
0.4408014
0.6657219
0.4706486
0.5397723
0.6498464
0.3161462
0.4573507
0.2560159
0.4206009
0.4839262
0.554298
0.5565806
0.5252884
0.3335392
0.3282232
0.4557714
0.5733121
0.4557726
0.5733091
0.3335383
0.3282172
0.2950465
0.4801949
0.3654015
0.4904101
0.2882586
0.568989
0.3411868
0.4190587
0.3393115
0.4640167
0.3826337
0.463121
0.3290449
0.3243791
0.3863448
0.4846923
0.5877044
0.4424571
0.5622467
0.3193312
0.3149363
0.3013412
0.3013009
0.6147335
0.4443423
0.6147219
0.4443381
0.3324996
0.3212473
0.5188907
0.2933539
0.4965761
0.4503624
0.3466045
0.5808734
0.3867231
0.6680041
0.623762
0.6504292
0.5973379
0.4545004
0.4205749
0.3693871
0.5963872
0.3742721
0.5359704
0.2738453
0.2103775
0.4521214
0.4121423
0.5164024
0.5725272
0.5875683
0.4987741
0.392322
0.4843107
0.6405483
0.6155074
0.2283776
0.3012339
0.3144014
0.2839444
0.2112995
0.2792445
0.1815201
0.4306823
0.4205705
0.3883651
0.5276251
0.3653595
0.4358778
0.4099892
0.4329847
0.4481591
0.4185122
0.4472504
0.4097378
0.1720969
0.2988689
0.377955
0.377958
0.1944582
0.4355589
0.22901
0.1782382
0.4283108
0.2443902
0.1893479
0.3828272
0.2798165
0.3592978
0.4402688
0.3208505
0.2868723
0.3398811
0.2970786
0.4582078
0.3947996
0.4923431
0.5506551
0.550678
0.3398841
0.2970794
0.4582139
0.396053
0.560722
0.3041929
0.4986644
0.3782342
0.5070617
0.5544279
0.5275023
0.3475293
0.4631244
0.2756668
0.4503673
0.4733968
0.3432478
0.2706595
0.4322635
0.470927
0.5460551
0.5510765
0.3087165
0.2775248
0.4519727
0.2890318
0.2809232
0.4293363
0.4122072
0.4918367
0.6581098
0.6534436
0.3175189
0.285597
0.4466968
0.2992626
0.2943413
0.4262284
0.4060645
0.5200236
0.6669082
0.5592022
0.6604975
0.1850586
0.1680555
0.2647407
0.3381232
0.1944257
0.2337542
0.308942
0.4801949
0.2950497
0.4904025
0.3654048
0.3765658
0.4347452
0.559398
0.2479411
0.4792579
0.2931191
0.4796357
0.3536729
0.1934345
0.1779773
0.265696
0.3414448
0.2101087
0.2438372
0.3147785
0.1730511
0.2795838
0.1568458
0.2011823
0.410855
0.3325011
0.321216
0.5189197
0.4718311
0.265035
0.3266972
0.4164972
0.5640567
0.1825018
0.2860002
0.1633593
0.20626
0.4121498
0.5164419
0.5725781
0.5876119
0.4987786
0.3693869
0.5964086
0.3743095
0.5359769
0.2738718
0.4521493
0.2103789
0.2413809
0.3804672
0.3184767
0.4664965
0.4293592
0.343466
0.3695006
0.6384513
0.5106213
0.4317382
0.5869841
0.2073333
0.2725095
0.312672
0.4018729
0.2075593
0.3368774
0.2817752
0.3126676
0.2075535
0.4018655
0.3368694
0.2817684
0.3016011
0.2991848
0.2991848
0.4891518
0.482708
0.4952032
0.3877428
0.4122994
0.2438571
0.250933
0.5062787
0.4763241
0.4254997
0.2721882
0.3755677
0.223586
0.4921825
0.434698
0.3987435
0.4660281
0.4203351
0.3143317
0.3624767
0.2014502
0.4227066
0.2956257
0.3559554
0.5166021
0.3004401
0.3056849
0.2411505
0.3929843
0.3589544
0.1515791
0.1643752
0.234271
0.1133517
0.1140258
0.09402672
0.1782275
0.1361483
0.1209756
0.1944582
0.4355629
0.2290098
0.1782379
0.24439
0.4283032
0.2187276
0.2709058
0.2709057
0.3339626
0.1997586
0.2859671
0.3467749
0.2493027
0.1997584
0.285967
0.3467747
0.2493027
0.1681076
0.3582301
0.2623778
0.262378
0.2129443
0.4139937
0.2457028
0.4455203
0.1878733
0.249023
0.4434532
0.4101188
0.339131
0.4155249
0.2973101
0.3774266
0.4316037
0.395353
0.3329405
0.287958
0.3960536
0.5607194
0.3041918
0.4986544
0.5122219
0.5495024
0.2959661
0.3621359
0.5555272
0.3773123
0.5169123
0.278842
0.3704971
0.432773
0.290606
0.3634689
0.4476077
0.38187
0.3516209
0.2671006
0.1589205
0.1999164
0.1497435
0.2111135
0.4039724
0.4075743
0.5469167
0.452414
0.3253784
0.4907825
0.4186099
0.3603499
0.5082093
0.4083184
0.5414234
0.4338452
0.3943239
0.4226566
0.5495318
0.4432766
0.34687
0.4975212
0.1694391
0.2018381
0.1538602
0.2129903
0.2024947
0.3108162
0.2637601
0.3589173
0.3885647
0.3575531
0.4015504
0.4132551
0.1979081
0.2778965
0.3691287
0.3047347
0.3798647
0.4107183
0.4223062
0.3562351
0.395081
0.3715264
0.4070531
0.4198708
0.2084723
0.2855074
0.3721023
0.3106747
0.3923656
0.4159799
0.4285913
0.3647352
0.3280637
0.3699751
0.1746081
0.2309741
0.3805269
0.3226478
0.1723287
0.2447644
0.1830671
0.2478208
0.3926897
0.3601873
0.2309006
0.2584456
0.2283783
0.3012328
0.3923204
0.4843082
0.6405445
0.6155045
0.3143998
0.2839436
0.394383
0.6363971
0.6529053
0.4792686
0.3074525
0.3208968
0.4537508
0.6595687
0.4919709
0.6383645
0.3344234
0.299474
0.3653602
0.4358767
0.409988
0.432983
0.4481576
0.4472482
0.4185115
0.4097365
0.4827008
0.4951958
0.387736
0.2438523
0.4122927
0.2509281
0.5062773
0.425499
0.2721882
0.4763233
0.3755774
0.223586
0.4713785
0.4785684
0.4096089
0.279091
0.4302335
0.2808368
0.4898551
0.4415535
0.297637
0.4592046
0.3955077
0.2542671
0.4547706
0.4579586
0.419258
0.4208128
0.1515775
0.1643735
0.2342688
0.1133505
0.1140246
0.09402668
0.1782274
0.1209755
0.1361482
0.07144057
0.1200662
0.1856422
0.117702
0.07144054
0.1200661
0.1856421
0.117702
0.06503548
0.2075854
0.1368415
0.1368415
0.1164007
0.1723191
0.1597876
0.1254296
0.1893492
0.3828192
0.2798158
0.3592956
0.2129442
0.2457029
0.4139894
0.4455178
0.1878733
0.2490232
0.4434515
0.4101196
0.3406415
0.3058945
0.421762
0.3475227
0.4631161
0.2756655
0.3782331
0.5070553
0.554402
0.5274879
0.5122144
0.5494989
0.2959655
0.3621335
0.5555246
0.5169126
0.3773124
0.278844
0.4695705
0.3188875
0.2804155
0.4486397
0.4695718
0.3188875
0.2804193
0.4486788
0.3603355
0.5488973
0.5382609
0.5383292
0.3578641
0.2922176
0.4268413
0.4455161
0.4408033
0.6657112
0.4706426
0.6498421
0.5397723
0.4205997
0.4839195
0.5565575
0.525281
0.554292
0.3161405
0.4573435
0.2560077
0.3143008
0.4373348
0.2787263
0.4338611
0.6746851
0.5079647
0.6575433
0.5188933
0.4506654
0.5790654
0.4716932
0.5399627
0.5414278
0.3324836
0.4503705
0.2687756
0.2004295
0.2747798
0.1571796
0.3480565
0.3234436
0.1932853
0.2228683
0.5689828
0.2882587
0.3411779
0.419049
0.3393115
0.3826281
0.4640074
0.463116
0.5614576
0.2745455
0.3684391
0.4413033
0.3317674
0.3648093
0.4751532
0.3558055
0.3271346
0.2050447
0.2357558
0.2928768
0.1615226
0.1739472
0.1909113
0.4320536
0.2933449
0.4965716
0.4503567
0.3468192
0.5686865
0.3889991
0.351033
0.4708137
0.2651112
0.4124997
0.2173134
0.1444118
0.2792437
0.1815201
0.3887613
0.211993
0.4306812
0.3883651
0.5276243
0.4141614
0.4406789
0.6050781
0.5185296
0.3394091
0.2892752
0.1971776
0.2311974
0.4526132
0.389045
0.4340065
0.4203344
0.3143311
0.3624821
0.2014652
0.4227066
0.3559554
0.2956528
0.5166084
0.3004401
0.4921818
0.4346971
0.4660408
0.3987426
0.2411639
0.35896
0.3056845
0.3929761
0.409618
0.4302335
0.279091
0.2808368
0.4713711
0.4785531
0.4415471
0.2976316
0.3955016
0.2542622
0.4898355
0.459177
0.4717558
0.348967
0.2792334
0.348967
0.4045625
0.2872374
0.3799937
0.2414522
0.473085
0.4286746
0.4286641
0.3799902
0.2414494
0.4045448
0.2872196
0.1164007
0.1723191
0.1254296
0.1597876
0.3432467
0.4503544
0.4733954
0.2706563
0.3704965
0.432771
0.2906044
0.3634548
0.4476078
0.3516228
0.3818633
0.2670911
0.3578675
0.4269105
0.292214
0.4455144
0.2992604
0.294339
0.4262151
0.317516
0.2856012
0.4466888
0.4060615
0.520021
0.6604867
0.666903
0.5592018
0.4186093
0.3603488
0.4083091
0.5082006
0.5414054
0.4338437
0.3943252
0.4226526
0.5495221
0.3468648
0.4974935
0.4432768
0.4506791
0.5791336
0.4717219
0.5400568
0.5413484
0.3142998
0.4373342
0.2787268
0.4338665
0.6746876
0.5079702
0.6575512
0.518903
0.3325043
0.4504048
0.2686511
0.4846815
0.587694
0.4424605
0.5622453
0.3290376
0.3243758
0.3863414
0.3193306
0.3149313
0.376568
0.5593904
0.4347438
0.2479401
0.4792555
0.4796274
0.2931182
0.3536717
0.561476
0.3682994
0.4411969
0.2745574
0.4751404
0.3317762
0.3648028
0.4954829
0.4954657
0.668003
0.6237598
0.6504273
0.5973282
0.4492696
0.4205595
0.4718163
0.2650343
0.4164878
0.5640476
0.3266968
0.4708031
0.3510265
0.4125368
0.2651194
0.4380779
0.438087
0.4664957
0.4293584
0.3434651
0.2413802
0.3804656
0.3184762
0.3694998
0.6384441
0.5106202
0.5869778
0.4317378
0.2073328
0.2725082
0.3943826
0.6363924
0.6528885
0.4792664
0.4537525
0.6595552
0.6383045
0.4919706
0.3074519
0.3208895
0.334419
0.2994573
0.4526192
0.4340648
0.3890376
0.4406835
0.6050347
0.518538
0.3394146
0.2312634
0.2892654
0.1971683
0.4579503
0.4547694
0.4207969
0.4192432
0.1694385
0.2018366
0.1538616
0.2129905
0.1934332
0.1779769
0.2656942
0.341443
0.2101084
0.3147766
0.2438367
0.2084739
0.2855079
0.3721034
0.3106765
0.3950801
0.3715255
0.4070523
0.4198713
0.3923598
0.4159807
0.3647365
0.4285924
0.3558018
0.3271372
0.2050492
0.235749
0.1825015
0.2859988
0.1633587
0.2062597
0.3926903
0.3601826
0.1830669
0.2478191
0.230902
0.2584454
0.2173169
0.1444151
0.3223273
0.4565908
0.3223284
0.3411625
0.4664285
0.3035239
0.3785668
0.3785797
0.4199637
0.2948408
0.2535579
0.339715
0.5097014
0.283665
0.3723855
0.4095935
0.3078843
0.4013299
0.2817644
0.5097354
0.2836681
0.3397162
0.3723859
0.3167421
0.3216408
0.3911271
0.3968413
0.4095928
0.3078843
0.4013288
0.2817634
0.4664218
0.3411523
0.3035285
0.4707833
0.3124968
0.312374
0.2836543
0.2535528
0.3216404
0.3167417
0.396833
0.3911259
)
;
        value           nonuniform List<scalar> 
1125
(
38.83972
38.87379
38.89257
38.92257
38.93186
38.85958
38.82686
38.88745
38.84062
38.84828
38.84158
38.88935
38.88254
38.78248
38.82152
38.63705
38.63272
38.5885
38.7036
38.72025
38.74537
38.74722
38.63564
38.66061
38.66667
38.64178
38.93132
38.9588
38.97894
38.99722
38.87743
38.9444
38.87363
38.77456
38.82603
38.82604
38.78951
38.74511
38.84156
38.88251
38.88934
38.84826
38.82145
38.78246
38.63703
38.63277
38.58847
38.47972
38.45663
38.45665
38.42768
38.93144
38.97906
38.95892
38.99734
38.83975
38.87386
38.92264
38.89263
38.93192
38.8596
38.7395
38.79199
38.74597
38.79732
38.68201
38.68728
38.70354
38.74529
38.72013
38.74707
38.40108
38.42125
38.41495
38.43668
38.49315
38.4398
38.44004
38.43978
38.44002
38.50399
38.34963
38.3333
38.35309
38.36918
38.87737
38.94432
38.87351
38.89655
38.94527
38.94526
38.91541
38.8268
38.88737
38.84052
38.68891
38.76472
38.67107
38.63217
38.55392
38.63542
38.66631
38.65999
38.64069
38.31884
38.33066
38.25609
38.25723
38.34955
38.33318
38.35301
38.36913
38.77445
38.82592
38.82591
38.7894
38.74502
38.65946
38.7053
38.65943
38.70525
38.59514
38.59512
38.27013
38.27011
38.42108
38.43653
38.40091
38.4148
38.33061
38.25724
38.31876
38.25611
38.73943
38.74593
38.79192
38.79727
38.68896
38.76474
38.67111
38.68192
38.68721
38.63215
38.55393
38.87232
38.88564
38.85293
38.87567
38.85707
38.82498
38.92098
38.9069
38.81544
38.89564
38.83584
38.86609
38.87028
38.91637
38.92083
38.84373
38.8583
38.90796
38.90284
38.90589
38.89539
38.9013
38.91483
38.89033
38.88814
38.87835
38.90123
38.81795
38.88857
38.8011
38.86675
38.85717
38.78455
38.80739
38.75785
38.84074
38.70964
38.71797
38.71005
38.83608
38.8424
38.82812
38.81427
38.71296
38.73539
38.68728
38.72231
38.79573
38.71368
38.66659
38.67411
38.66821
38.89132
38.90176
38.92022
38.9066
38.92606
38.91672
38.93738
38.91485
38.89177
38.92556
38.8964
38.86398
38.86816
38.89205
38.85231
38.85485
38.90664
38.83578
38.82778
38.88447
38.88884
38.8798
38.91754
38.91811
38.85355
38.87135
38.91257
38.91485
38.82542
38.88332
38.92209
38.86087
38.92194
38.85226
38.85685
38.89391
38.86204
38.81455
38.91208
38.80018
38.86424
38.77226
38.797
38.83271
38.77912
38.86239
38.85624
38.83839
38.86868
38.85375
38.87697
38.85374
38.87696
38.83835
38.86862
38.84538
38.87513
38.86226
38.89152
38.79905
38.85029
38.77807
38.81336
38.7902
38.80475
38.80843
38.81959
38.75082
38.77236
38.71109
38.76421
38.78105
38.75575
38.77759
38.72771
38.75091
38.79735
38.79728
38.73865
38.70666
38.7386
38.70664
38.73531
38.71309
38.77586
38.71597
38.76726
38.7451
38.65687
38.67427
38.62083
38.72074
38.70926
38.71939
38.70103
38.59788
38.59022
38.68464
38.71574
38.66083
38.73639
38.61196
38.59148
38.56916
38.54072
38.58757
38.60987
38.60672
38.48207
38.6765
38.70249
38.7263
38.71072
38.5979
38.61896
38.60445
38.57451
38.46639
38.54391
38.47046
38.42476
38.43405
38.44065
38.38125
38.55988
38.57586
38.56103
38.57436
38.55788
38.53457
38.55559
38.52698
38.92147
38.84323
38.92872
38.92883
38.92733
38.92682
38.96975
38.91479
38.92296
38.95842
38.88927
38.91066
38.82575
38.9391
38.92033
38.90188
38.89141
38.8919
38.91098
38.96482
38.87141
38.89104
38.92813
38.9282
38.89191
38.9111
38.96493
38.94798
38.98509
38.91137
38.97492
38.81505
38.84748
38.87886
38.87272
38.85541
38.94623
38.86095
38.83778
38.75143
38.82607
38.81132
38.85355
38.87139
38.91484
38.91264
38.83581
38.82777
38.88448
38.85236
38.85492
38.9067
38.88887
38.87984
38.91813
38.9176
38.73668
38.72023
38.79606
38.75614
38.75745
38.82097
38.78084
38.77558
38.81642
38.72814
38.81656
38.85709
38.82496
38.92098
38.90688
38.81542
38.83581
38.89564
38.87509
38.84535
38.89146
38.86222
38.72549
38.76712
38.78377
38.73565
38.75545
38.72748
38.77053
38.74522
38.7357
38.70216
38.80376
38.77413
38.68584
38.70629
38.76855
38.75783
38.84072
38.7096
38.71796
38.7101
38.7353
38.71308
38.7759
38.68081
38.64382
38.58817
38.56372
38.61524
38.61109
38.69069
38.54184
38.56798
38.54073
38.58761
38.60987
38.60679
38.4821
38.68462
38.71577
38.66088
38.73635
38.61202
38.56924
38.59144
38.40254
38.48664
38.33643
38.39453
38.38658
38.37836
38.51726
38.54578
38.51278
38.38816
38.55062
38.36147
38.42122
38.39756
38.46403
38.41692
38.46044
38.3787
38.39759
38.41692
38.464
38.46043
38.37869
38.4552
38.44964
38.44963
38.51388
38.4777
38.49137
38.48411
38.49135
38.42829
38.43431
38.47014
38.44662
38.47239
38.41988
38.44773
38.37334
38.37992
38.37745
38.35532
38.33072
38.39652
38.34293
38.38569
38.34373
38.34933
38.37794
38.36496
38.42191
38.36889
38.29861
38.31756
38.36037
38.37336
38.40551
38.40666
38.49743
38.42584
38.42543
38.36866
38.39224
38.35032
38.41726
38.92733
38.92692
38.96975
38.91471
38.95841
38.92289
38.93557
38.97152
38.97152
39.03478
38.92207
38.96011
39.02157
38.96094
38.92199
38.9601
39.02156
38.96088
38.92309
39.01064
38.95223
38.95218
38.89411
38.93144
38.93565
38.94751
38.89414
38.92914
38.94068
38.90851
38.91683
38.93749
38.90669
38.92613
38.92564
38.91489
38.89636
38.89173
38.94807
38.98516
38.91133
38.97487
38.95348
38.96504
38.8753
38.90023
38.95303
38.88977
38.92855
38.85712
38.83906
38.85737
38.82312
38.84469
38.84386
38.8322
38.82188
38.80514
38.87235
38.88565
38.85286
38.87567
38.82536
38.88336
38.92212
38.85226
38.86082
38.92189
38.73349
38.77227
38.82925
38.79245
38.84315
38.75544
38.71323
38.77987
38.82913
38.74491
38.75442
38.81382
38.75196
38.76888
38.72963
38.75757
38.86611
38.91637
38.87028
38.92082
38.90587
38.89539
38.90128
38.91479
38.84366
38.8583
38.90795
38.90276
38.89022
38.88813
38.90119
38.87827
38.76824
38.7601
38.76857
38.7774
38.71442
38.73221
38.78244
38.77697
38.7497
38.75315
38.76158
38.74341
38.83605
38.84233
38.71293
38.73527
38.82806
38.81409
38.68698
38.7222
38.54364
38.56762
38.67121
38.65509
38.5308
38.55459
38.59785
38.61883
38.6762
38.70231
38.72608
38.71026
38.6043
38.57414
38.53373
38.56094
38.56989
38.55123
38.42245
38.43935
38.51937
38.54947
38.53435
38.53632
38.42245
38.3932
38.55982
38.57574
38.56098
38.57425
38.55772
38.55544
38.53423
38.52674
38.47766
38.49128
38.48408
38.42827
38.49128
38.43425
38.47002
38.4723
38.4198
38.44641
38.44758
38.37321
38.37788
38.39323
38.40089
38.33228
38.41472
38.35854
38.3697
38.39298
38.34212
38.33825
38.35221
38.28165
38.39464
38.41584
38.37092
38.38246
38.40549
38.4066
38.49743
38.42582
38.42541
38.36858
38.39217
38.41723
38.35019
38.38903
38.43054
38.48321
38.4064
38.38895
38.43051
38.48321
38.40635
38.32837
38.46163
38.39178
38.39174
38.28865
38.33943
38.35532
38.28089
38.88919
38.91058
38.82563
38.93896
38.89403
38.93558
38.93131
38.9474
38.89413
38.92908
38.94058
38.90849
38.8681
38.86391
38.89192
38.85528
38.94609
38.86082
38.81492
38.84735
38.87872
38.87258
38.95334
38.96491
38.87518
38.90013
38.95294
38.92853
38.88968
38.8571
38.87925
38.84716
38.81321
38.7919
38.87924
38.84716
38.81321
38.79208
38.74581
38.8085
38.81604
38.81617
38.78978
38.7746
38.81026
38.71373
38.85678
38.89383
38.86194
38.91198
38.81448
38.79688
38.8326
38.86226
38.85612
38.77903
38.80009
38.86415
38.7722
38.71592
38.77801
38.71668
38.73429
38.76835
38.7288
38.77714
38.68878
38.70183
38.7617
38.72251
38.74917
38.67279
38.66845
38.73824
38.65151
38.81789
38.88849
38.80104
38.86666
38.85712
38.78451
38.80731
38.85022
38.79899
38.77803
38.81332
38.79019
38.8084
38.80476
38.8196
38.71441
38.67255
38.64614
38.69708
38.65095
38.65969
38.66765
38.72721
38.72406
38.64411
38.65016
38.7956
38.71372
38.66635
38.67419
38.66711
38.71618
38.76756
38.74536
38.6581
38.68171
38.62295
38.56194
38.57873
38.41927
38.43548
38.51088
38.4225
38.54358
38.46937
38.5782
38.46511
38.4243
38.43977
38.38099
38.43437
38.46886
38.47935
38.43939
38.4056
38.36164
38.28012
38.27536
38.25889
38.26403
38.25544
38.39629
38.34263
38.38553
38.34354
38.34922
38.36482
38.37775
38.42177
38.36876
38.37945
38.37713
38.3305
38.35504
38.31737
38.37324
38.29838
38.36021
38.40077
38.41462
38.33216
38.35845
38.37773
38.3931
38.3929
38.34205
38.35218
38.28162
38.3696
38.33819
38.26839
38.28946
38.30347
38.28945
38.28466
38.23054
38.28369
38.2384
38.25158
38.25485
38.25487
38.28368
38.23839
38.28461
38.23056
38.28865
38.33935
38.28087
38.35527
38.82595
38.83765
38.75133
38.8112
38.83895
38.85727
38.82301
38.8446
38.84379
38.82187
38.83212
38.80515
38.7898
38.81045
38.77463
38.71385
38.75604
38.75734
38.82087
38.73659
38.72017
38.79598
38.78076
38.77548
38.81647
38.81633
38.72807
38.73342
38.77216
38.79236
38.82915
38.84307
38.75539
38.71326
38.77981
38.82907
38.75443
38.81383
38.74488
38.70184
38.76184
38.72261
38.74916
38.67278
38.71594
38.77804
38.71682
38.73436
38.76841
38.72893
38.77729
38.68885
38.66857
38.73839
38.65149
38.76416
38.781
38.75569
38.77754
38.75083
38.77237
38.71111
38.72767
38.75087
38.72544
38.7837
38.76705
38.73559
38.75539
38.77047
38.72743
38.74516
38.71453
38.64612
38.69704
38.67258
38.66762
38.65098
38.6597
38.68274
38.68272
38.7209
38.70941
38.71955
38.70117
38.60176
38.59074
38.68077
38.64377
38.56367
38.61513
38.58813
38.5787
38.56194
38.43544
38.41927
38.44185
38.44183
38.39406
38.38622
38.37808
38.40218
38.48639
38.33621
38.51712
38.54559
38.51252
38.55044
38.38792
38.36121
38.42104
38.53361
38.56078
38.56976
38.55112
38.51932
38.54936
38.53625
38.53427
38.42228
38.4392
38.42231
38.39309
38.25889
38.25542
38.26405
38.46884
38.4793
38.43942
38.4056
38.27532
38.36155
38.28014
38.41571
38.39451
38.38238
38.37082
38.75189
38.76884
38.72968
38.75753
38.73563
38.7021
38.80369
38.77406
38.68578
38.76848
38.70623
38.71446
38.73217
38.7824
38.77699
38.76817
38.76004
38.76853
38.77734
38.74968
38.75311
38.74342
38.76153
38.7272
38.72408
38.64415
38.65017
38.61103
38.6906
38.54172
38.56791
38.67115
38.65506
38.54352
38.56753
38.53077
38.55451
38.51086
38.4225
38.84423
38.89053
38.84422
38.76203
38.79859
38.75187
38.65677
38.65674
38.67338
38.44802
38.42845
38.54114
38.55105
38.45837
38.54516
38.48335
38.42855
38.47651
38.40637
38.55112
38.45839
38.54111
38.54513
38.33619
38.3286
38.38295
38.40446
38.48298
38.42755
38.47624
38.40603
38.79849
38.76197
38.75181
38.68692
38.65839
38.65836
38.45048
38.42834
38.32836
38.33594
38.40428
38.38276
)
;
        Tnbr            T;
        thicknessLayers 0();
        kappaLayers     0();
        kappaMethod     solidThermo;
        kappa           none;
        alphaAni        Anialpha;
    }
}


// ************************************************************************* //
